59
Orycteropus_afer 0.000000 0.940394 0.934663 0.934663 0.929619 0.947960 0.928244 0.938628 0.944979 0.943077 0.930307 0.930995 0.937873 0.924805 0.931761 0.935580 0.922390 0.927327 0.934434 0.930307 0.938560 0.929161 0.943145 0.931912 0.933058 0.937557 0.934434 0.942228 0.932829 0.925034 0.936497 0.934663 0.939263 0.938785 0.942591 0.930971 0.932005 0.930307 0.937713 0.927556 0.947787 0.933517 0.923200 0.927434 0.928702 0.920908 0.937185 0.933288 0.933058 0.939019 0.930307 0.944979 0.936999 0.928620 0.933288 0.945679 0.943145 0.931912 0.945209
Loxodonta_africana 0.939248 0.000000 0.945747 0.946667 0.946667 0.953563 0.940920 0.949684 0.949655 0.951886 0.945287 0.946126 0.949655 0.935862 0.940921 0.946207 0.943452 0.947586 0.947816 0.943678 0.949966 0.943934 0.952644 0.941149 0.945517 0.946020 0.946437 0.952184 0.951264 0.943448 0.947586 0.947429 0.949955 0.953919 0.954391 0.944914 0.946200 0.945977 0.951125 0.941149 0.955505 0.941149 0.945600 0.944950 0.942529 0.938391 0.946207 0.946207 0.942759 0.946207 0.941149 0.952644 0.948454 0.944760 0.949885 0.951964 0.955402 0.941609 0.949885
Lama_pacos 0.934205 0.944368 0.000000 0.929099 0.930254 0.945958 0.923557 0.946751 0.945266 0.944884 0.928637 0.928244 0.940946 0.932794 0.938173 0.933533 0.923306 0.928358 0.929099 0.927714 0.933440 0.919577 0.943727 0.879215 0.926328 0.926578 0.933718 0.943153 0.930313 0.929425 0.933579 0.937787 0.934713 0.946465 0.943499 0.936229 0.937271 0.930716 0.933394 0.922171 0.943700 0.932826 0.926857 0.928799 0.918014 0.930947 0.933149 0.940416 0.934873 0.922633 0.931409 0.944573 0.942268 0.924301 0.936952 0.946352 0.944573 0.927847 0.941149
Equus_asinus 0.933746 0.948046 0.928406 0.000000 0.920675 0.949352 0.919056 0.941336 0.938785 0.945787 0.924873 0.917698 0.936101 0.931114 0.940005 0.935841 0.926282 0.922598 0.923451 0.921369 0.939408 0.889706 0.947417 0.923219 0.669519 0.931610 0.936633 0.941312 0.927093 0.911724 0.934502 0.932736 0.939263 0.945787 0.947810 0.930514 0.931777 0.930389 0.935213 0.914741 0.947333 0.932595 0.930286 0.931529 0.919519 0.932007 0.935454 0.944265 0.938483 0.922757 0.920907 0.942414 0.935853 0.923846 0.930389 0.950168 0.941258 0.886584 0.938611
Odobenus_rosmarus_rosmarus 0.929390 0.945057 0.930485 0.920907 0.000000 0.949270 0.926106 0.944269 0.941095 0.944658 0.914008 0.919303 0.940715 0.932039 0.939547 0.935610 0.931090 0.928818 0.934677 0.887731 0.939637 0.928079 0.946956 0.927281 0.919000 0.931839 0.937920 0.939701 0.932613 0.924138 0.935424 0.932736 0.942675 0.948498 0.945541 0.930514 0.932692 0.936849 0.938395 0.923752 0.945744 0.913897 0.928686 0.933348 0.923611 0.935140 0.939142 0.943479 0.936530 0.933287 0.873409 0.950660 0.941352 0.929302 0.935140 0.945455 0.944406 0.926003 0.947611
Tachyglossus_aculeatus 0.947730 0.954943 0.947806 0.945883 0.948575 0.000000 0.945738 0.946525 0.951259 0.944884 0.946371 0.946813 0.945790 0.947989 0.946416 0.944150 0.945971 0.950242 0.946097 0.948148 0.946982 0.942325 0.954105 0.945577 0.949317 0.950366 0.944574 0.951438 0.947332 0.942759 0.949954 0.944904 0.946770 0.944658 0.941230 0.945829 0.946200 0.945871 0.949534 0.946627 0.885812 0.949215 0.943086 0.944268 0.948843 0.945915 0.945828 0.950419 0.941546 0.944212 0.948392 0.950523 0.952348 0.945215 0.947368 0.949719 0.952370 0.946750 0.950842
Bos_taurus 0.925034 0.939770 0.922402 0.910731 0.922400 0.942711 0.000000 0.937951 0.940864 0.942173 0.921868 0.922054 0.938408 0.932039 0.930845 0.927994 0.922848 0.919834 0.911013 0.910648 0.930457 0.911765 0.943035 0.911533 0.914834 0.931839 0.932663 0.939471 0.924103 0.908966 0.931042 0.929523 0.929026 0.941721 0.939415 0.930743 0.930861 0.929678 0.931575 0.905268 0.940749 0.926362 0.920000 0.922657 0.848611 0.926416 0.925081 0.936918 0.926687 0.914226 0.924786 0.941928 0.937228 0.915208 0.928571 0.940067 0.939359 0.916551 0.940919
Trichosurus_vulpecula 0.940208 0.949684 0.945397 0.942238 0.945171 0.943366 0.940659 0.000000 0.946751 0.895307 0.940433 0.938403 0.945623 0.941336 0.943592 0.938177 0.937726 0.938628 0.946525 0.940884 0.943141 0.935695 0.951715 0.943141 0.945397 0.943141 0.935695 0.948556 0.946074 0.932310 0.945848 0.942013 0.942690 0.913809 0.902076 0.941110 0.943592 0.936597 0.944720 0.943366 0.942238 0.945623 0.938628 0.941110 0.943818 0.941336 0.936597 0.951715 0.944495 0.944946 0.938854 0.951264 0.949007 0.938177 0.938403 0.954433 0.951489 0.942013 0.947879
Hylobates_lar 0.945209 0.949195 0.946420 0.938323 0.943174 0.951952 0.941788 0.948330 0.000000 0.948498 0.943636 0.940853 0.944406 0.944329 0.946187 0.939534 0.938416 0.944252 0.940633 0.942019 0.944916 0.937730 0.921587 0.940633 0.935089 0.942589 0.947101 0.884005 0.941812 0.937241 0.944880 0.943067 0.949045 0.950079 0.951668 0.941714 0.943681 0.941095 0.940441 0.940402 0.952554 0.947368 0.939657 0.944495 0.938554 0.942943 0.940295 0.951028 0.950104 0.941326 0.941557 0.899746 0.945934 0.942487 0.942250 0.951066 0.886348 0.933840 0.941380
Macropus_robustus 0.943980 0.951886 0.943528 0.945110 0.944206 0.944432 0.942399 0.893727 0.946691 0.000000 0.944432 0.940592 0.941721 0.943980 0.944206 0.940818 0.940818 0.940592 0.946013 0.938107 0.939462 0.942399 0.951208 0.940366 0.944884 0.947368 0.938333 0.948272 0.943980 0.938785 0.946239 0.943077 0.942173 0.909871 0.897673 0.941947 0.943302 0.933138 0.946013 0.941947 0.940818 0.944884 0.934719 0.938559 0.943528 0.939462 0.941495 0.952112 0.942625 0.946691 0.941269 0.951660 0.947143 0.940818 0.940592 0.954658 0.949627 0.940592 0.949627
Canis_familiaris 0.930307 0.945747 0.929099 0.922561 0.916089 0.947758 0.925566 0.942238 0.943636 0.944432 0.000000 0.911509 0.935409 0.934582 0.939547 0.933995 0.925137 0.922598 0.927184 0.906149 0.937342 0.924403 0.947417 0.929958 0.918632 0.935041 0.934813 0.942693 0.929393 0.920460 0.935655 0.933196 0.941083 0.944432 0.944634 0.932114 0.933379 0.932039 0.934985 0.923059 0.942111 0.918975 0.928457 0.934486 0.922330 0.940592 0.933840 0.943135 0.938742 0.929496 0.915395 0.945908 0.939290 0.918845 0.938280 0.949495 0.948220 0.919087 0.946919
Felis_catus 0.928932 0.946584 0.928015 0.917469 0.919991 0.945209 0.922283 0.937951 0.940394 0.941495 0.909674 0.000000 0.933288 0.931683 0.933593 0.927098 0.924222 0.921137 0.932829 0.900504 0.934663 0.918615 0.945209 0.925493 0.912426 0.934126 0.931912 0.937414 0.927785 0.918615 0.929390 0.926868 0.936533 0.944658 0.943953 0.929600 0.930632 0.928244 0.931803 0.920908 0.939614 0.918157 0.930514 0.929254 0.922742 0.933975 0.938331 0.942228 0.934663 0.927327 0.916781 0.943604 0.936541 0.918618 0.931224 0.947250 0.941311 0.920220 0.939936
Cavia_porcellus 0.938790 0.948046 0.939100 0.936101 0.939792 0.944867 0.939100 0.942690 0.942099 0.941044 0.935409 0.933058 0.000000 0.935409 0.942752 0.934487 0.934753 0.936190 0.940023 0.937024 0.932293 0.935202 0.948339 0.937716 0.936563 0.943275 0.936794 0.943843 0.935143 0.937471 0.942804 0.937098 0.948817 0.943528 0.942137 0.931657 0.933379 0.937947 0.940214 0.937255 0.946879 0.940484 0.931657 0.939945 0.937024 0.932872 0.936837 0.946251 0.944175 0.940254 0.942561 0.951557 0.944330 0.935667 0.935871 0.947924 0.945559 0.936146 0.949250
Dugong_dugon 0.924347 0.935172 0.931409 0.928571 0.929958 0.946602 0.931345 0.937951 0.939247 0.942851 0.934119 0.930766 0.934256 0.000000 0.942752 0.933764 0.928114 0.928358 0.937356 0.927184 0.938031 0.925551 0.945803 0.929958 0.928803 0.936871 0.936431 0.943153 0.934223 0.923678 0.934502 0.936180 0.942448 0.942851 0.943272 0.929371 0.929258 0.932732 0.935213 0.923752 0.946425 0.931440 0.921371 0.930846 0.925798 0.922792 0.935685 0.939667 0.937124 0.930883 0.928340 0.941748 0.933792 0.930439 0.930421 0.945455 0.940129 0.931305 0.945996
Echinosorex_gymnura 0.934280 0.943439 0.940692 0.941836 0.940921 0.949622 0.938402 0.942013 0.948019 0.945335 0.942981 0.939318 0.943668 0.946645 0.000000 0.938173 0.928571 0.940463 0.943897 0.942065 0.937486 0.936570 0.948477 0.945042 0.942294 0.940531 0.938631 0.945729 0.943897 0.937257 0.939547 0.940921 0.945405 0.942173 0.937599 0.943543 0.945971 0.939089 0.940896 0.937715 0.942792 0.946645 0.940800 0.939718 0.937257 0.937028 0.937028 0.942981 0.947790 0.943897 0.940234 0.952141 0.946874 0.928620 0.938402 0.935578 0.948706 0.940463 0.950080
Sciurus_vulgaris 0.934892 0.945057 0.934226 0.932149 0.935149 0.945534 0.931456 0.937049 0.937457 0.940818 0.932149 0.926639 0.934948 0.932841 0.935654 0.000000 0.923535 0.930200 0.933764 0.929841 0.932981 0.926700 0.946956 0.932841 0.928225 0.930695 0.932149 0.939701 0.932153 0.928736 0.935886 0.930900 0.933348 0.935848 0.935557 0.930514 0.931548 0.924763 0.937713 0.928687 0.941884 0.936995 0.924114 0.934258 0.934456 0.933533 0.935685 0.942534 0.936534 0.935149 0.935380 0.943457 0.940893 0.925438 0.935380 0.940067 0.942072 0.934993 0.941380
Lepus_europaeus 0.924222 0.942766 0.925595 0.926969 0.932463 0.947802 0.926969 0.936146 0.939789 0.940592 0.926282 0.924222 0.935668 0.928571 0.930174 0.925137 0.000000 0.926511 0.933837 0.932234 0.932234 0.920788 0.941850 0.932234 0.925366 0.933440 0.930632 0.939560 0.932005 0.925366 0.932463 0.930403 0.940400 0.940140 0.940776 0.921371 0.922619 0.927656 0.914526 0.924222 0.942792 0.935211 0.860571 0.923567 0.924222 0.929029 0.929258 0.938874 0.934524 0.935211 0.936813 0.941850 0.934753 0.924528 0.929258 0.941414 0.939560 0.928114 0.942537
Talpa_europaea 0.924805 0.946897 0.926515 0.914766 0.926745 0.946556 0.918682 0.932762 0.939185 0.939237 0.916379 0.917469 0.931583 0.926284 0.929700 0.927206 0.921703 0.000000 0.924441 0.917991 0.930457 0.919118 0.940567 0.921907 0.916148 0.934126 0.922829 0.938550 0.922493 0.908506 0.932734 0.929752 0.933803 0.943754 0.937372 0.924343 0.925366 0.926515 0.936122 0.916609 0.940976 0.925132 0.923657 0.928116 0.916609 0.926284 0.927436 0.941719 0.929509 0.930661 0.925363 0.940567 0.937228 0.909298 0.926975 0.945006 0.938033 0.913384 0.939645
Balaenoptera_physalus 0.935580 0.948046 0.929792 0.921369 0.935603 0.947258 0.914963 0.945623 0.941095 0.949176 0.926722 0.933975 0.941638 0.938974 0.945500 0.933995 0.932005 0.930661 0.000000 0.931019 0.939637 0.918888 0.942343 0.913386 0.925249 0.939387 0.939359 0.937860 0.929163 0.929655 0.934502 0.934343 0.943130 0.945787 0.947130 0.933029 0.934066 0.932686 0.934758 0.914972 0.945289 0.937211 0.932114 0.932439 0.914815 0.934772 0.934301 0.946561 0.939591 0.876162 0.933349 0.944251 0.937915 0.928620 0.938197 0.943883 0.942147 0.919318 0.941380
Halichoerus_grypus 0.928473 0.943218 0.925866 0.916281 0.883333 0.947222 0.914120 0.938854 0.941788 0.938333 0.905224 0.900046 0.935179 0.927184 0.937715 0.930995 0.929945 0.920756 0.927778 0.000000 0.935047 0.912684 0.944880 0.921065 0.914603 0.934584 0.936111 0.940391 0.929163 0.917701 0.932657 0.929752 0.936761 0.943980 0.946449 0.930286 0.932234 0.933380 0.935440 0.917745 0.942565 0.899354 0.931886 0.928116 0.914815 0.929861 0.930613 0.943750 0.931713 0.927546 0.884286 0.943981 0.938144 0.924074 0.932407 0.945679 0.943287 0.918396 0.944842
Thryonomys_swinderianus 0.936497 0.947900 0.933211 0.936424 0.937342 0.946523 0.932063 0.940659 0.943310 0.941044 0.936883 0.933058 0.930686 0.937801 0.933364 0.933899 0.931090 0.933670 0.938719 0.935047 0.000000 0.936195 0.949966 0.935047 0.937113 0.938472 0.928621 0.941703 0.936424 0.932752 0.937342 0.932293 0.939490 0.937655 0.938734 0.939200 0.939789 0.931145 0.936349 0.932522 0.944608 0.937572 0.928914 0.936078 0.927473 0.928391 0.935965 0.943539 0.941014 0.939408 0.937801 0.947900 0.939748 0.935213 0.932293 0.942536 0.947441 0.934588 0.943080
Rhinoceros_unicornis 0.928702 0.946461 0.921186 0.889017 0.927619 0.947381 0.914982 0.934341 0.935892 0.944432 0.923943 0.918845 0.936351 0.926471 0.939318 0.927390 0.921703 0.925322 0.918888 0.915441 0.937801 0.000000 0.939568 0.922105 0.889246 0.934584 0.936121 0.938189 0.927619 0.914292 0.933134 0.925161 0.940173 0.941721 0.941457 0.920000 0.921703 0.930147 0.931803 0.915211 0.946652 0.929458 0.930971 0.930619 0.916820 0.931985 0.934283 0.943704 0.934743 0.922105 0.924403 0.937270 0.932188 0.921118 0.934283 0.942088 0.936581 0.812270 0.937960
Papio_hamadryas 0.944062 0.950115 0.943035 0.947878 0.946264 0.953875 0.948109 0.950135 0.919972 0.954597 0.946725 0.946126 0.948570 0.946033 0.948706 0.947417 0.939789 0.944944 0.941421 0.946494 0.948818 0.935892 0.000000 0.941421 0.942113 0.945105 0.947878 0.923820 0.948022 0.941609 0.950185 0.946511 0.943585 0.951660 0.950079 0.944457 0.947115 0.940729 0.945442 0.939576 0.953008 0.946956 0.939886 0.943130 0.944419 0.941421 0.944214 0.952491 0.946264 0.938653 0.944419 0.920664 0.945246 0.946806 0.946956 0.949719 0.925738 0.941448 0.940729
Hippopotamus_amphibius 0.931453 0.943448 0.880139 0.922063 0.931681 0.948587 0.915702 0.944495 0.943867 0.943077 0.929727 0.926181 0.940254 0.933426 0.945500 0.935380 0.932234 0.929509 0.916860 0.923148 0.939408 0.923943 0.942574 0.000000 0.918075 0.932068 0.938629 0.942693 0.935603 0.926207 0.936347 0.937098 0.935851 0.946239 0.948491 0.933029 0.934295 0.932223 0.937258 0.919362 0.947333 0.930748 0.933486 0.934941 0.917130 0.933766 0.935915 0.946040 0.931218 0.920797 0.925017 0.946040 0.938832 0.930893 0.940250 0.945230 0.945577 0.918165 0.945073
Equus_caballus 0.929849 0.944828 0.925635 0.667900 0.918537 0.948623 0.914834 0.941561 0.933241 0.943528 0.918169 0.909445 0.937255 0.928340 0.937028 0.927071 0.921932 0.914997 0.922935 0.915992 0.938260 0.888097 0.940959 0.913215 0.000000 0.927722 0.934506 0.934637 0.927783 0.908046 0.930812 0.931589 0.935396 0.943528 0.947583 0.924343 0.926053 0.926903 0.927711 0.911044 0.945516 0.928901 0.926857 0.930391 0.917380 0.927795 0.930383 0.942606 0.930340 0.923166 0.919000 0.938903 0.932875 0.919982 0.934506 0.945230 0.937283 0.876671 0.936995
Cephalopachus_bancanus 0.936414 0.944648 0.930467 0.928865 0.932525 0.949680 0.933898 0.944720 0.942589 0.946013 0.932068 0.934126 0.941446 0.935727 0.938930 0.930924 0.932754 0.937328 0.937557 0.934584 0.940759 0.934584 0.947393 0.932296 0.932525 0.000000 0.934584 0.942360 0.933211 0.935041 0.940302 0.936642 0.941310 0.944884 0.941911 0.936000 0.938015 0.931382 0.937486 0.930695 0.948695 0.932754 0.931200 0.931074 0.930695 0.938243 0.935270 0.945791 0.941446 0.939616 0.930238 0.943733 0.940302 0.933394 0.939844 0.949719 0.945791 0.936871 0.941217
Mouse 0.930536 0.945287 0.931640 0.932007 0.935372 0.944108 0.935703 0.935244 0.944791 0.938333 0.931345 0.929849 0.937255 0.935969 0.933593 0.930072 0.928342 0.923981 0.937732 0.935185 0.929768 0.933134 0.945572 0.934692 0.934737 0.934584 0.000000 0.944074 0.934453 0.932184 0.934963 0.932277 0.937671 0.936978 0.934196 0.930057 0.930861 0.875781 0.936122 0.930915 0.943246 0.941367 0.929829 0.932439 0.930556 0.930826 0.930383 0.940177 0.930423 0.936774 0.933117 0.947735 0.939061 0.924074 0.908263 0.945903 0.944470 0.932227 0.946227
Homo_sapiens 0.944292 0.952644 0.944074 0.941312 0.940391 0.952359 0.943843 0.948105 0.884005 0.949401 0.941772 0.939936 0.943383 0.946605 0.946416 0.941312 0.940934 0.944074 0.939471 0.942693 0.944228 0.938649 0.925662 0.940161 0.938780 0.941674 0.947526 0.000000 0.939512 0.934483 0.943843 0.937557 0.945177 0.950757 0.950079 0.940343 0.941850 0.941082 0.938168 0.939010 0.949830 0.947296 0.939886 0.944950 0.941082 0.942693 0.942463 0.950058 0.952589 0.942002 0.943843 0.874338 0.943413 0.939986 0.943153 0.948148 0.788262 0.937399 0.936479
Artibeus_jamaicensis 0.932600 0.948965 0.931233 0.924793 0.931233 0.949402 0.926173 0.942690 0.942272 0.946917 0.929163 0.927556 0.937442 0.934913 0.936799 0.931693 0.928342 0.925253 0.927093 0.932153 0.936654 0.925322 0.946642 0.933533 0.926173 0.927951 0.936753 0.938362 0.000000 0.922759 0.935833 0.918962 0.941083 0.941495 0.936011 0.932114 0.933837 0.933303 0.934531 0.921343 0.941430 0.940432 0.928457 0.932666 0.915823 0.938592 0.937442 0.946412 0.936983 0.928243 0.931693 0.941352 0.943184 0.923619 0.936293 0.943210 0.942042 0.926863 0.937213
Pteropus_scapulatus 0.928244 0.943218 0.929655 0.911494 0.922299 0.945287 0.914253 0.934567 0.938161 0.940140 0.921379 0.921366 0.939310 0.927816 0.938173 0.928966 0.928114 0.915632 0.929655 0.918391 0.934818 0.914063 0.943908 0.922759 0.910575 0.935041 0.934943 0.933793 0.924828 0.000000 0.934023 0.925620 0.934486 0.943302 0.938053 0.926857 0.928571 0.926897 0.931803 0.916782 0.942792 0.932414 0.926857 0.932211 0.912874 0.925287 0.931954 0.945747 0.932184 0.928506 0.921839 0.941609 0.937686 0.919982 0.928046 0.945679 0.937471 0.911264 0.942989
Manis_tetradactyla 0.937185 0.946897 0.933579 0.932426 0.934963 0.949954 0.932887 0.948105 0.945111 0.947143 0.938192 0.929849 0.944880 0.934502 0.940005 0.935424 0.931090 0.933195 0.934732 0.934963 0.937342 0.929688 0.950415 0.935655 0.932657 0.940988 0.937269 0.943613 0.934683 0.935172 0.000000 0.935262 0.945860 0.944432 0.948718 0.935314 0.936355 0.937731 0.942487 0.934041 0.945744 0.940037 0.926857 0.938126 0.931504 0.937500 0.937529 0.940037 0.939806 0.936116 0.943958 0.947186 0.947766 0.935667 0.939576 0.944781 0.946494 0.934763 0.944188
Chalinolobus_tuberculatus 0.937873 0.947199 0.939394 0.936180 0.935491 0.948118 0.934114 0.944269 0.943756 0.946239 0.936410 0.930995 0.941001 0.940542 0.941150 0.934573 0.932005 0.933884 0.934114 0.934573 0.937113 0.926309 0.948806 0.936180 0.935491 0.938930 0.936639 0.940083 0.924931 0.927227 0.937557 0.000000 0.946997 0.941495 0.941003 0.929600 0.931090 0.935491 0.940668 0.931818 0.945516 0.938246 0.929371 0.941538 0.929752 0.937328 0.936410 0.944444 0.943985 0.938705 0.940083 0.947429 0.945475 0.931121 0.933884 0.942088 0.942608 0.924472 0.948577
Dasypus_novemcinctus 0.937898 0.948817 0.936306 0.936306 0.941538 0.948362 0.934031 0.942915 0.948817 0.944884 0.940855 0.936988 0.949955 0.944495 0.944040 0.936761 0.941083 0.941083 0.944040 0.941083 0.943813 0.935168 0.943358 0.931984 0.939945 0.943813 0.941993 0.944268 0.943813 0.935623 0.946542 0.946087 0.000000 0.947143 0.943953 0.941310 0.943358 0.937443 0.943169 0.927207 0.950057 0.944268 0.941083 0.937443 0.936533 0.937898 0.940855 0.950864 0.932666 0.942675 0.941993 0.947452 0.945405 0.938395 0.942903 0.946577 0.945405 0.936306 0.946087
Didelphis_virginiana 0.938785 0.951434 0.946239 0.941721 0.947143 0.948272 0.944658 0.912455 0.949401 0.908064 0.943302 0.943528 0.942851 0.942399 0.936526 0.937881 0.937881 0.947368 0.947820 0.943754 0.936978 0.940592 0.952112 0.945787 0.943302 0.943980 0.937655 0.950531 0.943980 0.942399 0.946013 0.939462 0.945335 0.000000 0.910323 0.943754 0.944884 0.937881 0.948046 0.940818 0.943302 0.948950 0.939011 0.942173 0.945561 0.938785 0.941495 0.949401 0.939462 0.949627 0.947143 0.954823 0.948724 0.939237 0.939462 0.941863 0.951886 0.942399 0.950531
Isoodon_macrourus 0.943045 0.954618 0.944180 0.946676 0.945541 0.942591 0.946222 0.902978 0.948264 0.899706 0.942818 0.943045 0.944860 0.942364 0.937372 0.936692 0.936919 0.939868 0.948718 0.946676 0.940549 0.940776 0.951668 0.948945 0.948945 0.940095 0.937372 0.950306 0.940776 0.938961 0.949172 0.938507 0.942364 0.911452 0.000000 0.943499 0.944860 0.934649 0.944407 0.944407 0.938053 0.946222 0.938961 0.942818 0.940322 0.941457 0.943726 0.949172 0.945314 0.949172 0.945768 0.953029 0.951441 0.939188 0.939188 0.948822 0.951895 0.945995 0.946676
AF217811.1_Tupaia_belangeri 0.932571 0.945371 0.935543 0.929143 0.930743 0.946971 0.933029 0.941561 0.940114 0.943528 0.931657 0.928686 0.933257 0.932114 0.940343 0.931657 0.922057 0.929143 0.935086 0.930971 0.940800 0.920686 0.946743 0.930743 0.927543 0.938286 0.931886 0.940114 0.934400 0.926171 0.935314 0.929371 0.940400 0.944432 0.943953 0.000000 0.058743 0.936686 0.929302 0.923429 0.945062 0.936000 0.924571 0.936761 0.926629 0.934171 0.930514 0.944000 0.937600 0.937371 0.939429 0.949486 0.941029 0.925892 0.934857 0.946801 0.942629 0.922514 0.945600
AJ421453.1_Tupaia_belangeri 0.932234 0.946886 0.937042 0.931090 0.931319 0.946658 0.933608 0.943366 0.941850 0.944206 0.932921 0.930174 0.933837 0.930632 0.942766 0.932921 0.922390 0.930403 0.934982 0.932921 0.940247 0.921474 0.948947 0.932921 0.928571 0.939158 0.933150 0.940705 0.935440 0.927198 0.935440 0.929029 0.939945 0.945110 0.945087 0.058057 0.000000 0.937271 0.931575 0.925824 0.945289 0.936813 0.925257 0.935851 0.928571 0.933150 0.931319 0.944139 0.937500 0.938187 0.940476 0.951007 0.939560 0.927711 0.937042 0.948148 0.942308 0.924908 0.946429
Rattus_norvegicus 0.930536 0.947126 0.930023 0.926688 0.936849 0.946796 0.933380 0.937500 0.940171 0.935622 0.930652 0.929390 0.937716 0.936431 0.935883 0.925225 0.924451 0.926515 0.931760 0.936155 0.931604 0.928768 0.941651 0.929678 0.927134 0.928179 0.880176 0.939241 0.934683 0.928506 0.936116 0.935262 0.936078 0.941947 0.937145 0.934171 0.935668 0.000000 0.936804 0.924677 0.945970 0.940212 0.933257 0.934941 0.926209 0.932686 0.934763 0.944483 0.933148 0.934074 0.927134 0.939857 0.938832 0.927029 0.906546 0.947475 0.945640 0.926694 0.945534
Ochotona_collaris 0.936349 0.947943 0.930893 0.931803 0.934985 0.947715 0.934076 0.937049 0.937486 0.943980 0.932030 0.931121 0.937713 0.937940 0.936349 0.937258 0.911798 0.934531 0.933167 0.934985 0.939759 0.928620 0.943396 0.932485 0.927483 0.935440 0.939532 0.934531 0.933394 0.929529 0.940441 0.934758 0.940896 0.945335 0.941911 0.928847 0.930893 0.934531 0.000000 0.923846 0.942111 0.942942 0.921346 0.930893 0.931575 0.935895 0.930666 0.944760 0.940441 0.934531 0.937940 0.939986 0.937713 0.929529 0.929529 0.943434 0.937713 0.924983 0.941578
Sus_scrofa 0.928932 0.943678 0.924711 0.914279 0.924445 0.947089 0.911275 0.947653 0.941557 0.946465 0.923752 0.919074 0.938870 0.925832 0.939318 0.931918 0.923764 0.923059 0.915665 0.921673 0.937572 0.917050 0.941651 0.919131 0.917976 0.928865 0.933688 0.939010 0.924103 0.918391 0.934041 0.932277 0.929026 0.943980 0.948037 0.925714 0.927427 0.925139 0.928620 0.000000 0.944835 0.925439 0.922514 0.928116 0.908965 0.928836 0.926233 0.937153 0.927680 0.922597 0.922828 0.942006 0.934250 0.918391 0.932994 0.942761 0.938540 0.911249 0.940226
Ornithorhynchus_anatinus 0.947560 0.957548 0.946198 0.949376 0.947560 0.889444 0.945516 0.943141 0.953008 0.945335 0.943700 0.943700 0.948241 0.949149 0.943246 0.944154 0.942792 0.944381 0.946879 0.944835 0.948241 0.948014 0.953008 0.948014 0.949603 0.950511 0.948241 0.950511 0.945744 0.943019 0.947560 0.943246 0.949376 0.947368 0.943499 0.946425 0.947787 0.945744 0.945970 0.946879 0.000000 0.949149 0.944381 0.949603 0.948014 0.950057 0.950284 0.951873 0.947787 0.948468 0.950965 0.953916 0.953916 0.942338 0.948014 0.952862 0.952554 0.953462 0.954370
Ursus_maritimus 0.933288 0.942529 0.934672 0.929594 0.914127 0.948753 0.929825 0.943592 0.946445 0.945335 0.918513 0.919991 0.941868 0.935365 0.945729 0.938611 0.936584 0.930431 0.935365 0.902585 0.939408 0.930147 0.946264 0.930286 0.932133 0.935270 0.943213 0.946145 0.940892 0.931724 0.938653 0.934573 0.947907 0.949627 0.947583 0.936457 0.937500 0.938827 0.945215 0.925439 0.948014 0.000000 0.934171 0.936988 0.926824 0.938135 0.939142 0.944367 0.938135 0.934672 0.908356 0.945060 0.943413 0.935213 0.939982 0.949944 0.943906 0.927155 0.944380
Oryctolagus_cuniculus 0.926857 0.947429 0.926400 0.925029 0.928229 0.944914 0.925257 0.937726 0.941029 0.937655 0.930057 0.931429 0.935771 0.922971 0.938743 0.925257 0.860800 0.929829 0.933943 0.930971 0.931886 0.929829 0.942629 0.931886 0.929371 0.931657 0.933029 0.941029 0.930971 0.927771 0.927771 0.929371 0.938126 0.939237 0.938961 0.923657 0.925486 0.930743 0.922482 0.922743 0.945062 0.935543 0.000000 0.929254 0.922743 0.928686 0.929143 0.939886 0.933943 0.934400 0.936229 0.939886 0.941029 0.923164 0.930514 0.935129 0.937829 0.931886 0.943086
Lemur_catta 0.926524 0.944950 0.931529 0.928799 0.932894 0.945860 0.924932 0.938177 0.943130 0.943077 0.932894 0.929254 0.941083 0.931074 0.938126 0.933576 0.921292 0.933576 0.934258 0.930164 0.938581 0.931529 0.944040 0.931074 0.933576 0.929936 0.933348 0.943813 0.933121 0.928799 0.936988 0.939263 0.936988 0.940592 0.943499 0.936988 0.937443 0.936533 0.932257 0.926524 0.947106 0.935623 0.928799 0.000000 0.926979 0.928799 0.927662 0.942903 0.934031 0.931529 0.931756 0.946315 0.938581 0.932257 0.935623 0.947250 0.944040 0.933803 0.940173
Ovis_aries 0.927327 0.941839 0.919630 0.919056 0.924306 0.948611 0.850231 0.942690 0.939016 0.944206 0.923024 0.925951 0.937716 0.926491 0.938631 0.933995 0.925366 0.922368 0.917361 0.918287 0.929080 0.914522 0.944419 0.914352 0.918537 0.929552 0.935417 0.940161 0.917433 0.916092 0.930351 0.928604 0.936078 0.949627 0.943726 0.926857 0.928114 0.927597 0.934076 0.908272 0.946652 0.925439 0.920686 0.926297 0.000000 0.928472 0.932227 0.938426 0.934028 0.922222 0.922009 0.943056 0.938144 0.921118 0.933796 0.942761 0.940509 0.921853 0.944150
Macroscelides_proboscideus 0.921596 0.938161 0.932794 0.934320 0.934909 0.948236 0.932683 0.941561 0.942481 0.944432 0.938974 0.933975 0.936794 0.925798 0.938173 0.936072 0.929487 0.930200 0.937790 0.930556 0.931604 0.933134 0.942343 0.933766 0.931729 0.938015 0.934076 0.942463 0.943652 0.928046 0.936808 0.937557 0.940855 0.941947 0.940549 0.932571 0.933379 0.932686 0.938395 0.926987 0.949376 0.938827 0.928229 0.928344 0.930093 0.000000 0.937759 0.937094 0.935701 0.936165 0.933349 0.945450 0.941123 0.930893 0.934540 0.947250 0.944522 0.934993 0.946688
Nycticebus_coucang 0.935121 0.942989 0.933379 0.930613 0.935685 0.945597 0.927386 0.936597 0.940065 0.941269 0.932227 0.936497 0.934763 0.935224 0.933822 0.931996 0.926740 0.925132 0.935454 0.930613 0.933899 0.928309 0.943753 0.931996 0.930383 0.935270 0.930152 0.940852 0.936753 0.931035 0.936146 0.934343 0.936078 0.943980 0.941684 0.929600 0.930632 0.933379 0.930439 0.924389 0.947787 0.934993 0.923657 0.926524 0.931996 0.932457 0.000000 0.943522 0.936837 0.934532 0.930152 0.944905 0.939519 0.927256 0.934071 0.946801 0.943753 0.931766 0.941448
Echinops_telfairi 0.930766 0.945517 0.939492 0.942414 0.941626 0.949022 0.939944 0.951038 0.949642 0.949853 0.943597 0.942916 0.943022 0.939667 0.939776 0.940919 0.934753 0.943331 0.945864 0.945602 0.941473 0.940257 0.950876 0.943956 0.941217 0.943733 0.941806 0.947756 0.946182 0.941149 0.937500 0.940312 0.949500 0.943077 0.945087 0.941029 0.942079 0.943326 0.944306 0.934843 0.948468 0.940674 0.935086 0.938353 0.935880 0.934308 0.942139 0.000000 0.942272 0.944909 0.943763 0.950755 0.949370 0.938168 0.941574 0.943434 0.947491 0.946289 0.949688
Tamandua_tetradactyla 0.930766 0.940920 0.936490 0.937789 0.934214 0.943177 0.930423 0.945848 0.949873 0.943077 0.938511 0.932370 0.943022 0.936431 0.942523 0.938149 0.933608 0.931813 0.940520 0.936111 0.938719 0.933824 0.946494 0.927976 0.932423 0.936414 0.930423 0.949137 0.937213 0.932414 0.940498 0.942837 0.929254 0.943754 0.943953 0.936914 0.936813 0.932917 0.941578 0.923059 0.944608 0.935134 0.931886 0.930846 0.933796 0.933844 0.939373 0.943901 0.000000 0.938401 0.931035 0.949593 0.942497 0.932257 0.939542 0.946577 0.948885 0.934532 0.946457
Physeter_macrocephalus 0.934663 0.945517 0.922402 0.922063 0.932592 0.944212 0.917248 0.941110 0.941095 0.946917 0.927647 0.925264 0.939792 0.931576 0.940921 0.934226 0.933379 0.934577 0.874535 0.926620 0.938719 0.917279 0.937731 0.916165 0.925480 0.938472 0.938633 0.942002 0.929393 0.927816 0.935194 0.937787 0.940400 0.951208 0.950306 0.937143 0.938416 0.932454 0.935440 0.915896 0.946425 0.932826 0.931886 0.931984 0.921296 0.934772 0.935224 0.945142 0.935844 0.000000 0.926175 0.938444 0.939061 0.933394 0.938168 0.951066 0.940520 0.921392 0.940226
Eumetopias_jubatus 0.929390 0.939540 0.930254 0.919056 0.873640 0.947697 0.926175 0.936823 0.939478 0.940592 0.916089 0.917240 0.939562 0.928803 0.937486 0.934226 0.932463 0.930892 0.930340 0.883592 0.936654 0.920726 0.945111 0.921083 0.918537 0.929323 0.934506 0.942002 0.933303 0.922529 0.939114 0.935721 0.940400 0.945561 0.943499 0.935543 0.937042 0.928059 0.942032 0.918207 0.947333 0.908587 0.931429 0.931074 0.918769 0.931035 0.930383 0.942837 0.930109 0.927100 0.000000 0.943300 0.934937 0.927711 0.935894 0.944557 0.945846 0.919548 0.945073
Pongo_abelii 0.942458 0.950345 0.941109 0.937327 0.946491 0.950755 0.943786 0.946074 0.893971 0.950079 0.944984 0.940624 0.947174 0.942441 0.948706 0.941149 0.937729 0.942179 0.943089 0.941204 0.943080 0.932445 0.917666 0.937934 0.940292 0.944419 0.948432 0.869965 0.941812 0.941149 0.945341 0.944674 0.944722 0.950079 0.955298 0.947200 0.947115 0.937543 0.942714 0.936229 0.951646 0.941828 0.936914 0.942448 0.940509 0.942433 0.942139 0.950755 0.946341 0.936121 0.942606 0.000000 0.941352 0.945669 0.944251 0.952637 0.871545 0.938912 0.936534
Cynocephalus_variegatus 0.933792 0.946163 0.941123 0.930355 0.936312 0.951661 0.936770 0.943818 0.940206 0.945561 0.936770 0.934021 0.943184 0.933104 0.945729 0.938603 0.930403 0.938373 0.935166 0.936999 0.938144 0.928981 0.941581 0.931501 0.932188 0.937328 0.939748 0.940206 0.940664 0.932875 0.945017 0.939748 0.943813 0.945787 0.951441 0.937600 0.939103 0.935166 0.934531 0.929897 0.951192 0.939519 0.939657 0.937898 0.933792 0.936312 0.940664 0.948912 0.942268 0.936082 0.933562 0.942955 0.000000 0.935895 0.936082 0.950393 0.944101 0.931042 0.947766
Soriculus_fumidus 0.925210 0.941350 0.921800 0.918163 0.926120 0.943169 0.917027 0.934116 0.939759 0.937881 0.915435 0.919073 0.932257 0.928847 0.921573 0.924528 0.920209 0.910207 0.924756 0.922937 0.930893 0.915890 0.944987 0.923392 0.921118 0.927483 0.920209 0.936804 0.923846 0.914526 0.929984 0.924756 0.934076 0.933363 0.934649 0.922482 0.924983 0.921800 0.925665 0.911116 0.938479 0.932257 0.917709 0.928393 0.917709 0.926802 0.923164 0.935667 0.930666 0.929984 0.927483 0.943396 0.937258 0.000000 0.923392 0.932884 0.937940 0.918845 0.937713
Microtus_kikuchii 0.931912 0.949655 0.938337 0.931314 0.935603 0.946437 0.928571 0.934116 0.938785 0.941495 0.938049 0.930078 0.936101 0.932039 0.936570 0.932610 0.926740 0.932274 0.936571 0.935417 0.932063 0.929688 0.947186 0.936082 0.934506 0.938015 0.911765 0.941542 0.937903 0.924828 0.940037 0.931129 0.939490 0.939688 0.941911 0.933943 0.935897 0.906315 0.930666 0.929529 0.945516 0.940443 0.929829 0.934258 0.929630 0.931987 0.939373 0.942970 0.939076 0.937703 0.934506 0.942160 0.937686 0.924074 0.000000 0.948822 0.943773 0.930613 0.949688
Erinaceus_europaeus 0.941414 0.949046 0.941863 0.945903 0.944108 0.952189 0.939394 0.952413 0.949046 0.952189 0.946577 0.946801 0.947026 0.946128 0.929293 0.938496 0.935129 0.945679 0.944557 0.946128 0.939843 0.940965 0.948148 0.941414 0.944108 0.947026 0.943210 0.947475 0.939169 0.940067 0.942985 0.938047 0.943883 0.943434 0.944332 0.944557 0.946577 0.942761 0.946801 0.935578 0.950168 0.947250 0.937598 0.945455 0.939618 0.943434 0.944781 0.945679 0.943434 0.949270 0.943434 0.953984 0.953984 0.935578 0.947250 0.000000 0.949270 0.943883 0.948822
Gorilla_gorilla_gorilla 0.941311 0.953333 0.943418 0.937789 0.942089 0.951905 0.940753 0.948556 0.880804 0.950079 0.945677 0.939707 0.944637 0.943366 0.945042 0.939995 0.939332 0.942410 0.940288 0.943750 0.947441 0.934283 0.924585 0.937703 0.935894 0.943504 0.944470 0.785961 0.940202 0.933333 0.943958 0.939624 0.942675 0.949176 0.950306 0.940114 0.941163 0.943326 0.937258 0.933919 0.947787 0.942290 0.938286 0.942220 0.937732 0.941968 0.942139 0.947955 0.947723 0.938429 0.943994 0.873868 0.945246 0.938395 0.940520 0.948373 0.000000 0.932227 0.938380
Ceratotherium_simum 0.931453 0.943218 0.928539 0.886584 0.928539 0.949746 0.919087 0.944720 0.936146 0.941269 0.918857 0.917240 0.937990 0.934532 0.940692 0.936376 0.928342 0.920986 0.919779 0.920931 0.935965 0.810662 0.943522 0.917243 0.879438 0.935956 0.936376 0.936709 0.931693 0.911494 0.934993 0.925390 0.935396 0.943754 0.945541 0.924343 0.927427 0.929230 0.929984 0.909405 0.953235 0.925081 0.933029 0.934941 0.921853 0.934532 0.935454 0.946980 0.937298 0.923006 0.920701 0.945367 0.935853 0.924074 0.934301 0.947699 0.937298 0.000000 0.939373
Cebus_albifrons 0.941311 0.946667 0.940919 0.932841 0.945303 0.949227 0.942765 0.946074 0.941380 0.949853 0.943457 0.939936 0.948789 0.944380 0.950080 0.939072 0.940476 0.944483 0.939303 0.944842 0.941244 0.934743 0.938884 0.941380 0.939765 0.939616 0.945073 0.934868 0.938592 0.941839 0.941190 0.943985 0.941310 0.947820 0.945768 0.944000 0.943681 0.940688 0.943851 0.938149 0.951646 0.942534 0.943543 0.937898 0.941149 0.942996 0.938220 0.946688 0.945534 0.939303 0.944150 0.936764 0.947766 0.939304 0.946919 0.947699 0.939995 0.936146 0.000000
