59
Orycteropus_afer 0.000000 0.704094 0.673182 0.636345 0.675330 0.776650 0.652386 0.735448 0.732049 0.747200 0.674747 0.652602 0.717361 0.640714 0.719391 0.688528 0.667139 0.665383 0.678376 0.646701 0.724138 0.653893 0.754049 0.673503 0.657259 0.677360 0.714721 0.740508 0.683046 0.664504 0.742335 0.695228 0.677465 0.749848 0.740352 0.686570 0.688442 0.701523 0.696296 0.632690 0.755452 0.675898 0.677785 0.683542 0.649137 0.665178 0.715267 0.705381 0.669848 0.710863 0.658071 0.740102 0.716355 0.661126 0.721624 0.748695 0.743147 0.634631 0.761557
Loxodonta_africana 0.723348 0.000000 0.761838 0.750507 0.766923 0.867248 0.744224 0.818948 0.845156 0.802200 0.759798 0.743822 0.815932 0.688893 0.786583 0.765505 0.764992 0.758816 0.753344 0.777462 0.770774 0.739360 0.807692 0.743210 0.741589 0.757803 0.804621 0.817187 0.744021 0.744021 0.784353 0.781111 0.735211 0.798338 0.802990 0.800362 0.814874 0.777260 0.762763 0.727604 0.838853 0.753361 0.754599 0.757765 0.759627 0.771990 0.775646 0.805837 0.766923 0.779084 0.731455 0.850831 0.780728 0.778089 0.806850 0.818346 0.799554 0.705715 0.803000
Lama_pacos 0.696353 0.804151 0.000000 0.628048 0.683861 0.803345 0.610518 0.801485 0.765666 0.803600 0.664719 0.619249 0.757192 0.699980 0.779569 0.719525 0.718719 0.639935 0.631473 0.655249 0.770703 0.625227 0.778763 0.594399 0.621197 0.723151 0.755994 0.751360 0.703808 0.681241 0.724159 0.738465 0.715895 0.815434 0.809188 0.727784 0.728040 0.747733 0.712112 0.596615 0.836792 0.650813 0.693935 0.708241 0.609107 0.754382 0.769091 0.774129 0.710054 0.655652 0.631070 0.804352 0.726413 0.690367 0.774330 0.821758 0.765263 0.607294 0.804151
Equus_asinus 0.658274 0.734293 0.605884 0.000000 0.613382 0.784462 0.580750 0.765957 0.709128 0.731000 0.583434 0.567812 0.698250 0.642944 0.726754 0.682300 0.647690 0.600730 0.604201 0.572997 0.704868 0.469181 0.732794 0.577692 0.237475 0.679357 0.709013 0.725223 0.640796 0.581796 0.664702 0.664294 0.668813 0.758950 0.766620 0.654604 0.659095 0.710644 0.667067 0.555669 0.780493 0.601646 0.679806 0.667406 0.568515 0.693515 0.691842 0.717578 0.663948 0.613048 0.580481 0.717985 0.679340 0.632486 0.727773 0.791048 0.704323 0.467153 0.760138
Odobenus_rosmarus_rosmarus 0.705381 0.763478 0.680032 0.633313 0.000000 0.824080 0.630466 0.768567 0.773834 0.773600 0.569495 0.574643 0.757192 0.691809 0.750661 0.736628 0.709684 0.646737 0.668497 0.496543 0.757201 0.589213 0.767814 0.657718 0.596909 0.738052 0.766524 0.749391 0.682243 0.659031 0.723430 0.708418 0.705634 0.811674 0.791271 0.720949 0.726834 0.748220 0.700901 0.612162 0.806543 0.568132 0.721649 0.707947 0.625991 0.718934 0.746769 0.765304 0.730120 0.646532 0.461053 0.758593 0.744921 0.674344 0.765101 0.813127 0.768558 0.587186 0.764599
Tachyglossus_aculeatus 0.785584 0.854884 0.809389 0.799347 0.815131 0.000000 0.768460 0.761742 0.832454 0.756200 0.805050 0.777175 0.792999 0.779400 0.838413 0.799755 0.789506 0.791244 0.793907 0.758438 0.803043 0.765410 0.852227 0.779343 0.782281 0.801914 0.777869 0.819659 0.787688 0.794243 0.785409 0.805205 0.779678 0.777665 0.797333 0.797949 0.781508 0.776846 0.766567 0.773173 0.513732 0.796307 0.779462 0.799718 0.780528 0.792653 0.814015 0.817141 0.813459 0.772477 0.821516 0.820822 0.806679 0.785700 0.772142 0.839823 0.833435 0.770884 0.824818
Bos_taurus 0.661523 0.743413 0.600645 0.569943 0.626602 0.772142 0.000000 0.714974 0.724138 0.737200 0.616364 0.597951 0.733052 0.668694 0.711677 0.686860 0.682536 0.614714 0.582498 0.607157 0.712779 0.566910 0.737247 0.563993 0.566395 0.675489 0.697106 0.726036 0.635514 0.603892 0.670189 0.672224 0.665191 0.742474 0.739139 0.681343 0.676382 0.696901 0.678278 0.561862 0.769386 0.615292 0.662624 0.662969 0.412487 0.687959 0.701939 0.734045 0.671455 0.578797 0.609413 0.729547 0.702072 0.622071 0.713320 0.768968 0.714432 0.561030 0.724047
Trichosurus_vulpecula 0.746287 0.787234 0.758932 0.754115 0.753513 0.742473 0.722200 0.000000 0.784424 0.500200 0.721999 0.726817 0.766158 0.762947 0.764552 0.726817 0.728623 0.728623 0.737656 0.742272 0.749498 0.723003 0.794460 0.743878 0.717784 0.728422 0.731634 0.769570 0.748695 0.729827 0.768968 0.782617 0.712766 0.609394 0.558611 0.752108 0.748495 0.728824 0.732533 0.712364 0.753713 0.763396 0.737254 0.747090 0.736251 0.760538 0.780811 0.790245 0.745082 0.752108 0.734444 0.807507 0.778603 0.751452 0.740265 0.805098 0.775191 0.729426 0.780209
Hylobates_lar 0.754970 0.845967 0.749345 0.724949 0.782353 0.837931 0.745639 0.802288 0.000000 0.816000 0.763636 0.777175 0.784953 0.765410 0.810548 0.764097 0.766815 0.764086 0.777282 0.743813 0.819270 0.728710 0.604656 0.742393 0.726166 0.766531 0.777282 0.471197 0.790264 0.749848 0.818864 0.781339 0.754125 0.833469 0.813296 0.770808 0.765427 0.787018 0.737738 0.728195 0.850767 0.776039 0.773398 0.730940 0.762069 0.791075 0.747173 0.829006 0.785598 0.761258 0.759026 0.503854 0.756789 0.764671 0.788641 0.859896 0.474645 0.716545 0.697891
Macropus_robustus 0.736000 0.783200 0.762800 0.731200 0.759800 0.753000 0.738400 0.510200 0.781200 0.000000 0.741400 0.733400 0.779800 0.744400 0.762800 0.749200 0.767800 0.747200 0.769400 0.741600 0.762800 0.724200 0.809800 0.728400 0.742600 0.755800 0.728200 0.783600 0.761600 0.732600 0.762000 0.760800 0.740400 0.617600 0.558600 0.760400 0.743800 0.739000 0.736200 0.720200 0.744000 0.756200 0.750400 0.762800 0.716200 0.739400 0.781800 0.762400 0.753800 0.764000 0.747000 0.793000 0.775000 0.736600 0.754400 0.796400 0.789000 0.711800 0.791800
Canis_familiaris 0.688081 0.759394 0.638928 0.600808 0.579798 0.810101 0.599798 0.753312 0.753737 0.748800 0.000000 0.541692 0.714947 0.690909 0.762424 0.686465 0.677172 0.652525 0.629697 0.540808 0.724242 0.594949 0.768485 0.626465 0.594141 0.699394 0.724646 0.771313 0.675960 0.632323 0.684040 0.726263 0.704024 0.769495 0.762020 0.676518 0.681608 0.708485 0.713313 0.597980 0.778069 0.564720 0.675556 0.691408 0.613535 0.714949 0.731018 0.750101 0.682828 0.673535 0.561414 0.764848 0.734259 0.638294 0.720808 0.803894 0.792121 0.588081 0.789899
Felis_catus 0.672493 0.735785 0.608600 0.563994 0.578662 0.763914 0.592927 0.730229 0.732570 0.735600 0.542696 0.000000 0.696604 0.657826 0.698413 0.663452 0.650593 0.598152 0.632710 0.537271 0.721117 0.561985 0.752662 0.610207 0.554953 0.655415 0.715089 0.726743 0.628290 0.604782 0.662447 0.649990 0.672092 0.752662 0.733775 0.659232 0.659835 0.689773 0.647648 0.563392 0.765521 0.547060 0.653808 0.656821 0.604581 0.696604 0.688969 0.728350 0.665260 0.619650 0.569218 0.740205 0.681133 0.623473 0.701627 0.749097 0.731364 0.547720 0.744022
Cavia_porcellus 0.720781 0.795413 0.741300 0.726413 0.753973 0.795011 0.708308 0.772180 0.788574 0.779000 0.740294 0.710870 0.000000 0.724402 0.751358 0.731442 0.718970 0.715953 0.728827 0.728827 0.700262 0.729028 0.789177 0.720579 0.720177 0.721988 0.759002 0.814927 0.753772 0.739087 0.753973 0.762824 0.742708 0.779320 0.763629 0.728187 0.718593 0.745122 0.719519 0.717562 0.799839 0.726671 0.712533 0.713941 0.720579 0.747536 0.752967 0.777107 0.746731 0.732247 0.738282 0.796419 0.761416 0.732025 0.737880 0.781413 0.786361 0.718970 0.800443
Dugong_dugon 0.673560 0.702473 0.688092 0.653690 0.680454 0.790754 0.697689 0.776395 0.747161 0.781800 0.700000 0.682138 0.741300 0.000000 0.776358 0.747972 0.683347 0.717673 0.700933 0.664234 0.760341 0.651054 0.790081 0.692417 0.642944 0.695255 0.741281 0.762571 0.770884 0.680113 0.723236 0.738443 0.702616 0.793998 0.790261 0.722959 0.721407 0.726480 0.688088 0.656934 0.781099 0.698575 0.676976 0.706938 0.680251 0.708232 0.725162 0.747972 0.702149 0.711273 0.691403 0.757299 0.715550 0.715402 0.750811 0.800682 0.759327 0.640916 0.801298
Echinosorex_gymnura 0.704772 0.767937 0.752569 0.721248 0.737035 0.795050 0.718859 0.765355 0.787627 0.768800 0.711717 0.698815 0.739690 0.745539 0.000000 0.725338 0.722042 0.682205 0.732570 0.696015 0.749899 0.686131 0.788462 0.746887 0.722811 0.730049 0.728263 0.806255 0.733848 0.713967 0.728104 0.738308 0.732998 0.750407 0.762174 0.734419 0.747136 0.730524 0.714915 0.692323 0.763126 0.721052 0.730948 0.733360 0.687820 0.714694 0.753837 0.743168 0.715930 0.730071 0.700489 0.808899 0.763227 0.684558 0.736270 0.738458 0.789957 0.698297 0.780819
Sciurus_vulgaris 0.710254 0.770166 0.704211 0.679853 0.717104 0.779096 0.687679 0.757728 0.726775 0.773600 0.687273 0.676713 0.707705 0.711273 0.730454 0.000000 0.665721 0.707539 0.711102 0.671614 0.718661 0.664436 0.754858 0.707491 0.658045 0.679153 0.706508 0.733144 0.680821 0.710521 0.729323 0.712078 0.691549 0.747762 0.767226 0.693607 0.691256 0.705485 0.685686 0.658228 0.771406 0.699779 0.672731 0.676281 0.689521 0.700816 0.714661 0.770569 0.698322 0.704383 0.700285 0.742325 0.742305 0.670138 0.721858 0.751104 0.730149 0.672547 0.756894
Lepus_europaeus 0.669571 0.744327 0.671771 0.643233 0.704417 0.766815 0.668760 0.754316 0.721232 0.749600 0.660808 0.659032 0.713539 0.670989 0.715559 0.650324 0.000000 0.660859 0.682942 0.667139 0.698947 0.633914 0.754453 0.686183 0.650729 0.667950 0.684765 0.741694 0.671596 0.660049 0.720016 0.688817 0.688531 0.758712 0.751869 0.662244 0.674372 0.685575 0.605005 0.650527 0.750000 0.663255 0.413584 0.631101 0.646475 0.689830 0.681543 0.744935 0.683549 0.685170 0.676053 0.729943 0.682760 0.652313 0.700162 0.748294 0.735211 0.638776 0.745340
Talpa_europaea 0.669639 0.749899 0.622406 0.599919 0.633766 0.781921 0.613904 0.741269 0.770166 0.741400 0.622828 0.602371 0.701670 0.692744 0.689096 0.674301 0.661669 0.000000 0.648966 0.621808 0.718484 0.595257 0.753441 0.635184 0.590596 0.690717 0.681394 0.752128 0.629510 0.615322 0.674503 0.661938 0.674245 0.752939 0.738533 0.670084 0.664322 0.685043 0.677077 0.582894 0.768780 0.635160 0.656357 0.671238 0.607418 0.717471 0.694669 0.724564 0.658492 0.676125 0.631131 0.764086 0.703279 0.595033 0.699432 0.748495 0.732469 0.588772 0.749291
Balaenoptera_physalus 0.688731 0.766315 0.608301 0.621126 0.661786 0.802903 0.571049 0.767563 0.751521 0.784600 0.651717 0.655214 0.715148 0.694444 0.756287 0.711715 0.708266 0.649777 0.000000 0.657178 0.750304 0.600770 0.736842 0.562768 0.599185 0.696050 0.748109 0.737409 0.658472 0.645044 0.702906 0.710248 0.715493 0.775224 0.783189 0.692199 0.709347 0.745860 0.704304 0.583299 0.802302 0.650612 0.689307 0.677894 0.569413 0.721020 0.713853 0.759763 0.713351 0.459327 0.640587 0.745860 0.715550 0.673343 0.728072 0.811521 0.724842 0.594282 0.764396
Halichoerus_grypus 0.651777 0.760235 0.616160 0.572184 0.477023 0.760268 0.596177 0.728021 0.711562 0.732600 0.532121 0.539482 0.698853 0.650446 0.703538 0.673038 0.670989 0.616741 0.648028 0.000000 0.716633 0.553325 0.752632 0.601057 0.573811 0.655348 0.711061 0.728676 0.641203 0.608352 0.685227 0.656974 0.661771 0.747662 0.739745 0.681343 0.667940 0.695811 0.675075 0.574217 0.757068 0.506723 0.662826 0.668415 0.594144 0.701098 0.692044 0.749085 0.675071 0.617934 0.458316 0.731395 0.682559 0.632085 0.696421 0.761542 0.711671 0.560827 0.742295
Thryonomys_swinderianus 0.734483 0.761046 0.725166 0.699594 0.735091 0.784178 0.713185 0.760337 0.776268 0.764400 0.718384 0.717501 0.693623 0.741687 0.756795 0.725355 0.709481 0.719497 0.731846 0.728803 0.000000 0.702352 0.780972 0.744625 0.710751 0.724544 0.716633 0.800811 0.723935 0.728157 0.739554 0.747059 0.710463 0.762677 0.762174 0.730197 0.726834 0.712779 0.734134 0.708925 0.792205 0.725065 0.719426 0.732150 0.702840 0.734280 0.739701 0.764909 0.736714 0.725558 0.730832 0.773022 0.731845 0.719207 0.733469 0.777399 0.784584 0.708637 0.797648
Rhinoceros_unicornis 0.660989 0.744629 0.594197 0.474047 0.608678 0.762774 0.556975 0.747491 0.707826 0.738000 0.586667 0.555556 0.698049 0.656529 0.717964 0.674980 0.651135 0.594649 0.609692 0.562855 0.699108 0.000000 0.738866 0.587997 0.471208 0.679035 0.719384 0.720195 0.634631 0.594364 0.661598 0.633617 0.672032 0.764396 0.742170 0.654202 0.650452 0.713909 0.679479 0.547851 0.785137 0.596026 0.671114 0.638766 0.577251 0.692214 0.686187 0.731549 0.673358 0.635848 0.591646 0.720600 0.664253 0.641298 0.703771 0.809113 0.704380 0.344485 0.731549
Papio_hamadryas 0.789271 0.820850 0.782188 0.752834 0.784818 0.856680 0.763563 0.806503 0.608300 0.822000 0.792121 0.781193 0.795816 0.782996 0.820040 0.776316 0.793117 0.777530 0.763968 0.761741 0.805466 0.744939 0.000000 0.768421 0.725708 0.779555 0.809514 0.589271 0.808704 0.749798 0.830364 0.817207 0.769014 0.839676 0.822792 0.798351 0.789146 0.791903 0.762162 0.757895 0.864701 0.786073 0.814231 0.779548 0.761134 0.802429 0.800081 0.832591 0.795749 0.768826 0.769636 0.626518 0.752967 0.787903 0.812753 0.849859 0.609312 0.734008 0.735628
Hippopotamus_amphibius 0.680203 0.745642 0.590369 0.581362 0.648770 0.789141 0.568279 0.752910 0.733874 0.761400 0.604242 0.618646 0.720378 0.699716 0.748520 0.692794 0.710292 0.649980 0.551745 0.613257 0.749696 0.587388 0.757287 0.000000 0.583299 0.689536 0.737293 0.732535 0.659285 0.632475 0.699655 0.722041 0.688129 0.805736 0.788038 0.680137 0.680201 0.737702 0.670671 0.573382 0.786349 0.624323 0.698605 0.694232 0.553582 0.715714 0.737278 0.762196 0.679731 0.571662 0.627954 0.741172 0.720781 0.679952 0.721372 0.785227 0.747295 0.572182 0.742295
Equus_caballus 0.660711 0.750709 0.606891 0.242159 0.608908 0.799593 0.570265 0.767362 0.724746 0.751400 0.577980 0.579666 0.712332 0.645377 0.757230 0.673931 0.670178 0.598298 0.592261 0.569947 0.721907 0.469586 0.739676 0.575153 0.000000 0.672435 0.719552 0.711617 0.644860 0.576323 0.661044 0.679545 0.665594 0.772173 0.765811 0.659630 0.665528 0.692668 0.662863 0.550916 0.792609 0.615091 0.657772 0.667406 0.572301 0.729939 0.700525 0.751324 0.662729 0.613238 0.588391 0.713646 0.666063 0.638694 0.717515 0.808310 0.725051 0.477697 0.771898
Cephalopachus_bancanus 0.683452 0.731455 0.685070 0.671213 0.710799 0.775041 0.661849 0.745885 0.777282 0.768400 0.689091 0.661443 0.710119 0.679643 0.745114 0.673046 0.680713 0.666599 0.673249 0.671208 0.722718 0.669303 0.742105 0.680985 0.662459 0.000000 0.702362 0.735784 0.693621 0.707886 0.704735 0.727735 0.677867 0.753255 0.747626 0.654604 0.660502 0.722109 0.680480 0.659609 0.775646 0.695766 0.672731 0.652077 0.655945 0.687907 0.663570 0.726384 0.690757 0.692386 0.681596 0.718241 0.727821 0.674544 0.716612 0.773183 0.748371 0.663220 0.720195
Mouse 0.719594 0.770166 0.721338 0.702692 0.747814 0.784414 0.687256 0.755721 0.757809 0.736400 0.699192 0.701226 0.724603 0.738443 0.731141 0.702210 0.704011 0.684029 0.745246 0.740342 0.721095 0.701541 0.772065 0.712186 0.693686 0.707655 0.000000 0.756093 0.708045 0.711535 0.712457 0.725498 0.696378 0.748169 0.754900 0.705066 0.702312 0.507956 0.708709 0.687219 0.771002 0.711820 0.701840 0.704720 0.685363 0.701837 0.716074 0.723238 0.684895 0.731702 0.712510 0.805003 0.742507 0.699179 0.593033 0.774990 0.762809 0.688362 0.754866
Homo_sapiens 0.743959 0.812525 0.762039 0.719740 0.763201 0.820877 0.733347 0.778202 0.462272 0.817600 0.747071 0.744424 0.791994 0.754866 0.835703 0.733144 0.739870 0.760235 0.739846 0.749391 0.783570 0.731549 0.590283 0.734159 0.714663 0.733550 0.749391 0.000000 0.751422 0.735658 0.792039 0.774980 0.736418 0.811535 0.801172 0.747286 0.757990 0.753859 0.741341 0.733347 0.847132 0.761589 0.751971 0.743848 0.749188 0.763607 0.736874 0.817222 0.752640 0.747157 0.738018 0.436637 0.743512 0.764070 0.757311 0.838017 0.328188 0.701338 0.698500
Artibeus_jamaicensis 0.699086 0.754560 0.690913 0.631451 0.667818 0.774888 0.641609 0.759735 0.769777 0.776400 0.667677 0.646775 0.750754 0.748581 0.734458 0.706217 0.698947 0.625253 0.659691 0.665380 0.727992 0.642539 0.792510 0.665786 0.634092 0.713531 0.722064 0.785946 0.000000 0.628015 0.709061 0.677976 0.716901 0.769403 0.751869 0.698030 0.699095 0.720439 0.709109 0.624746 0.797052 0.676701 0.677380 0.701089 0.635717 0.736083 0.741317 0.744210 0.716375 0.676148 0.672694 0.766558 0.722189 0.658522 0.729378 0.785227 0.737505 0.624696 0.784672
Pteropus_scapulatus 0.664910 0.745237 0.627846 0.586256 0.642206 0.767282 0.594567 0.741269 0.756740 0.748800 0.633333 0.608800 0.714947 0.670383 0.740320 0.713156 0.666734 0.613498 0.636530 0.612609 0.722684 0.584229 0.735223 0.633286 0.572674 0.684168 0.716602 0.734442 0.620718 0.000000 0.697142 0.663288 0.679678 0.766876 0.733077 0.681745 0.679397 0.707075 0.675075 0.594973 0.797052 0.648405 0.655145 0.693425 0.595581 0.709102 0.708805 0.728968 0.676667 0.638354 0.618082 0.741131 0.708912 0.636291 0.712143 0.762746 0.732009 0.589702 0.757146
Manis_tetradactyla 0.726294 0.781921 0.704211 0.660435 0.710222 0.776875 0.697419 0.800281 0.794320 0.769200 0.666061 0.663854 0.749346 0.715531 0.751473 0.717740 0.735008 0.693960 0.712457 0.680350 0.741582 0.655921 0.795142 0.697622 0.666328 0.723837 0.734404 0.799756 0.724705 0.711332 0.000000 0.727088 0.718310 0.777484 0.788038 0.721351 0.726231 0.743142 0.723724 0.674253 0.787359 0.697973 0.731150 0.706132 0.661451 0.735623 0.726373 0.761837 0.725462 0.717131 0.682178 0.790287 0.760410 0.688163 0.771591 0.786230 0.770778 0.662206 0.771290
Chalinolobus_tuberculatus 0.704569 0.794690 0.697763 0.671004 0.689915 0.803579 0.665921 0.796066 0.759432 0.794000 0.689697 0.658228 0.765238 0.757908 0.745628 0.717365 0.706848 0.677949 0.700488 0.664091 0.770791 0.632806 0.801822 0.686865 0.648231 0.720415 0.721431 0.767059 0.677773 0.650517 0.704938 0.000000 0.730986 0.770435 0.760558 0.734218 0.732261 0.727531 0.725726 0.669784 0.801494 0.703592 0.702042 0.703913 0.660838 0.740748 0.756866 0.776129 0.708418 0.723465 0.676291 0.791175 0.757393 0.694572 0.743188 0.785628 0.791989 0.658962 0.783861
Dasypus_novemcinctus 0.687324 0.740845 0.693360 0.662374 0.689135 0.770221 0.673843 0.728021 0.747485 0.742200 0.693561 0.659232 0.736874 0.691348 0.741046 0.689537 0.705433 0.689336 0.694165 0.669819 0.709457 0.657948 0.747887 0.679678 0.677062 0.687928 0.710463 0.730986 0.727364 0.676056 0.710262 0.741046 0.000000 0.734406 0.749899 0.687374 0.692864 0.730583 0.703503 0.654930 0.801408 0.691752 0.681288 0.706439 0.674648 0.711268 0.711469 0.756740 0.647887 0.690543 0.690543 0.747082 0.728224 0.699579 0.721328 0.775391 0.733199 0.644869 0.764588
Didelphis_virginiana 0.759188 0.802594 0.788031 0.771766 0.788489 0.772783 0.739829 0.616218 0.810750 0.637600 0.768485 0.752059 0.788775 0.783455 0.764849 0.743491 0.761953 0.758614 0.756916 0.784262 0.750913 0.754258 0.822267 0.793124 0.761798 0.763426 0.757730 0.835093 0.764323 0.750456 0.768543 0.754982 0.736418 0.000000 0.604567 0.777041 0.770050 0.766273 0.785786 0.744711 0.766963 0.775035 0.779867 0.755143 0.753662 0.764036 0.781906 0.784378 0.755492 0.784378 0.793531 0.827502 0.804667 0.757260 0.790073 0.803894 0.824044 0.747364 0.797243
Isoodon_macrourus 0.758133 0.805213 0.776748 0.738937 0.781370 0.785007 0.759143 0.546768 0.802182 0.581800 0.755758 0.742817 0.768859 0.758941 0.762780 0.760154 0.772277 0.738129 0.754294 0.754900 0.762780 0.736512 0.794100 0.774702 0.748232 0.755102 0.752677 0.800566 0.733279 0.735502 0.756516 0.764195 0.754326 0.600525 0.000000 0.761158 0.771859 0.781168 0.757958 0.738331 0.749596 0.780052 0.755910 0.763816 0.727622 0.765407 0.766761 0.762578 0.748232 0.765609 0.753890 0.810063 0.785355 0.721610 0.771267 0.788840 0.804809 0.747424 0.805617
AF217811.1_Tupaia_belangeri 0.701850 0.796140 0.701045 0.657620 0.705066 0.768999 0.686168 0.755921 0.748894 0.745600 0.680137 0.683142 0.727382 0.705468 0.755529 0.685565 0.675513 0.680539 0.698633 0.683957 0.724769 0.647366 0.747085 0.676317 0.663852 0.670889 0.724769 0.735022 0.693607 0.671291 0.732811 0.753518 0.684158 0.763973 0.766184 0.000000 0.023116 0.707680 0.674074 0.645959 0.792923 0.702388 0.665661 0.673100 0.694411 0.728388 0.711701 0.736429 0.682549 0.726176 0.714113 0.768195 0.697628 0.675746 0.705468 0.794460 0.730599 0.654001 0.742260
AJ421453.1_Tupaia_belangeri 0.684422 0.785327 0.689648 0.666131 0.717789 0.787538 0.676382 0.758531 0.743317 0.750600 0.681809 0.682942 0.732060 0.693869 0.753166 0.691658 0.665528 0.691859 0.695276 0.687236 0.717588 0.644422 0.746332 0.671558 0.662915 0.665930 0.721608 0.738693 0.687839 0.672965 0.728040 0.757990 0.680402 0.758995 0.772864 0.024322 0.000000 0.709146 0.666066 0.644824 0.774673 0.706402 0.666734 0.679799 0.686432 0.725025 0.727437 0.734070 0.673769 0.728040 0.706533 0.756382 0.691658 0.682155 0.720000 0.791650 0.749548 0.656080 0.738693
Rattus_norvegicus 0.698071 0.765302 0.704816 0.676591 0.733781 0.760687 0.695465 0.745684 0.749899 0.741400 0.693131 0.698815 0.722792 0.684104 0.727235 0.693000 0.692666 0.682408 0.720916 0.698048 0.716024 0.691809 0.771255 0.692794 0.669654 0.716816 0.501343 0.750203 0.708045 0.697142 0.708393 0.714925 0.709859 0.747152 0.774904 0.689787 0.690050 0.000000 0.720320 0.678236 0.792003 0.693558 0.699414 0.687576 0.680450 0.705510 0.741922 0.730224 0.693974 0.724567 0.694580 0.755587 0.720982 0.694172 0.587910 0.766560 0.761992 0.673358 0.765815
Ochotona_collaris 0.710711 0.788589 0.704504 0.677678 0.692092 0.778178 0.684284 0.769570 0.741141 0.766600 0.714114 0.667868 0.733133 0.688488 0.735536 0.687287 0.626426 0.703904 0.712112 0.687087 0.741141 0.649650 0.732332 0.656256 0.660060 0.684084 0.739339 0.750551 0.710110 0.688288 0.738138 0.722122 0.702102 0.783784 0.776176 0.676076 0.673273 0.723123 0.000000 0.653654 0.793594 0.710110 0.622022 0.667267 0.678078 0.738338 0.708108 0.753353 0.719920 0.707507 0.682883 0.766166 0.688488 0.684284 0.708108 0.810611 0.751752 0.663463 0.772573
Sus_scrofa 0.635939 0.731658 0.589563 0.551183 0.609721 0.759494 0.544100 0.719591 0.721095 0.729600 0.580808 0.558168 0.698853 0.648013 0.695794 0.677828 0.656402 0.593636 0.572887 0.581741 0.692292 0.544607 0.729555 0.574607 0.550305 0.662052 0.690486 0.718115 0.621089 0.595175 0.672018 0.652501 0.648692 0.750000 0.735300 0.649779 0.638392 0.682523 0.652252 0.000000 0.780897 0.600040 0.638569 0.647438 0.547162 0.705102 0.688005 0.728665 0.650265 0.584506 0.582111 0.728869 0.693422 0.611656 0.701102 0.750703 0.709533 0.533455 0.730941
Ornithorhynchus_anatinus 0.759289 0.823708 0.822486 0.798465 0.789176 0.513126 0.763530 0.757126 0.836228 0.760200 0.757068 0.763914 0.791792 0.801898 0.793013 0.763126 0.762318 0.782310 0.792811 0.774637 0.792003 0.780897 0.846931 0.775646 0.775040 0.777262 0.793215 0.833199 0.792407 0.788772 0.789176 0.805129 0.755734 0.766963 0.747173 0.777041 0.765226 0.788368 0.780981 0.778675 0.000000 0.781056 0.769992 0.772691 0.767569 0.775646 0.801090 0.805735 0.769992 0.801292 0.775848 0.838449 0.815932 0.777288 0.797456 0.810719 0.822294 0.774637 0.832593
Ursus_maritimus 0.695364 0.773831 0.648806 0.608067 0.568132 0.816777 0.631748 0.798314 0.785671 0.788800 0.569135 0.570741 0.751154 0.697371 0.758379 0.722456 0.700983 0.657235 0.664058 0.519968 0.745736 0.600642 0.800522 0.641983 0.596227 0.713426 0.746338 0.778848 0.696769 0.654024 0.709412 0.725467 0.711619 0.804736 0.803532 0.708409 0.706000 0.728477 0.719519 0.608067 0.813967 0.000000 0.721052 0.714429 0.626129 0.758579 0.735300 0.743327 0.707606 0.668272 0.555689 0.785270 0.735902 0.663930 0.755569 0.789284 0.751555 0.609071 0.792294
Oryctolagus_cuniculus 0.677178 0.754599 0.666734 0.680412 0.693349 0.779462 0.661007 0.750703 0.742874 0.762000 0.675758 0.654812 0.700865 0.674146 0.732363 0.646655 0.421670 0.681019 0.687083 0.669092 0.716192 0.647867 0.768142 0.662220 0.652315 0.664645 0.714170 0.738629 0.681221 0.661411 0.703255 0.690722 0.677867 0.769962 0.757527 0.669481 0.666533 0.690924 0.627027 0.627249 0.770194 0.670881 0.000000 0.664784 0.671922 0.699616 0.689620 0.751769 0.679604 0.682232 0.670507 0.745502 0.698451 0.679752 0.706691 0.755721 0.725288 0.648676 0.751162
Lemur_catta 0.665591 0.744050 0.682853 0.656918 0.706333 0.775313 0.666398 0.756925 0.713594 0.748400 0.667810 0.659634 0.699256 0.685357 0.715409 0.657927 0.630900 0.663776 0.686971 0.686769 0.724486 0.629891 0.734974 0.695038 0.649254 0.640783 0.728318 0.730537 0.691206 0.674062 0.706737 0.689996 0.701006 0.743243 0.741226 0.678729 0.677789 0.700282 0.684885 0.651472 0.759782 0.691752 0.670230 0.000000 0.653691 0.697862 0.655708 0.723679 0.685357 0.675676 0.681727 0.717628 0.685979 0.678550 0.708754 0.757929 0.724687 0.640783 0.717628
Ovis_aries 0.647107 0.741386 0.599839 0.572594 0.633313 0.758437 0.403685 0.720193 0.749087 0.726400 0.600000 0.595740 0.725005 0.674574 0.707062 0.688088 0.662075 0.610255 0.558986 0.604717 0.702637 0.560422 0.750202 0.551949 0.559878 0.663681 0.703787 0.729285 0.642015 0.586661 0.653526 0.672631 0.665795 0.738812 0.736310 0.698030 0.678995 0.694780 0.671471 0.547162 0.768982 0.620108 0.684455 0.659540 0.000000 0.697347 0.699313 0.713204 0.665097 0.576962 0.610432 0.731627 0.712734 0.639896 0.711771 0.771778 0.716881 0.562247 0.726075
Macroscelides_proboscideus 0.689340 0.763883 0.735039 0.692088 0.709579 0.791633 0.694898 0.794861 0.784584 0.766400 0.725253 0.719912 0.752766 0.713909 0.745102 0.721837 0.707658 0.715039 0.717347 0.707401 0.744422 0.685118 0.779150 0.722449 0.702240 0.698290 0.721429 0.801990 0.732223 0.702818 0.744361 0.730175 0.705634 0.765663 0.777733 0.740450 0.726834 0.720408 0.745345 0.685510 0.780089 0.745133 0.710532 0.723074 0.702449 0.000000 0.721123 0.741633 0.720612 0.728848 0.716381 0.799184 0.760008 0.723413 0.736735 0.788238 0.783673 0.677616 0.799270
Nycticebus_coucang 0.737884 0.780695 0.744509 0.697698 0.725565 0.817649 0.694669 0.754115 0.742326 0.764400 0.700525 0.691983 0.746731 0.703756 0.751010 0.711834 0.691438 0.696486 0.720517 0.702141 0.753231 0.674475 0.768578 0.701131 0.699919 0.691438 0.727989 0.737278 0.741317 0.705372 0.716276 0.727989 0.711066 0.790994 0.777060 0.710294 0.689648 0.745355 0.684885 0.676696 0.791599 0.701786 0.682149 0.665389 0.705170 0.731826 0.000000 0.780291 0.715267 0.733441 0.714257 0.742932 0.713740 0.727619 0.729200 0.778603 0.744548 0.663772 0.744144
Echinops_telfairi 0.716548 0.828537 0.775136 0.733687 0.779947 0.818981 0.762569 0.795664 0.813387 0.829600 0.741616 0.737995 0.758600 0.745337 0.762893 0.770978 0.784238 0.720713 0.780822 0.745018 0.769371 0.741484 0.833603 0.760972 0.743992 0.736156 0.764948 0.821690 0.765339 0.751875 0.755131 0.785075 0.787525 0.801465 0.791877 0.783675 0.789950 0.775426 0.751752 0.739077 0.836430 0.762191 0.772387 0.743647 0.722006 0.759184 0.795840 0.000000 0.761455 0.797350 0.751019 0.823867 0.804466 0.735229 0.780123 0.829787 0.810982 0.755474 0.824412
Tamandua_tetradactyla 0.674518 0.744224 0.688293 0.651713 0.684767 0.771119 0.670839 0.744681 0.770791 0.775000 0.667273 0.669480 0.716958 0.696269 0.724563 0.677650 0.700770 0.663356 0.680025 0.671208 0.724138 0.648216 0.760121 0.649724 0.650713 0.686889 0.690260 0.728676 0.697481 0.679911 0.703516 0.703945 0.637425 0.735761 0.741766 0.685565 0.678392 0.700371 0.699900 0.658636 0.761309 0.688942 0.681423 0.690601 0.654248 0.699184 0.722940 0.745223 0.000000 0.689501 0.676854 0.771786 0.732046 0.675746 0.719262 0.776796 0.746887 0.654501 0.758921
Physeter_macrocephalus 0.711675 0.804216 0.651824 0.635882 0.666870 0.817941 0.599185 0.780610 0.774645 0.795400 0.669899 0.646775 0.754577 0.703163 0.782467 0.733741 0.705024 0.695176 0.464220 0.635218 0.748479 0.641525 0.767611 0.584709 0.616293 0.709283 0.764322 0.737612 0.681430 0.656193 0.725259 0.743798 0.728370 0.825468 0.782784 0.743466 0.756181 0.753109 0.694695 0.609378 0.828958 0.675898 0.700829 0.714199 0.611009 0.775739 0.736066 0.807136 0.701325 0.000000 0.656275 0.774312 0.726011 0.698979 0.748828 0.806905 0.744750 0.619627 0.779400
Eumetopias_jubatus 0.678985 0.770572 0.635301 0.594743 0.448037 0.795232 0.611654 0.778402 0.746653 0.757000 0.561010 0.568616 0.738886 0.676805 0.726569 0.702934 0.667545 0.641265 0.647514 0.457910 0.731237 0.591444 0.764980 0.640179 0.588798 0.706840 0.726976 0.731925 0.691792 0.624975 0.707986 0.684018 0.686117 0.799430 0.765609 0.733414 0.726432 0.719641 0.688488 0.589038 0.802504 0.541040 0.677987 0.705123 0.612877 0.704564 0.743538 0.760391 0.685004 0.635697 0.000000 0.751019 0.713539 0.660525 0.747148 0.771377 0.722494 0.596107 0.754055
Pongo_abelii 0.755330 0.825497 0.751965 0.714927 0.759813 0.810391 0.734263 0.796267 0.487830 0.811600 0.766869 0.743018 0.781935 0.743106 0.810129 0.760950 0.735819 0.754155 0.735432 0.745628 0.787018 0.715126 0.597166 0.734436 0.706925 0.727606 0.770351 0.437043 0.763511 0.730793 0.773217 0.797275 0.762777 0.818348 0.796929 0.741255 0.770251 0.761329 0.737137 0.733565 0.835622 0.774634 0.761472 0.732352 0.726305 0.772245 0.727989 0.792290 0.741849 0.742100 0.748778 0.000000 0.733454 0.747647 0.745697 0.835207 0.439069 0.727494 0.701338
Cynocephalus_variegatus 0.730638 0.763830 0.719775 0.681754 0.726413 0.816938 0.703279 0.783822 0.711125 0.794400 0.728224 0.693591 0.762221 0.707302 0.784349 0.735466 0.714746 0.720579 0.720378 0.694830 0.739891 0.681151 0.734259 0.700664 0.670288 0.711728 0.745323 0.733856 0.720579 0.711527 0.773084 0.751961 0.716355 0.780728 0.817743 0.709489 0.716583 0.750553 0.698699 0.697646 0.823376 0.723058 0.702072 0.708710 0.697445 0.754375 0.729028 0.776705 0.735265 0.722189 0.707906 0.733253 0.000000 0.730423 0.748944 0.817945 0.728626 0.666868 0.765641
Soriculus_fumidus 0.670338 0.756659 0.645103 0.622071 0.651913 0.769678 0.625876 0.758262 0.729421 0.755400 0.625275 0.621670 0.714801 0.707591 0.693571 0.690767 0.670939 0.602644 0.653315 0.629882 0.707791 0.618266 0.764671 0.660725 0.613058 0.670338 0.691368 0.763269 0.666333 0.636491 0.689966 0.695974 0.675345 0.769277 0.720609 0.673743 0.682556 0.698778 0.667467 0.604246 0.761666 0.653114 0.669738 0.675345 0.626077 0.695974 0.707991 0.726818 0.667535 0.670939 0.639696 0.740036 0.720208 0.000000 0.724214 0.740236 0.743241 0.616463 0.752453
Microtus_kikuchii 0.724467 0.810904 0.752569 0.708605 0.756966 0.783391 0.729508 0.750301 0.750507 0.762200 0.737576 0.709664 0.724402 0.726480 0.767828 0.720016 0.739870 0.723754 0.728890 0.706791 0.748479 0.699716 0.793320 0.719535 0.691650 0.751629 0.605738 0.752640 0.728769 0.704642 0.770778 0.753355 0.734608 0.776444 0.787230 0.713510 0.728241 0.591393 0.714114 0.705186 0.810178 0.735501 0.715787 0.722670 0.710338 0.731633 0.725565 0.788729 0.713320 0.728644 0.734515 0.750615 0.752163 0.730623 0.000000 0.810518 0.764033 0.702757 0.798256
Erinaceus_europaeus 0.767362 0.822762 0.790446 0.789041 0.809715 0.840827 0.774589 0.818948 0.840827 0.809600 0.793055 0.764352 0.783621 0.810116 0.756122 0.759133 0.756323 0.773786 0.827981 0.777198 0.795865 0.785026 0.834605 0.800281 0.780610 0.775793 0.777198 0.826576 0.787836 0.788037 0.793456 0.796467 0.768768 0.809314 0.791249 0.802087 0.810116 0.793256 0.790190 0.754717 0.819751 0.784467 0.772180 0.770976 0.764954 0.815335 0.805901 0.802890 0.821558 0.808711 0.765155 0.853071 0.815134 0.758262 0.802288 0.000000 0.821357 0.765556 0.818145
Gorilla_gorilla_gorilla 0.777056 0.811917 0.768688 0.716150 0.771812 0.816697 0.732190 0.790446 0.474848 0.798400 0.767071 0.744625 0.786763 0.761963 0.819759 0.732394 0.763169 0.779084 0.749949 0.749288 0.789858 0.731955 0.602632 0.731986 0.728717 0.745318 0.771178 0.328595 0.766965 0.744375 0.784190 0.795242 0.741247 0.848861 0.823803 0.756333 0.753970 0.784446 0.747948 0.736477 0.836430 0.744933 0.750354 0.769463 0.752603 0.806531 0.780493 0.823637 0.761992 0.750051 0.739813 0.444172 0.736069 0.766073 0.762809 0.804898 0.000000 0.715126 0.717964
Ceratotherium_simum 0.658354 0.712606 0.604675 0.480333 0.592052 0.780211 0.571573 0.744882 0.683901 0.760400 0.596970 0.555154 0.721585 0.638483 0.714923 0.683496 0.649311 0.592623 0.593471 0.562247 0.711071 0.349757 0.717409 0.575020 0.470803 0.678629 0.706610 0.719586 0.616586 0.600851 0.660584 0.650852 0.682897 0.766423 0.758941 0.664254 0.658291 0.701541 0.642843 0.546837 0.813813 0.594020 0.658379 0.650061 0.576237 0.708029 0.668619 0.735807 0.668491 0.606853 0.592255 0.733577 0.666667 0.623873 0.713909 0.761742 0.729522 0.000000 0.749392
Cebus_albifrons 0.765815 0.802797 0.775942 0.753244 0.760138 0.818532 0.739862 0.789041 0.686334 0.795400 0.767879 0.750251 0.787568 0.772506 0.816910 0.759327 0.751823 0.767937 0.755677 0.735807 0.806569 0.728305 0.722875 0.740876 0.750608 0.762976 0.788727 0.687348 0.773520 0.752078 0.776358 0.814477 0.767203 0.814071 0.807840 0.755328 0.747337 0.786902 0.774775 0.735401 0.824515 0.762593 0.747726 0.720048 0.769668 0.799067 0.754241 0.805353 0.787916 0.761557 0.759327 0.702352 0.764434 0.779091 0.790957 0.832798 0.694242 0.728102 0.000000
