11
1 0.000000 0.562827 0.549738 0.591623 0.596859 0.560209 0.594241 0.562827 0.583770 0.579634 0.558747
2 0.565445 0.000000 0.471204 0.547120 0.520942 0.497382 0.539267 0.526178 0.526178 0.537859 0.501305
3 0.554974 0.471204 0.000000 0.520942 0.405759 0.492147 0.502618 0.502618 0.463351 0.501305 0.428198
4 0.591623 0.544503 0.518325 0.000000 0.554974 0.565445 0.549738 0.578534 0.554974 0.561358 0.532637
5 0.591623 0.513089 0.405759 0.552356 0.000000 0.536649 0.528796 0.531414 0.502618 0.556136 0.506527
6 0.560209 0.497382 0.494764 0.557592 0.539267 0.000000 0.536649 0.560209 0.534031 0.569191 0.545692
7 0.599476 0.539267 0.502618 0.552356 0.536649 0.536649 0.000000 0.507853 0.445026 0.548303 0.553525
8 0.570681 0.526178 0.502618 0.586387 0.539267 0.573298 0.505236 0.000000 0.439791 0.561358 0.537859
9 0.586387 0.526178 0.463351 0.557592 0.502618 0.534031 0.442408 0.439791 0.000000 0.543081 0.530026
10 0.577024 0.537859 0.501305 0.561358 0.558747 0.571802 0.548303 0.561358 0.548303 0.000000 0.530026
11 0.561358 0.503916 0.430809 0.543081 0.509138 0.548303 0.553525 0.540470 0.532637 0.532637 0.000000
