11
1 0.000000 11.109947 11.371728 11.500000 11.513089 11.327225 11.455498 11.369110 11.374346 11.524804 11.389034
2 11.136126 0.000000 11.209424 11.366492 11.180628 11.041884 11.167540 11.141361 11.068063 11.383812 11.185379
3 11.379581 11.214660 0.000000 11.463351 10.497382 11.264398 11.321989 11.356021 11.327225 11.472585 10.402089
4 11.528796 11.366492 11.463351 0.000000 11.534032 11.361257 11.544502 11.549738 11.560209 11.584856 11.485640
5 11.515707 11.191099 10.494764 11.534032 0.000000 11.293194 11.345550 11.361257 11.324607 11.503917 10.642298
6 11.345550 11.034032 11.259162 11.369110 11.303665 0.000000 11.379581 11.295812 11.366492 11.459530 11.237597
7 11.497382 11.164922 11.311519 11.544502 11.342932 11.390053 0.000000 10.782722 10.858639 11.519582 11.402089
8 11.379581 11.146597 11.353403 11.565445 11.358639 11.303665 10.782722 0.000000 10.534032 11.597911 11.389034
9 11.403141 11.075916 11.332460 11.573298 11.329843 11.371728 10.861257 10.536649 0.000000 11.563969 11.248042
10 11.540470 11.391644 11.477807 11.579635 11.493473 11.454309 11.503917 11.603133 11.561357 0.000000 11.561357
11 11.420365 11.187989 10.409922 11.485640 10.660574 11.245431 11.399478 11.391644 11.245431 11.569191 0.000000
