11
1 0.000000 0.533499 0.526055 0.558313 0.555831 0.523573 0.563275 0.533499 0.558313 0.545679 0.526055
2 0.535980 0.000000 0.449132 0.518610 0.493797 0.471464 0.508685 0.493797 0.498759 0.501235 0.473945
3 0.526055 0.446650 0.000000 0.493797 0.387097 0.471464 0.471464 0.476427 0.436725 0.474074 0.411911
4 0.555831 0.516129 0.493797 0.000000 0.521092 0.533499 0.516129 0.543424 0.521092 0.523457 0.508685
5 0.563275 0.493797 0.387097 0.521092 0.000000 0.516129 0.501241 0.511166 0.476427 0.520988 0.481390
6 0.526055 0.471464 0.468983 0.535980 0.516129 0.000000 0.506203 0.531017 0.506203 0.545679 0.521092
7 0.563275 0.503722 0.473945 0.516129 0.503722 0.506203 0.000000 0.476427 0.421836 0.511111 0.523573
8 0.533499 0.491315 0.476427 0.543424 0.508685 0.531017 0.476427 0.000000 0.419355 0.528395 0.511166
9 0.558313 0.501241 0.439206 0.523573 0.476427 0.503722 0.421836 0.416873 0.000000 0.518519 0.506203
10 0.543210 0.503704 0.476543 0.525926 0.520988 0.538272 0.511111 0.528395 0.518519 0.000000 0.506173
11 0.531017 0.476427 0.411911 0.513648 0.478908 0.521092 0.521092 0.511166 0.503722 0.506173 0.000000
