11
1 0.000000 3.040816 3.082631 3.183362 3.108291 3.040816 3.052101 3.144312 3.114286 3.185374 3.072391
2 3.049320 0.000000 3.025295 3.062818 3.015229 3.005128 2.979832 3.044143 3.094118 3.151361 3.010101
3 3.075885 3.037100 0.000000 3.099494 2.755481 3.025295 2.991597 3.026981 3.036975 3.131535 2.791246
4 3.176570 3.062818 3.055649 0.000000 3.071066 3.125637 3.090756 3.196944 3.215126 3.110357 3.060606
5 3.140440 3.006768 2.772344 3.067682 0.000000 3.015229 2.994958 3.042301 3.045378 3.133672 2.776094
6 3.083333 3.030769 3.069140 3.142615 3.018613 0.000000 3.058824 3.108659 3.136134 3.161565 3.016835
7 3.065546 2.986555 3.020168 3.121008 3.013445 3.045378 0.000000 2.889076 2.878992 3.104202 3.045378
8 3.127334 3.025467 3.016863 3.181664 3.045685 3.076401 2.852101 0.000000 2.791597 3.217318 3.040404
9 3.156302 3.087395 2.996639 3.200000 3.033613 3.142857 2.877311 2.813445 0.000000 3.220168 3.048739
10 3.204082 3.158163 3.134907 3.127334 3.125211 3.141156 3.105882 3.208828 3.240336 0.000000 3.202020
11 3.065657 2.998317 2.799663 3.075758 2.781145 3.016835 3.028571 3.055556 3.038656 3.163300 0.000000
