11
1 0.000000 5.379581 5.416230 5.536649 5.523560 5.382199 5.479058 5.492146 5.541885 5.530026 5.454308
2 5.379581 0.000000 5.311518 5.421466 5.308900 5.259162 5.358639 5.437173 5.382199 5.420365 5.349869
3 5.408377 5.319372 0.000000 5.371728 4.965969 5.329843 5.301047 5.342932 5.342932 5.404700 4.939948
4 5.541885 5.426702 5.371728 0.000000 5.468586 5.473822 5.445026 5.520942 5.513089 5.433420 5.409922
5 5.515707 5.311518 4.965969 5.458115 0.000000 5.342932 5.374346 5.387434 5.371728 5.399478 4.966057
6 5.374346 5.259162 5.324607 5.458115 5.353403 0.000000 5.429319 5.416230 5.481676 5.436031 5.375979
7 5.473822 5.350785 5.287958 5.439791 5.382199 5.431937 0.000000 5.146597 5.120419 5.490861 5.399478
8 5.505236 5.447644 5.345550 5.523560 5.397906 5.418848 5.146597 0.000000 5.007854 5.527415 5.422976
9 5.552356 5.379581 5.342932 5.510471 5.379581 5.481676 5.128272 5.007854 0.000000 5.511749 5.365535
10 5.527415 5.428198 5.391645 5.425588 5.375979 5.433420 5.498694 5.524804 5.506527 0.000000 5.467363
11 5.459530 5.362924 4.934726 5.412533 4.971279 5.391645 5.409922 5.409922 5.360313 5.477807 0.000000
