11
1 0.000000 5.106700 5.141439 5.245657 5.240695 5.111662 5.205956 5.225806 5.260546 5.244444 5.186104
2 5.106700 0.000000 5.057072 5.148883 5.066998 5.002481 5.101737 5.166253 5.106700 5.148148 5.109181
3 5.131514 5.044665 0.000000 5.109181 4.729528 5.057072 5.027295 5.076923 5.074442 5.116049 4.709677
4 5.255583 5.151365 5.104218 0.000000 5.183623 5.196030 5.163772 5.245657 5.230769 5.155556 5.153846
5 5.248139 5.069479 4.729528 5.196030 0.000000 5.094293 5.091811 5.126551 5.104218 5.118518 4.746898
6 5.111662 5.004963 5.066998 5.186104 5.096774 0.000000 5.163772 5.153846 5.210918 5.155556 5.138958
7 5.210918 5.101737 5.032258 5.161290 5.089330 5.156328 0.000000 4.895782 4.875930 5.204938 5.143920
8 5.228288 5.173697 5.084367 5.243176 5.131514 5.153846 4.893300 0.000000 4.766749 5.234568 5.163772
9 5.260546 5.109181 5.074442 5.230769 5.091811 5.205956 4.873449 4.761786 0.000000 5.217284 5.101737
10 5.239506 5.138272 5.113580 5.148148 5.111111 5.145679 5.200000 5.224691 5.217284 0.000000 5.195062
11 5.200993 5.101737 4.722085 5.168735 4.741935 5.141439 5.153846 5.158809 5.104218 5.195062 0.000000
