11
1 0.000000 6.241497 6.293423 6.516129 6.333333 6.350340 6.354622 6.409168 6.351261 6.574830 6.308081
2 6.285714 0.000000 6.231029 6.370119 6.192894 6.186325 6.196639 6.227504 6.183193 6.455782 6.148148
3 6.298482 6.197302 0.000000 6.374368 5.819561 6.234401 6.236975 6.254637 6.183193 6.446880 5.836700
4 6.524618 6.346350 6.360877 0.000000 6.387479 6.419355 6.463866 6.561969 6.532773 6.529711 6.373737
5 6.335025 6.160745 5.811130 6.414552 0.000000 6.196278 6.257143 6.275804 6.233613 6.509306 5.873737
6 6.301021 6.169231 6.236088 6.434635 6.191201 0.000000 6.260504 6.302207 6.334454 6.428571 6.166667
7 6.363025 6.176471 6.272269 6.485714 6.252101 6.341177 0.000000 5.984874 5.959664 6.480672 6.270588
8 6.415959 6.242785 6.298482 6.582343 6.296108 6.348048 5.986555 0.000000 5.878992 6.606112 6.316498
9 6.346219 6.176471 6.240336 6.537815 6.230252 6.357983 5.981513 5.905882 0.000000 6.561345 6.277311
10 6.544218 6.411565 6.411467 6.494058 6.439932 6.437075 6.426891 6.533107 6.463866 0.000000 6.488215
11 6.286195 6.097643 5.814815 6.355219 5.838384 6.154882 6.228571 6.265993 6.225210 6.516835 0.000000
