11
1 0.000000 12.821428 12.642496 13.113752 12.756345 12.767007 12.828571 12.804754 12.852100 13.244898 12.553872
2 12.741497 0.000000 12.139966 12.735145 12.240271 12.300855 12.379832 12.463497 12.312605 12.772109 12.447811
3 12.693086 12.148398 0.000000 12.629005 11.558179 12.325463 12.080672 12.197302 12.090756 12.731872 11.728956
4 12.998302 12.736842 12.580101 0.000000 12.604061 12.595925 12.682353 12.784380 12.584874 12.782682 12.654882
5 12.778342 12.213198 11.544688 12.609137 0.000000 12.372251 12.203362 12.407784 12.304202 12.734348 11.838384
6 12.671769 12.338462 12.362563 12.689304 12.429780 0.000000 12.383193 12.555179 12.416807 12.765306 12.442760
7 12.831933 12.388235 12.063866 12.605042 12.211764 12.312605 0.000000 11.994958 11.779832 12.638656 12.359664
8 12.779287 12.471987 12.261383 12.831919 12.490694 12.548388 11.998320 0.000000 11.608403 13.040747 12.457912
9 12.853782 12.312605 12.134454 12.717647 12.352942 12.401681 11.811765 11.657143 0.000000 12.702521 12.431932
10 13.284014 12.897959 12.760540 12.887946 12.741117 12.692177 12.734454 13.152802 12.757983 0.000000 12.983165
11 12.705387 12.486532 11.764310 12.739058 11.893939 12.436027 12.371428 12.471380 12.510924 12.898990 0.000000
