11
1 0.000000 0.265306 0.268128 0.276740 0.301184 0.273810 0.292437 0.295416 0.289076 0.301020 0.276094
2 0.261905 0.000000 0.229342 0.259762 0.262267 0.232479 0.260504 0.251273 0.240336 0.272109 0.250842
3 0.268128 0.237774 0.000000 0.246206 0.180438 0.236088 0.206723 0.246206 0.194958 0.268128 0.186869
4 0.278438 0.268251 0.239460 0.000000 0.257191 0.258065 0.253782 0.297114 0.263866 0.263158 0.247475
5 0.289340 0.257191 0.172007 0.245347 0.000000 0.260575 0.236975 0.255499 0.226891 0.275804 0.215488
6 0.260204 0.237607 0.229342 0.254669 0.258883 0.000000 0.252101 0.275042 0.267227 0.278912 0.249158
7 0.307563 0.284034 0.218487 0.262185 0.252101 0.268908 0.000000 0.245378 0.196639 0.287395 0.257143
8 0.288625 0.254669 0.241147 0.286927 0.270728 0.276740 0.231933 0.000000 0.183193 0.286927 0.252525
9 0.280672 0.258824 0.201681 0.265546 0.238655 0.272269 0.186555 0.194958 0.000000 0.278992 0.242017
10 0.302721 0.282313 0.264755 0.261460 0.279188 0.290816 0.270588 0.295416 0.268908 0.000000 0.284512
11 0.277778 0.264310 0.190236 0.252525 0.222222 0.262626 0.248739 0.262626 0.245378 0.286195 0.000000
