11
1 0.000000 10.580646 10.808933 10.947891 10.935484 10.781638 10.910670 10.813896 10.823821 10.938272 10.870968
2 10.583127 0.000000 10.655087 10.806452 10.632754 10.493796 10.625310 10.600496 10.526054 10.797531 10.657568
3 10.823821 10.667494 0.000000 10.903226 10.004963 10.709678 10.774194 10.801489 10.776675 10.886419 9.928040
4 10.960298 10.813896 10.908189 0.000000 10.967742 10.821340 10.987593 10.997519 10.997519 10.980247 10.940447
5 10.937965 10.640199 9.997519 10.972705 0.000000 10.739454 10.779157 10.811415 10.776675 10.913580 10.168735
6 10.779157 10.488833 10.699752 10.816378 10.724566 0.000000 10.811415 10.741936 10.791563 10.869136 10.712159
7 10.905707 10.620347 10.751861 10.970223 10.784119 10.806452 0.000000 10.263027 10.334988 10.920988 10.858561
8 10.818858 10.602978 10.796526 10.980149 10.813896 10.744417 10.258064 0.000000 10.017369 11.009876 10.868486
9 10.836228 10.531017 10.771712 10.987593 10.761786 10.803970 10.330025 10.027295 0.000000 10.972839 10.714641
10 10.948148 10.812346 10.886419 10.972839 10.911111 10.881481 10.928395 11.012345 10.987655 0.000000 10.962963
11 10.883374 10.667494 9.930521 10.945410 10.163772 10.724566 10.878412 10.861042 10.727047 10.980247 0.000000
