58
hCoV-19/Wuhan/WIV06/2019|EPI_ISL_402129|2019-12-30_ 0.000000 0.471285 0.505615 0.405850 0.305040 0.299556 0.315879 0.291590 0.463959 0.404283 0.798903 0.819405 0.899713 0.222121 0.755419 0.981776 0.983442 0.983448 0.984069 0.982601 0.982375 0.982823 0.979954 0.981360 0.982445 0.981713 0.922173 0.951293 0.803544 0.805197 0.922899 0.920816 0.919431 0.919692 0.921128 0.920548 0.922695 0.920345 0.921300 0.919561 0.921520 0.918658 0.930269 0.934317 0.924523 0.928963 0.923740 0.926482 0.918253 0.922060 0.925307 0.926482 0.924915 0.923609 0.923740 0.926221 0.931183 0.923609
hCoV-19/bat/Yunnan/RaTG13/2013|EPI_ISL_402131|2013-07-24_ 0.471546 0.000000 0.724313 0.668186 0.609064 0.601511 0.634979 0.612580 0.696315 0.655294 0.799583 0.824196 0.901159 0.571689 0.756218 0.980354 0.982677 0.981538 0.984764 0.982859 0.981603 0.982823 0.980339 0.980846 0.982060 0.981198 0.922256 0.952207 0.808178 0.807787 0.921488 0.921843 0.919130 0.919260 0.917698 0.919651 0.921474 0.920823 0.921214 0.920302 0.919521 0.921865 0.930981 0.935408 0.924730 0.928767 0.926032 0.928116 0.920563 0.920519 0.926813 0.929809 0.927464 0.928897 0.927334 0.930981 0.933585 0.925511
hCoV-19/Guangdong/GD2020085-P0043/2020|EPI_ISL_413887|2020-0 0.500914 0.719234 0.000000 0.229277 0.413869 0.485964 0.558938 0.584620 0.512708 0.530177 0.867796 0.884079 0.931554 0.533657 0.865631 0.982422 0.983569 0.983448 0.975231 0.983632 0.984819 0.984115 0.981110 0.982388 0.982701 0.986220 0.953860 0.969123 0.905550 0.907299 0.951892 0.952644 0.953066 0.951248 0.950968 0.953686 0.952337 0.952817 0.950796 0.952580 0.953446 0.949471 0.956516 0.957618 0.947523 0.953125 0.952725 0.953440 0.951108 0.951721 0.953073 0.953568 0.951638 0.952549 0.952190 0.953458 0.957935 0.954028
hCoV-19/Guangdong/GD2020016-P0011/2020|EPI_ISL_413885|2020-0 0.401410 0.663628 0.230453 0.000000 0.335920 0.357203 0.483736 0.520323 0.427396 0.454104 0.854724 0.865366 0.926762 0.434736 0.846435 0.982164 0.983696 0.983448 0.974010 0.983503 0.984176 0.983469 0.981496 0.982003 0.982445 0.984804 0.951108 0.966870 0.878061 0.882100 0.950866 0.950205 0.950713 0.949811 0.949922 0.951337 0.949987 0.951248 0.948708 0.949967 0.952661 0.947513 0.956384 0.956813 0.945253 0.950187 0.950099 0.950693 0.948240 0.949923 0.951091 0.952645 0.949017 0.950583 0.950583 0.951889 0.956100 0.950884
hCoV-19/Guangdong/DG-S6-P0055/2020|EPI_ISL_413895|2020-02-28 0.301123 0.606850 0.417581 0.338451 0.000000 0.201883 0.415548 0.441297 0.330690 0.448794 0.827837 0.842690 0.914990 0.330801 0.820972 0.981776 0.983442 0.983448 0.976717 0.983116 0.983790 0.983340 0.980596 0.981360 0.982060 0.986478 0.937082 0.961834 0.857608 0.857423 0.939192 0.937500 0.936854 0.935041 0.937108 0.936986 0.937582 0.937132 0.937745 0.935598 0.938669 0.935109 0.943167 0.943938 0.932301 0.938301 0.938805 0.938268 0.936375 0.937211 0.938797 0.940773 0.939450 0.939311 0.936119 0.939339 0.944044 0.938441
hCoV-19/Guangdong/ZQ-S2-P0061/2020|EPI_ISL_413901|2020-02-28 0.296553 0.598906 0.488990 0.360061 0.201715 0.000000 0.417487 0.446537 0.390150 0.437721 0.837344 0.849667 0.917317 0.330041 0.826978 0.982422 0.983824 0.983448 0.975794 0.983761 0.983404 0.983211 0.980596 0.981617 0.982060 0.984932 0.939311 0.962232 0.845102 0.845541 0.941758 0.939682 0.937900 0.938047 0.939723 0.939596 0.940063 0.939224 0.939963 0.938210 0.941023 0.938504 0.945017 0.946352 0.939778 0.943643 0.940381 0.942454 0.938722 0.939651 0.943291 0.945258 0.940629 0.941539 0.940137 0.943261 0.947058 0.940799
hCoV-19/Guangdong/GDSZ202013-P0014/2020|EPI_ISL_413865|2020- 0.296814 0.616356 0.549985 0.471352 0.400179 0.401522 0.000000 0.406175 0.534467 0.495971 0.827689 0.834527 0.904997 0.344972 0.821233 0.983715 0.985097 0.984721 0.978663 0.984921 0.985848 0.985148 0.981367 0.982260 0.984111 0.985576 0.938393 0.960111 0.861516 0.861470 0.938294 0.937885 0.938685 0.937132 0.938154 0.937247 0.939540 0.935564 0.938267 0.935990 0.936969 0.936023 0.944621 0.950241 0.940446 0.944845 0.940118 0.942323 0.937419 0.939266 0.940516 0.942092 0.941284 0.940490 0.937994 0.940907 0.946141 0.940406
hCoV-19/USA/NY-NYUMC1/2020|EPI_ISL_414639|2020-03-04_ 0.269391 0.592395 0.573148 0.507152 0.424161 0.430109 0.403626 0.000000 0.553888 0.510409 0.828211 0.839824 0.907050 0.367795 0.814181 0.985136 0.986626 0.986249 0.987112 0.986467 0.987006 0.986052 0.984066 0.984060 0.985520 0.989182 0.937738 0.964219 0.856175 0.857553 0.938422 0.938527 0.936985 0.936479 0.938285 0.937117 0.939802 0.937524 0.937353 0.936643 0.938669 0.937720 0.945942 0.949973 0.942182 0.945513 0.941694 0.942584 0.935854 0.939137 0.941970 0.944203 0.942333 0.940228 0.940806 0.943784 0.946665 0.940668
hCoV-19/China/Spain-cluster-case1/2020|EPI_ISL_415045|2020-0 0.458214 0.692017 0.514694 0.428963 0.328665 0.388469 0.545807 0.568191 0.000000 0.506501 0.868241 0.897082 0.936208 0.470597 0.867589 0.981647 0.983569 0.983957 0.981859 0.984019 0.986234 0.983856 0.981239 0.982517 0.983086 0.990341 0.952025 0.966472 0.886269 0.887192 0.952277 0.952387 0.949144 0.948111 0.949006 0.949641 0.951162 0.950072 0.950013 0.948530 0.950700 0.950385 0.953608 0.955874 0.947790 0.952190 0.952331 0.952524 0.947066 0.949795 0.949372 0.954360 0.950721 0.951370 0.950449 0.951758 0.954921 0.951408
hCoV-19/Wuhan/WH02/2019|EPI_ISL_406799|2019-12-31_ 0.400757 0.651778 0.534252 0.457598 0.446432 0.436544 0.509102 0.524147 0.507083 0.000000 0.822935 0.842214 0.916085 0.454642 0.820710 0.982164 0.983442 0.983066 0.974185 0.982859 0.983275 0.983598 0.981753 0.981746 0.982573 0.983773 0.942719 0.963424 0.862168 0.858989 0.943938 0.943018 0.941692 0.941184 0.941030 0.942596 0.943850 0.941053 0.944009 0.941737 0.943376 0.940071 0.947661 0.949839 0.940179 0.945513 0.943533 0.944546 0.945502 0.942476 0.943952 0.944994 0.942988 0.942456 0.942012 0.944960 0.950203 0.944990
hCoV-19/pangolin/China/MP789/2019|EPI_ISL_412860|2019-03-19_ 0.794463 0.794504 0.868241 0.854575 0.825163 0.835116 0.837790 0.840391 0.868984 0.822638 0.000000 0.432115 0.890486 0.819222 0.217811 0.981905 0.983187 0.982811 0.979798 0.983503 0.985205 0.983211 0.980853 0.981874 0.982573 0.985963 0.937475 0.959979 0.870245 0.869826 0.937139 0.937885 0.932802 0.937132 0.935146 0.936986 0.937451 0.935433 0.935787 0.934553 0.937100 0.933151 0.944885 0.945950 0.934704 0.937366 0.941300 0.940099 0.937419 0.935285 0.936418 0.940641 0.943775 0.941015 0.937994 0.941561 0.947713 0.938834
hCoV-19/pangolin/Guangdong/P2S/2019|EPI_ISL_410544|2019_ 0.801515 0.805834 0.875198 0.854742 0.829210 0.835078 0.832886 0.837558 0.887250 0.829527 0.416815 0.000000 0.901985 0.820240 0.392270 0.988238 0.988791 0.989177 0.980653 0.989045 0.989065 0.989926 0.986893 0.987145 0.988467 0.987508 0.945733 0.965677 0.885878 0.887061 0.943554 0.944045 0.938293 0.943145 0.939984 0.943640 0.944241 0.940531 0.942182 0.940823 0.940238 0.938634 0.950172 0.952924 0.944185 0.947382 0.947078 0.946377 0.940678 0.942732 0.944613 0.949875 0.946920 0.944816 0.944556 0.947052 0.952038 0.943942
hCoV-19/pangolin/Guangxi/P3B/2017|EPI_ISL_410543|2017_ 0.893445 0.894648 0.934155 0.928953 0.915127 0.916085 0.914442 0.918275 0.936345 0.916496 0.890212 0.911978 0.000000 0.924025 0.880778 0.982164 0.983824 0.983066 0.982341 0.984147 0.984562 0.983986 0.981624 0.982131 0.983086 0.986478 0.937082 0.956401 0.910761 0.911085 0.933034 0.932880 0.932671 0.933081 0.930309 0.934247 0.934317 0.929421 0.932263 0.932201 0.931084 0.929756 0.940656 0.941658 0.934971 0.937500 0.933290 0.935129 0.927901 0.933873 0.936285 0.938135 0.936304 0.934985 0.929825 0.937900 0.943389 0.932678
hCoV-19/Wuhan/IVDC-HB-envF54/2020|EPI_ISL_408512|2020-01-01_ 0.222121 0.571429 0.538672 0.440055 0.333384 0.333232 0.364966 0.389605 0.475460 0.459049 0.822935 0.836651 0.925941 0.000000 0.813267 0.981647 0.983059 0.983066 0.980246 0.982730 0.983018 0.983469 0.980725 0.981103 0.981676 0.980940 0.942063 0.957328 0.846535 0.847891 0.941758 0.938912 0.939339 0.938570 0.940246 0.939726 0.941238 0.939224 0.940877 0.938210 0.940238 0.939548 0.948057 0.950107 0.941915 0.943109 0.943401 0.945462 0.938592 0.940806 0.939590 0.944862 0.943644 0.942063 0.939199 0.941299 0.949417 0.943157
hCoV-19/pangolin/Guangdong/1/2019|EPI_ISL_410721|2019_ 0.756072 0.755828 0.871115 0.851920 0.823975 0.829721 0.839906 0.833246 0.872552 0.824758 0.222251 0.410159 0.883782 0.813398 0.000000 0.980613 0.981913 0.981920 0.981066 0.982085 0.982632 0.982694 0.979697 0.980075 0.981804 0.981713 0.929616 0.953904 0.842496 0.843322 0.928801 0.929158 0.922826 0.928702 0.924523 0.927854 0.929485 0.926352 0.926651 0.925176 0.926221 0.922836 0.936668 0.940324 0.930791 0.934709 0.931705 0.930791 0.926076 0.928095 0.930661 0.936406 0.932750 0.931314 0.933403 0.932881 0.938757 0.928963
NC_038294_|Betacoronavirus_England_1|_complete_genome 0.982293 0.981388 0.987980 0.987592 0.984490 0.985395 0.994442 0.989531 0.987463 0.983585 0.986041 1.000000 0.984102 0.981647 0.981517 0.000000 0.949306 0.949580 0.384516 0.944967 0.944552 0.837789 0.943074 0.942409 0.945413 0.836574 0.981647 0.979837 0.980354 0.980354 0.979859 0.981134 0.980354 0.980871 0.980354 0.981000 0.980483 0.980225 0.980096 0.980354 0.980871 0.980096 0.981388 0.981517 0.981647 0.982164 0.981130 0.980354 0.980225 0.981895 0.980871 0.981000 0.981259 0.981388 0.982034 0.981259 0.981259 0.981259
MG987421_|Middle_East_respiratory_syndrome-related_coronavir 0.983442 0.982550 0.985097 0.985480 0.983696 0.983187 0.988027 0.988919 0.984206 0.984843 0.984843 0.992612 0.983696 0.983059 0.982168 0.949943 0.000000 0.421696 0.962553 0.929436 0.910967 0.952108 0.944084 0.943447 0.905490 0.953127 0.982677 0.982168 0.980385 0.981404 0.981149 0.981404 0.981022 0.981404 0.981149 0.981404 0.981404 0.981276 0.980639 0.980512 0.981658 0.981404 0.982805 0.982423 0.981913 0.982041 0.982041 0.981149 0.981404 0.981658 0.981658 0.982295 0.981531 0.981404 0.982550 0.982041 0.982677 0.982295
MG987420_|Middle_East_respiratory_syndrome-related_coronavir 0.982811 0.981920 0.984466 0.984594 0.983321 0.982811 0.988286 0.988541 0.984594 0.983957 0.983957 0.991851 0.983703 0.982429 0.981538 0.951362 0.422205 0.000000 0.963458 0.926662 0.901324 0.955691 0.946397 0.949325 0.909346 0.953781 0.981920 0.981538 0.980647 0.981156 0.980647 0.981665 0.980519 0.981665 0.981283 0.981283 0.981029 0.980774 0.980774 0.980392 0.981029 0.980392 0.982302 0.981793 0.981156 0.982047 0.981793 0.980519 0.981411 0.981538 0.981411 0.981156 0.981283 0.981029 0.981920 0.981665 0.982557 0.981283
MG912609_|Middle_East_respiratory_syndrome-related_coronavir 0.983024 0.982029 0.979592 0.978371 0.979248 0.976971 0.983438 0.991928 0.983778 0.977324 0.982620 0.984459 0.982615 0.979182 0.982110 0.382189 0.961406 0.961039 0.000000 0.958371 0.958961 0.884928 0.955924 0.956164 0.957458 0.881648 0.981518 0.980917 0.980849 0.981199 0.980372 0.981006 0.980520 0.980656 0.980256 0.980561 0.980543 0.981440 0.980031 0.980666 0.981431 0.980024 0.981100 0.981760 0.980772 0.981571 0.982272 0.981297 0.980704 0.981510 0.982155 0.980873 0.981127 0.980862 0.981385 0.982351 0.982178 0.980485
MG021452_|Middle_East_respiratory_syndrome-related_coronavir 0.982214 0.982472 0.985436 0.985050 0.983374 0.983374 0.989432 0.989432 0.984792 0.984019 0.984405 0.992267 0.985436 0.982472 0.981828 0.946256 0.928671 0.927044 0.959531 0.000000 0.783224 0.948447 0.939861 0.938810 0.918375 0.948229 0.982343 0.981570 0.980281 0.981054 0.981142 0.981391 0.981054 0.981828 0.981312 0.981828 0.981699 0.981956 0.980539 0.981570 0.981956 0.981441 0.981312 0.981828 0.981183 0.981828 0.981699 0.981312 0.981570 0.981895 0.982085 0.981312 0.980797 0.980668 0.981956 0.982730 0.982085 0.981828
MG021451_|Middle_East_respiratory_syndrome-related_coronavir 0.983018 0.982246 0.987392 0.986749 0.985462 0.984562 0.990737 0.991509 0.988550 0.985205 0.987392 0.993310 0.986492 0.983533 0.983147 0.946610 0.910839 0.900815 0.961148 0.784382 0.000000 0.949569 0.943074 0.942023 0.921322 0.951756 0.982761 0.981346 0.981088 0.981860 0.981398 0.981776 0.981732 0.982375 0.981732 0.981860 0.981474 0.982375 0.981346 0.981474 0.982375 0.981088 0.982118 0.981474 0.981474 0.981860 0.982118 0.981603 0.981732 0.982152 0.981603 0.981474 0.980574 0.981088 0.982375 0.982889 0.982375 0.982246
MF593268_|Middle_East_respiratory_syndrome-related_coronavir 0.982436 0.982177 0.984890 0.983856 0.982952 0.983598 0.987860 0.988893 0.985535 0.983856 0.984760 0.993543 0.984631 0.982565 0.982823 0.837660 0.953636 0.956328 0.886349 0.948576 0.948926 0.000000 0.943074 0.942280 0.946694 0.380940 0.982307 0.980498 0.981015 0.982048 0.981911 0.981776 0.981144 0.981532 0.981790 0.980111 0.981790 0.981403 0.981403 0.980757 0.981403 0.981015 0.981403 0.981790 0.981919 0.982048 0.981403 0.980886 0.981144 0.982152 0.981403 0.980886 0.981790 0.981273 0.980757 0.981919 0.981273 0.980886
MG596803_|Middle_East_respiratory_syndrome-related_coronavir 0.980853 0.980596 0.983038 0.982138 0.980982 0.981110 0.985865 0.988306 0.982652 0.982909 0.982138 0.991005 0.983295 0.981367 0.980082 0.944230 0.945485 0.948943 0.957594 0.939990 0.943716 0.943845 0.000000 0.209972 0.936955 0.943459 0.982267 0.981110 0.981239 0.980725 0.981013 0.980621 0.980339 0.981881 0.980853 0.981110 0.980853 0.981624 0.980982 0.980853 0.981367 0.980082 0.980211 0.980725 0.980596 0.980853 0.981624 0.980339 0.981496 0.981125 0.980982 0.981239 0.981110 0.980853 0.981496 0.980596 0.980725 0.981110
MG596802_|Middle_East_respiratory_syndrome-related_coronavir 0.981103 0.980589 0.983288 0.982903 0.981103 0.981103 0.986374 0.987531 0.983288 0.983031 0.983545 0.990873 0.986374 0.981103 0.981360 0.943695 0.944720 0.951108 0.959378 0.939581 0.942280 0.942538 0.209715 0.000000 0.935418 0.942409 0.981746 0.981232 0.980846 0.980075 0.981783 0.981006 0.980974 0.981746 0.981232 0.980974 0.980589 0.982003 0.981232 0.981232 0.981617 0.980203 0.981874 0.981617 0.980974 0.981360 0.981617 0.980846 0.981232 0.980868 0.980846 0.981489 0.980589 0.980846 0.981103 0.980717 0.981746 0.981232
KJ473821_|BtVs-BetaCoV/SC2013|_complete_genome 0.982317 0.981548 0.984751 0.984880 0.983214 0.983470 0.988339 0.989877 0.984623 0.984623 0.984111 0.993465 0.984495 0.982189 0.982189 0.945284 0.905362 0.908327 0.960149 0.918631 0.919657 0.945028 0.935930 0.934008 0.000000 0.944772 0.982189 0.980779 0.979882 0.979754 0.979754 0.980523 0.980395 0.980651 0.980523 0.980138 0.980651 0.980138 0.980138 0.979882 0.980395 0.980267 0.980010 0.980010 0.980010 0.980138 0.981164 0.980907 0.980651 0.981164 0.980523 0.980138 0.980907 0.981164 0.980779 0.980010 0.981548 0.980907
KC869678_|Coronavirus_Neoromicia/PML-PHE1/RSA/2011|_complete 0.982357 0.981455 0.988152 0.986607 0.986993 0.985576 0.990470 0.993561 0.992273 0.986220 0.987894 0.991500 0.988152 0.981970 0.981970 0.837605 0.952745 0.952890 0.883967 0.949002 0.950984 0.379781 0.942431 0.940609 0.946181 0.000000 0.981326 0.981069 0.980425 0.980425 0.981142 0.980621 0.980296 0.980811 0.980940 0.980167 0.981069 0.980425 0.980425 0.980039 0.980811 0.980425 0.981198 0.981584 0.980554 0.981069 0.981198 0.979781 0.980811 0.982024 0.981713 0.981326 0.980811 0.981455 0.980296 0.981842 0.981970 0.980554
NC_004718_|SARS_coronavirus|_complete_genome 0.921259 0.920823 0.958317 0.956482 0.939048 0.941408 0.949535 0.946389 0.955695 0.946127 0.942325 0.956875 0.941408 0.942063 0.929224 0.979708 0.980003 0.979628 0.979814 0.980410 0.979802 0.980498 0.979568 0.979303 0.981420 0.978751 0.000000 0.944816 0.886529 0.881838 0.414881 0.440580 0.471696 0.479807 0.466789 0.434964 0.412510 0.486472 0.403028 0.469497 0.465804 0.585194 0.814524 0.828025 0.493249 0.608074 0.769957 0.503924 0.711343 0.430406 0.688426 0.788177 0.810092 0.810198 0.518023 0.786247 0.808151 0.566732
KY352407_|Severe_acute_respiratory_syndrome-related_coronavi 0.950640 0.950254 0.974026 0.971906 0.963557 0.964352 0.965280 0.970448 0.971773 0.966075 0.965942 0.984098 0.956533 0.955871 0.953513 0.979966 0.981658 0.980774 0.982375 0.981183 0.980316 0.979724 0.979311 0.979432 0.981164 0.980811 0.946127 0.000000 0.948411 0.949993 0.944067 0.943660 0.945352 0.944975 0.946130 0.941553 0.944633 0.944452 0.943487 0.943174 0.944684 0.942551 0.944224 0.949510 0.954545 0.953618 0.941694 0.944939 0.941069 0.946841 0.944613 0.947368 0.946134 0.944292 0.944739 0.945745 0.946403 0.950098
MG772933_|Bat_SARS-like_coronavirus_isolate_bat-SL-CoVZC45|_ 0.803804 0.807918 0.910109 0.882882 0.859953 0.847577 0.878583 0.871678 0.890959 0.865816 0.875195 0.900339 0.914930 0.846665 0.841845 0.981130 0.979748 0.979883 0.981761 0.979508 0.979030 0.980757 0.979183 0.979817 0.980907 0.980811 0.888353 0.948150 0.000000 0.337415 0.887107 0.885267 0.885878 0.889526 0.884445 0.885487 0.886269 0.886139 0.886790 0.881840 0.887962 0.884184 0.895909 0.899818 0.892522 0.897733 0.875456 0.892522 0.896691 0.886877 0.897212 0.879885 0.815138 0.810969 0.894085 0.881840 0.896040 0.890568
MG772934_|Bat_SARS-like_coronavirus_isolate_bat-SL-CoVZXC21| 0.806110 0.807657 0.911738 0.886408 0.859903 0.847891 0.876224 0.872699 0.892153 0.862645 0.874657 0.901423 0.913305 0.847500 0.842147 0.980613 0.980130 0.980010 0.982113 0.980023 0.980574 0.981144 0.979311 0.979689 0.981676 0.980554 0.883797 0.949732 0.337155 0.000000 0.889801 0.885780 0.885494 0.888106 0.884711 0.886236 0.887322 0.885755 0.886714 0.881316 0.883275 0.884711 0.903382 0.905079 0.889672 0.895939 0.877399 0.891500 0.897784 0.889445 0.896984 0.888497 0.841885 0.836663 0.892022 0.887975 0.899204 0.888106
KY417151_|Bat_SARS-like_coronavirus_isolate_Rs7327|_complete 0.923156 0.921873 0.956895 0.955613 0.942142 0.944965 0.947530 0.946889 0.955741 0.945991 0.939577 0.951379 0.934445 0.943297 0.928416 0.981142 0.980003 0.979883 0.979987 0.980500 0.979731 0.981142 0.979731 0.980115 0.980523 0.980885 0.417575 0.944580 0.886979 0.890314 0.000000 0.313919 0.400770 0.375241 0.300321 0.336113 0.287235 0.391790 0.176267 0.393586 0.396793 0.615138 0.814112 0.823733 0.399872 0.588326 0.774856 0.545606 0.709044 0.265298 0.682874 0.796793 0.803592 0.803977 0.444772 0.786017 0.808980 0.541629
KY417150_|Bat_SARS-like_coronavirus_isolate_Rs4874|_complete 0.920688 0.921330 0.957135 0.954312 0.939938 0.942248 0.952900 0.948794 0.954954 0.946484 0.941478 0.962141 0.933650 0.938783 0.928645 0.981391 0.980639 0.979883 0.980108 0.980878 0.980108 0.981006 0.978953 0.979338 0.980907 0.979979 0.442633 0.942505 0.884369 0.884240 0.313534 0.000000 0.427875 0.325719 0.394892 0.241401 0.322254 0.264887 0.321869 0.317248 0.385010 0.623973 0.813527 0.820714 0.445714 0.596894 0.778876 0.573409 0.707264 0.285934 0.685575 0.794020 0.809805 0.808907 0.462654 0.789014 0.808008 0.547613
KY417145_|Bat_SARS-like_coronavirus_isolate_Rf4092|_complete 0.920345 0.919651 0.955419 0.953719 0.938554 0.939339 0.946267 0.945352 0.952804 0.942999 0.935547 0.945352 0.933717 0.939861 0.923087 0.980613 0.979875 0.979119 0.979474 0.979765 0.980059 0.980628 0.979440 0.979303 0.981164 0.979652 0.473264 0.945222 0.885617 0.885625 0.400770 0.428388 0.000000 0.360476 0.346189 0.392955 0.371637 0.367011 0.375098 0.367080 0.380703 0.535318 0.809518 0.814355 0.358609 0.569094 0.768989 0.542816 0.701695 0.397663 0.662832 0.792653 0.806118 0.800628 0.409335 0.771212 0.806118 0.526474
KY417149_|Bat_SARS-like_coronavirus_isolate_Rs4255|_complete 0.919300 0.918479 0.956084 0.953993 0.937917 0.939485 0.953339 0.945759 0.952294 0.944975 0.940923 0.953470 0.933603 0.938701 0.928571 0.981259 0.980512 0.980392 0.981048 0.980410 0.980316 0.981144 0.979825 0.979946 0.981548 0.980425 0.481898 0.944844 0.889005 0.887453 0.374727 0.325719 0.359953 0.000000 0.297216 0.317939 0.355576 0.223631 0.323936 0.274722 0.287806 0.599687 0.808130 0.818324 0.386093 0.579532 0.764606 0.552477 0.706258 0.339625 0.669847 0.781074 0.796105 0.794014 0.371585 0.772317 0.803555 0.532479
KY417142_|Bat_SARS-like_coronavirus_isolate_As6526|_complete 0.920736 0.917958 0.955544 0.954236 0.939723 0.942469 0.953321 0.953975 0.954106 0.943384 0.939461 0.947960 0.932401 0.941161 0.924785 0.981130 0.980512 0.980138 0.979472 0.980281 0.979802 0.981144 0.979568 0.979046 0.981164 0.980811 0.469012 0.946260 0.884184 0.885755 0.300192 0.394892 0.345928 0.297347 0.000000 0.345858 0.328937 0.303882 0.313887 0.302155 0.288049 0.588197 0.805178 0.815115 0.326229 0.558970 0.759676 0.519090 0.707301 0.332691 0.654550 0.779942 0.785826 0.786872 0.395397 0.762453 0.800340 0.505884
KY417146_|Bat_SARS-like_coronavirus_isolate_Rs4231|_complete 0.920417 0.919781 0.956947 0.955251 0.938291 0.941422 0.946380 0.947162 0.955512 0.944553 0.939726 0.951729 0.934899 0.940509 0.928245 0.981388 0.980512 0.980901 0.980039 0.980925 0.979802 0.980111 0.979568 0.979817 0.981292 0.979781 0.437182 0.941813 0.885096 0.885062 0.336113 0.241786 0.393085 0.318591 0.346380 0.000000 0.300065 0.341683 0.289106 0.308937 0.356556 0.612916 0.811611 0.819700 0.429485 0.587084 0.772994 0.549902 0.699348 0.344504 0.678669 0.786693 0.802740 0.805088 0.446836 0.780300 0.805479 0.535551
KY417144_|Bat_SARS-like_coronavirus_isolate_Rs4084|_complete 0.922173 0.920693 0.954949 0.952599 0.938757 0.941107 0.947636 0.947506 0.954296 0.945025 0.938104 0.950640 0.935492 0.942544 0.928571 0.980871 0.980385 0.979756 0.979237 0.980410 0.979931 0.980886 0.979183 0.978661 0.981035 0.980425 0.414207 0.945155 0.884966 0.886539 0.286851 0.322382 0.371637 0.355968 0.328937 0.299674 0.000000 0.389266 0.240538 0.379603 0.384696 0.612221 0.812614 0.821624 0.367459 0.573779 0.774615 0.536694 0.705476 0.213020 0.682293 0.796683 0.802951 0.801907 0.446200 0.788848 0.807130 0.522460
KY417143_|Bat_SARS-like_coronavirus_isolate_Rs4081|_complete 0.919169 0.919391 0.953732 0.952555 0.936479 0.939224 0.943014 0.944975 0.953339 0.942099 0.937002 0.946151 0.928898 0.938439 0.925437 0.980613 0.979748 0.978992 0.979088 0.980152 0.980188 0.980498 0.979568 0.979817 0.980138 0.979395 0.488041 0.942622 0.884836 0.884319 0.391276 0.264374 0.366357 0.223369 0.303490 0.340248 0.388352 0.000000 0.366875 0.238929 0.287544 0.600601 0.806169 0.816233 0.387139 0.566462 0.765913 0.545550 0.707171 0.381228 0.668017 0.782120 0.795190 0.793491 0.359038 0.772709 0.800549 0.518494
KY417152_|Bat_SARS-like_coronavirus_isolate_Rs9401|_complete 0.921691 0.920302 0.955625 0.953537 0.940486 0.942965 0.954581 0.947533 0.954581 0.945576 0.940355 0.949230 0.933960 0.941660 0.926390 0.980225 0.979748 0.979628 0.978857 0.980152 0.979673 0.979982 0.978797 0.979175 0.980267 0.979395 0.405247 0.943226 0.886399 0.885931 0.175882 0.321869 0.375098 0.324458 0.314017 0.288845 0.240407 0.367528 0.000000 0.354999 0.352649 0.606761 0.810493 0.818977 0.374576 0.582093 0.768598 0.538241 0.705606 0.246020 0.672279 0.790264 0.802401 0.803837 0.433829 0.781389 0.805534 0.529105
KY417148_|Bat_SARS-like_coronavirus_isolate_Rs4247|_complete 0.919692 0.920693 0.958067 0.955323 0.938080 0.940954 0.951666 0.946832 0.953886 0.945656 0.940039 0.950359 0.933508 0.938602 0.925699 0.980871 0.979875 0.979756 0.979621 0.980539 0.980188 0.980886 0.979697 0.980075 0.981164 0.980296 0.471848 0.942391 0.881579 0.880663 0.394099 0.318018 0.367472 0.275376 0.302678 0.308937 0.379864 0.239843 0.355521 0.000000 0.235924 0.592897 0.805356 0.815937 0.400653 0.565905 0.767342 0.537427 0.706910 0.383025 0.662965 0.781581 0.791378 0.787851 0.406793 0.767864 0.801045 0.518093
KY417147_|Bat_SARS-like_coronavirus_isolate_Rs4237|_complete 0.920867 0.918609 0.954492 0.953707 0.939192 0.941807 0.943769 0.945730 0.953577 0.943638 0.937884 0.946123 0.931738 0.940761 0.925568 0.981000 0.980385 0.979501 0.979208 0.980152 0.980316 0.981015 0.979568 0.979817 0.980523 0.980039 0.467242 0.944030 0.887051 0.882100 0.396280 0.385010 0.380050 0.287544 0.287657 0.355382 0.384043 0.287544 0.352258 0.235010 0.000000 0.603995 0.810645 0.819799 0.392703 0.564535 0.763306 0.534458 0.707432 0.335773 0.663790 0.785014 0.792075 0.788152 0.392834 0.768466 0.806068 0.506473
KU973692_|UNVERIFIED__SARS-related_coronavirus_isolate_F46|_ 0.919180 0.923167 0.954694 0.952605 0.939026 0.942682 0.952083 0.947774 0.955477 0.944901 0.936154 0.949471 0.935631 0.940984 0.922575 0.980613 0.980512 0.979756 0.979762 0.980410 0.980188 0.980240 0.978669 0.979560 0.981548 0.980425 0.587152 0.942029 0.884445 0.884972 0.615908 0.624872 0.535971 0.600862 0.589503 0.614481 0.613657 0.602559 0.606630 0.593419 0.604909 0.000000 0.826348 0.830135 0.619402 0.653218 0.778169 0.599295 0.584746 0.621726 0.685729 0.805458 0.813553 0.811986 0.617705 0.783914 0.824390 0.637681
KJ473813_|BtRf-BetaCoV/SX2013|_complete_genome 0.930269 0.931241 0.958234 0.957970 0.944356 0.946339 0.950701 0.952154 0.955987 0.949907 0.948189 0.957970 0.943695 0.948321 0.937320 0.980742 0.982041 0.981283 0.984272 0.981312 0.980960 0.981015 0.979954 0.980460 0.980651 0.979652 0.815572 0.943695 0.895518 0.901945 0.813342 0.812243 0.808210 0.807345 0.804132 0.810176 0.811439 0.806038 0.808927 0.804572 0.810514 0.825304 0.000000 0.382765 0.819059 0.835845 0.794091 0.761182 0.831943 0.814715 0.823949 0.714945 0.819659 0.817801 0.816019 0.799974 0.240860 0.827243
KJ473811_|BtRf-BetaCoV/JL2012|_complete_genome 0.934839 0.936320 0.959496 0.958959 0.945279 0.947023 0.955070 0.954667 0.957618 0.951046 0.947425 0.959898 0.944340 0.950376 0.941369 0.980742 0.981022 0.980519 0.980687 0.981054 0.980574 0.981144 0.980082 0.979946 0.980395 0.979781 0.828811 0.948847 0.898645 0.903643 0.822579 0.820200 0.813309 0.817802 0.813546 0.818526 0.821102 0.815841 0.817802 0.814892 0.818752 0.829090 0.382633 0.000000 0.824409 0.843216 0.798424 0.785770 0.843025 0.825629 0.830668 0.729719 0.832896 0.830777 0.822151 0.804157 0.380684 0.837459
KJ473816_|BtRs-BetaCoV/YN2013|_complete_genome 0.924654 0.923688 0.950461 0.948191 0.934838 0.940980 0.946989 0.949392 0.949927 0.942582 0.937775 0.952464 0.937909 0.941915 0.931967 0.979837 0.980639 0.979756 0.979704 0.981054 0.980188 0.981273 0.979568 0.979560 0.980395 0.979266 0.494429 0.954015 0.891219 0.889281 0.398589 0.444815 0.357432 0.385178 0.325314 0.427919 0.366284 0.386485 0.373140 0.398955 0.391918 0.617966 0.819059 0.824676 0.000000 0.537455 0.773867 0.553230 0.733246 0.408577 0.672175 0.796465 0.808126 0.812164 0.407798 0.785462 0.819028 0.522593
KJ473815_|BtRs-BetaCoV/GX2013|_complete_genome 0.928963 0.929157 0.955395 0.952858 0.939770 0.945112 0.952591 0.952991 0.954193 0.946181 0.940438 0.954594 0.938702 0.943243 0.934578 0.980483 0.980767 0.980774 0.979968 0.980539 0.980316 0.981015 0.978540 0.978661 0.980651 0.979008 0.608206 0.953088 0.895779 0.894373 0.586786 0.595226 0.567133 0.577964 0.557139 0.585519 0.572343 0.565155 0.580919 0.563292 0.563097 0.651652 0.835448 0.841346 0.537188 0.000000 0.778595 0.629349 0.738853 0.586672 0.710773 0.795541 0.762385 0.767335 0.574119 0.786508 0.835539 0.530321
KJ473814_|BtRs-BetaCoV/HuB2013|_complete_genome 0.923609 0.926813 0.954695 0.952988 0.940512 0.940643 0.947866 0.950099 0.954563 0.945371 0.943926 0.952856 0.936047 0.942482 0.931967 0.980613 0.981276 0.980901 0.984242 0.981441 0.980960 0.980886 0.979954 0.979946 0.981164 0.979781 0.771923 0.941431 0.874544 0.876877 0.774086 0.778747 0.767682 0.763952 0.758630 0.771689 0.774484 0.765390 0.767685 0.765643 0.763175 0.776733 0.794222 0.798162 0.774130 0.779383 0.000000 0.787601 0.804042 0.778634 0.793303 0.695863 0.757929 0.758160 0.769009 0.625833 0.790198 0.763327
KP886809_|Bat_SARS-like_coronavirus_YNLF_34C|_complete_genom 0.925307 0.926423 0.958671 0.955794 0.941146 0.945069 0.950039 0.948862 0.957363 0.947162 0.945462 0.958279 0.936437 0.945462 0.930138 0.979966 0.980130 0.979501 0.980643 0.980152 0.979545 0.979724 0.979568 0.979689 0.981676 0.978622 0.505101 0.944285 0.891610 0.890847 0.544452 0.572382 0.542685 0.552607 0.518828 0.548728 0.535780 0.546072 0.537066 0.536381 0.534327 0.597336 0.761967 0.786817 0.554015 0.630526 0.788125 0.000000 0.732334 0.545198 0.731101 0.816636 0.824614 0.821737 0.564347 0.800366 0.757651 0.599791
KF569996_|Rhinolophus_affinis_coronavirus_isolate_LYRa11|_co 0.918123 0.920432 0.956063 0.952673 0.939113 0.941851 0.950065 0.944459 0.952151 0.947588 0.941069 0.950847 0.930248 0.938983 0.926728 0.981388 0.980767 0.980647 0.979922 0.980668 0.980445 0.980498 0.980596 0.980460 0.981932 0.980683 0.714081 0.941199 0.895779 0.898044 0.709429 0.708162 0.701825 0.707562 0.708344 0.700652 0.707171 0.709387 0.705606 0.707953 0.708475 0.584224 0.832073 0.843807 0.734420 0.740287 0.805215 0.733507 0.000000 0.708654 0.615124 0.808866 0.823338 0.823990 0.721904 0.805867 0.832986 0.713168
KF367457_|Bat_SARS-like_coronavirus_WIV1|_complete_genome 0.921546 0.919620 0.953903 0.951592 0.938238 0.942732 0.947483 0.946970 0.953647 0.944016 0.937083 0.949923 0.934129 0.941320 0.927966 0.981510 0.979748 0.979628 0.979584 0.979969 0.979712 0.980483 0.978557 0.978557 0.980907 0.979584 0.431305 0.944658 0.885465 0.887904 0.264144 0.285293 0.396893 0.339111 0.331921 0.343349 0.212250 0.381228 0.245378 0.381741 0.335388 0.620057 0.814458 0.825372 0.408963 0.587314 0.778249 0.545069 0.707242 0.000000 0.689266 0.800462 0.810478 0.810863 0.454032 0.795711 0.812789 0.534155
JX993988_|Bat_coronavirus_Cp/Yunnan2011|_complete_genome 0.925046 0.925902 0.955981 0.954263 0.939855 0.944349 0.947918 0.949108 0.950826 0.945142 0.938136 0.950826 0.937872 0.939722 0.932881 0.980225 0.980003 0.980392 0.980436 0.980152 0.980059 0.980628 0.978540 0.978532 0.981164 0.980683 0.688819 0.944085 0.895779 0.896201 0.681847 0.684420 0.661655 0.668671 0.653112 0.677626 0.681640 0.667102 0.671365 0.661398 0.662874 0.684032 0.824478 0.831329 0.671778 0.711831 0.792909 0.730055 0.614081 0.689394 0.000000 0.795278 0.819266 0.818587 0.668605 0.801412 0.824531 0.704781
JX993987_|Bat_coronavirus_Rp/Shaanxi2011|_complete_genome 0.927527 0.930069 0.955811 0.955019 0.942224 0.947105 0.949611 0.950270 0.956338 0.946181 0.943279 0.956998 0.940773 0.945917 0.937582 0.980613 0.981022 0.980519 0.983379 0.980797 0.979802 0.980240 0.980211 0.980203 0.980907 0.980554 0.790012 0.947500 0.879364 0.888236 0.795510 0.793506 0.791607 0.780552 0.779289 0.786693 0.796944 0.782251 0.789481 0.780536 0.784360 0.804413 0.714945 0.729851 0.795805 0.795410 0.695469 0.815982 0.807301 0.801489 0.793431 0.000000 0.779423 0.778608 0.790397 0.728853 0.723627 0.784807
GQ153548_|Bat_SARS_coronavirus_HKU3-13|_complete_genome 0.925960 0.928376 0.954653 0.952031 0.941940 0.943250 0.950721 0.949934 0.954260 0.944823 0.945478 0.952556 0.938532 0.944430 0.932620 0.981000 0.980894 0.980010 0.979292 0.979637 0.979159 0.980498 0.979697 0.979432 0.981548 0.980039 0.811402 0.946134 0.814747 0.841363 0.802053 0.808907 0.804942 0.795059 0.785042 0.801826 0.801776 0.795321 0.800313 0.790072 0.791552 0.811986 0.820446 0.833159 0.809305 0.763172 0.758585 0.824353 0.821121 0.810606 0.819266 0.780472 0.000000 0.331455 0.802752 0.766375 0.816276 0.792272
GQ153543_|Bat_SARS_coronavirus_HKU3-8|_complete_genome 0.924132 0.929809 0.955826 0.953991 0.941932 0.943898 0.949535 0.948093 0.954909 0.942981 0.942719 0.951239 0.936427 0.941932 0.931705 0.980742 0.980639 0.980138 0.979158 0.979765 0.979673 0.980111 0.979568 0.979175 0.981164 0.979781 0.812033 0.943374 0.810969 0.836924 0.802694 0.808907 0.799320 0.793360 0.786349 0.804958 0.801384 0.793622 0.802532 0.787067 0.788414 0.810941 0.818849 0.831039 0.812557 0.768122 0.758684 0.821344 0.822947 0.810991 0.819111 0.778608 0.331455 0.000000 0.801153 0.761015 0.813786 0.790963
FJ588686_|Bat_SARS_CoV_Rs672/2006|_complete_genome 0.924654 0.927204 0.955002 0.953663 0.938931 0.942815 0.947368 0.950583 0.954600 0.943886 0.940137 0.952725 0.933307 0.940404 0.933664 0.981388 0.981404 0.981411 0.982054 0.981441 0.981346 0.980886 0.979440 0.979946 0.981420 0.979008 0.519989 0.944739 0.893174 0.890717 0.444131 0.462012 0.408158 0.370801 0.394351 0.445532 0.445417 0.358515 0.432916 0.405356 0.392180 0.616138 0.816812 0.822017 0.408065 0.574920 0.768615 0.563824 0.720730 0.454032 0.668738 0.790793 0.802621 0.801022 0.000000 0.779710 0.813131 0.528880
DQ648857_|Bat_coronavirus__BtCoV/279/2005_|_complete_genome 0.925699 0.930329 0.958557 0.956857 0.942215 0.947052 0.948621 0.951758 0.957249 0.946006 0.945352 0.953589 0.943130 0.941692 0.932881 0.980871 0.980512 0.980265 0.980520 0.981699 0.980960 0.980886 0.978155 0.978532 0.980907 0.980683 0.787031 0.945222 0.880406 0.886800 0.784477 0.788244 0.770297 0.771664 0.761015 0.778604 0.787934 0.772579 0.780084 0.766688 0.767944 0.782609 0.800105 0.804288 0.785985 0.787946 0.626618 0.800235 0.804563 0.796225 0.801412 0.728330 0.766113 0.760753 0.778795 0.000000 0.792391 0.756962
DQ648856_|Bat_coronavirus__BtCoV/273/2005_|_complete_genome 0.931444 0.933325 0.959507 0.959245 0.945223 0.948500 0.951645 0.953741 0.957148 0.951383 0.948237 0.957935 0.944044 0.949548 0.937843 0.980354 0.981149 0.980774 0.980081 0.980925 0.980059 0.980628 0.978412 0.979303 0.981164 0.980039 0.809199 0.945486 0.894476 0.898290 0.807441 0.807367 0.806118 0.802771 0.798379 0.804566 0.806607 0.800680 0.803968 0.799608 0.804891 0.823345 0.240860 0.380553 0.819159 0.836588 0.790460 0.757389 0.831812 0.812404 0.823614 0.723758 0.816800 0.813786 0.812606 0.791999 0.000000 0.821480
DQ071615_|Bat_SARS_coronavirus_Rp3|_complete_genome 0.922695 0.925511 0.959659 0.956123 0.941323 0.943418 0.954551 0.949181 0.956516 0.948788 0.943549 0.954028 0.937525 0.941847 0.929485 0.981130 0.980639 0.980138 0.982842 0.980410 0.980059 0.979853 0.979440 0.979432 0.981420 0.978880 0.567649 0.947217 0.889526 0.887844 0.540475 0.546715 0.524774 0.531826 0.504576 0.534247 0.521416 0.517972 0.527800 0.516264 0.505950 0.635462 0.827243 0.836935 0.522855 0.531500 0.763327 0.599791 0.711343 0.534412 0.705174 0.784414 0.791879 0.790701 0.528880 0.757485 0.821611 0.000000
