58
hCoV-19/Wuhan/WIV06/2019|EPI_ISL_402129|2019-12-30_ 0.000000 0.482162 0.491200 0.390933 0.284800 0.280933 0.312000 0.289067 0.447733 0.389867 0.790267 0.820933 0.885467 0.217333 0.770667 0.961350 0.961062 0.962677 0.970267 0.965201 0.959367 0.961434 0.958495 0.960642 0.967994 0.959139 0.906891 0.933102 0.808516 0.811108 0.909349 0.906238 0.905280 0.901070 0.905737 0.913009 0.908781 0.900418 0.913325 0.903141 0.912079 0.903121 0.920933 0.917867 0.909867 0.908861 0.905161 0.907320 0.907815 0.905563 0.908959 0.907619 0.911348 0.908709 0.909733 0.914094 0.917884 0.908351
hCoV-19/bat/Yunnan/RaTG13/2013|EPI_ISL_402131|2013-07-24_ 0.480964 0.000000 0.712726 0.656949 0.595314 0.587859 0.637247 0.616747 0.685170 0.644835 0.788339 0.825346 0.887513 0.573349 0.771033 0.960577 0.960303 0.961285 0.969116 0.964812 0.959110 0.961305 0.958495 0.960383 0.966970 0.958752 0.906365 0.932641 0.812219 0.811771 0.907544 0.906624 0.904232 0.900548 0.903768 0.911955 0.907602 0.901070 0.911478 0.904058 0.910627 0.905732 0.921459 0.919063 0.908679 0.907881 0.907388 0.908235 0.908209 0.903379 0.909487 0.910909 0.913580 0.911595 0.912939 0.916590 0.917884 0.910320
hCoV-19/Guangdong/GD2020085-P0043/2020|EPI_ISL_413887|2020-0 0.509733 0.733626 0.000000 0.227937 0.411262 0.480962 0.556360 0.582484 0.508675 0.525198 0.860493 0.879211 0.929381 0.539184 0.884662 0.976681 0.975221 0.976215 0.966540 0.982018 0.978141 0.980717 0.980476 0.981616 0.979516 0.981052 0.950289 0.965752 0.914573 0.915297 0.950999 0.950225 0.949168 0.945445 0.950637 0.957823 0.951769 0.946620 0.955277 0.948560 0.957360 0.944640 0.959995 0.955738 0.946232 0.946036 0.946162 0.947712 0.951088 0.947321 0.949524 0.946967 0.950880 0.950551 0.951580 0.952844 0.956705 0.951418
hCoV-19/Guangdong/GD2020016-P0011/2020|EPI_ISL_413885|2020-0 0.409333 0.677849 0.227352 0.000000 0.333166 0.354375 0.482420 0.520172 0.423534 0.450280 0.848768 0.861084 0.924129 0.440493 0.866577 0.974878 0.973704 0.973937 0.964112 0.980595 0.975698 0.978129 0.977761 0.979544 0.978108 0.978474 0.947396 0.963086 0.887067 0.890111 0.948420 0.946109 0.945631 0.941791 0.946961 0.954132 0.947182 0.943096 0.952243 0.944895 0.954323 0.942160 0.957594 0.952644 0.942344 0.942438 0.942363 0.943791 0.947023 0.943723 0.945560 0.944203 0.946809 0.947009 0.949025 0.949691 0.953020 0.947479
hCoV-19/Guangdong/DG-S6-P0055/2020|EPI_ISL_413895|2020-02-28 0.308267 0.620341 0.415116 0.337523 0.000000 0.200234 0.416629 0.443072 0.328808 0.446623 0.822054 0.840712 0.912797 0.335643 0.839518 0.975908 0.974589 0.974443 0.967991 0.981759 0.976726 0.979035 0.978666 0.981227 0.978364 0.980794 0.933325 0.956690 0.866173 0.866649 0.937073 0.934019 0.932923 0.928870 0.934751 0.940293 0.935387 0.929392 0.941161 0.930105 0.940858 0.930800 0.945059 0.941881 0.930008 0.930846 0.932408 0.932418 0.936008 0.932288 0.933140 0.932754 0.937484 0.935729 0.935440 0.938001 0.942361 0.935530
hCoV-19/Guangdong/ZQ-S2-P0061/2020|EPI_ISL_413901|2020-02-28 0.305067 0.613951 0.486306 0.359886 0.201403 0.000000 0.420552 0.449964 0.388778 0.437041 0.834075 0.846487 0.914594 0.335797 0.846484 0.977841 0.976991 0.978112 0.968270 0.985511 0.980327 0.982141 0.981898 0.983169 0.980028 0.982212 0.937401 0.959755 0.854404 0.856310 0.942618 0.938907 0.936591 0.932655 0.938952 0.945038 0.939712 0.934351 0.945646 0.935340 0.945215 0.935892 0.949460 0.944706 0.939528 0.938041 0.934897 0.936993 0.939680 0.937428 0.939746 0.937887 0.940110 0.940189 0.940417 0.943649 0.947230 0.940651
hCoV-19/Guangdong/GDSZ202013-P0014/2020|EPI_ISL_413865|2020- 0.303467 0.630458 0.539762 0.462049 0.388260 0.390373 0.000000 0.409189 0.524974 0.487400 0.823687 0.834767 0.903123 0.351592 0.838848 0.974620 0.973198 0.974317 0.968010 0.979172 0.976083 0.976576 0.976209 0.977473 0.977980 0.976927 0.932799 0.953092 0.869743 0.870095 0.933978 0.931318 0.931875 0.927043 0.933044 0.938316 0.933552 0.926651 0.938259 0.929450 0.937954 0.928059 0.944659 0.943495 0.933628 0.934177 0.932146 0.933725 0.934828 0.930618 0.933404 0.933412 0.937352 0.934418 0.934096 0.938789 0.942229 0.935005
hCoV-19/USA/NY-NYUMC1/2020|EPI_ISL_414639|2020-03-04_ 0.275600 0.605831 0.562383 0.496913 0.411917 0.417947 0.405456 0.000000 0.544436 0.500790 0.822541 0.837760 0.904367 0.372146 0.831882 0.975264 0.974716 0.975708 0.976884 0.979819 0.977241 0.976576 0.976338 0.977602 0.979260 0.978861 0.930694 0.955757 0.865115 0.865986 0.933075 0.931447 0.929779 0.925998 0.932126 0.937129 0.933683 0.925998 0.937071 0.928534 0.938350 0.929364 0.943592 0.941746 0.935103 0.934310 0.930836 0.931503 0.933255 0.929976 0.933668 0.932886 0.935776 0.932581 0.934902 0.938263 0.941440 0.933430
hCoV-19/China/Spain-cluster-case1/2020|EPI_ISL_415045|2020-0 0.468133 0.706869 0.510844 0.426456 0.327300 0.385772 0.547759 0.569131 0.000000 0.502221 0.864203 0.893808 0.933527 0.477290 0.886805 0.977970 0.975221 0.976088 0.973474 0.983959 0.981355 0.981235 0.980864 0.983040 0.981564 0.986208 0.948054 0.962420 0.895134 0.897402 0.950741 0.949068 0.946286 0.941399 0.947617 0.954791 0.949410 0.942965 0.954354 0.944372 0.954059 0.945685 0.955994 0.952105 0.946500 0.945636 0.946424 0.946536 0.947679 0.945779 0.945032 0.947888 0.950617 0.949502 0.949966 0.952187 0.953415 0.949711
hCoV-19/Wuhan/WH02/2019|EPI_ISL_406799|2019-12-31_ 0.405600 0.661741 0.525198 0.450859 0.440422 0.430194 0.505055 0.521752 0.499517 0.000000 0.813743 0.835258 0.910033 0.457121 0.835901 0.973460 0.972314 0.972292 0.963419 0.977620 0.974026 0.976187 0.975562 0.976178 0.977212 0.976025 0.936875 0.956157 0.868818 0.867179 0.938491 0.936592 0.934888 0.930566 0.935014 0.942797 0.937877 0.930827 0.943668 0.933639 0.942838 0.931975 0.947860 0.944571 0.934165 0.933378 0.934373 0.935163 0.940991 0.934344 0.936575 0.934860 0.936302 0.935729 0.936920 0.941022 0.946177 0.937631
hCoV-19/pangolin/China/MP789/2019|EPI_ISL_412860|2019-03-19_ 0.807467 0.807109 0.861977 0.849362 0.817602 0.827694 0.837044 0.835319 0.863164 0.817750 0.000000 0.441822 0.886954 0.828287 0.223041 0.972816 0.970923 0.972039 0.971060 0.977361 0.975183 0.974893 0.974399 0.976178 0.976443 0.976669 0.931220 0.950426 0.879397 0.877519 0.933204 0.930547 0.926372 0.926912 0.930419 0.937788 0.931717 0.924432 0.937203 0.927094 0.936898 0.925317 0.945859 0.941074 0.929874 0.927915 0.930967 0.930980 0.934828 0.927149 0.928515 0.931307 0.937090 0.935598 0.931944 0.936293 0.942756 0.932248
hCoV-19/pangolin/Guangdong/P2S/2019|EPI_ISL_410544|2019_ 0.817867 0.822817 0.867020 0.847610 0.819217 0.824992 0.834465 0.837904 0.878248 0.821944 0.415702 0.000000 0.901050 0.830023 0.403483 0.980546 0.978761 0.979631 0.969682 0.984476 0.980584 0.982399 0.982674 0.983817 0.983741 0.979376 0.941610 0.960288 0.895266 0.896341 0.941844 0.939421 0.934233 0.934221 0.936852 0.947146 0.941153 0.931611 0.945119 0.934686 0.942838 0.933412 0.951194 0.949146 0.940333 0.939507 0.937647 0.938954 0.942040 0.936528 0.938029 0.941045 0.943131 0.940976 0.941089 0.943649 0.949072 0.939601
hCoV-19/pangolin/Guangxi/P3B/2017|EPI_ISL_410543|2017_ 0.896000 0.899228 0.925235 0.919154 0.900912 0.900359 0.909757 0.910310 0.926617 0.907960 0.880044 0.908375 0.000000 0.918878 0.890154 0.967534 0.966877 0.967738 0.973051 0.972057 0.969397 0.969458 0.966770 0.968799 0.973243 0.970095 0.924776 0.943230 0.912457 0.910923 0.923017 0.920772 0.920084 0.916862 0.920047 0.929221 0.922936 0.914122 0.926913 0.919503 0.925281 0.917091 0.937992 0.932194 0.926254 0.922585 0.919046 0.921307 0.920666 0.918926 0.923494 0.923937 0.924744 0.923531 0.919570 0.928149 0.934728 0.920431
hCoV-19/Wuhan/IVDC-HB-envF54/2020|EPI_ISL_408512|2020-01-01_ 0.227867 0.584132 0.528868 0.430485 0.319938 0.321170 0.372416 0.396841 0.464973 0.450192 0.813743 0.849269 0.915423 0.000000 0.825050 0.961608 0.961315 0.963310 0.964588 0.965071 0.961168 0.961952 0.959271 0.961031 0.968634 0.959010 0.926486 0.938300 0.849643 0.850875 0.927917 0.923344 0.924931 0.918820 0.925167 0.931198 0.926999 0.919603 0.932190 0.921466 0.930957 0.924011 0.937592 0.933271 0.927729 0.923384 0.924417 0.926275 0.927092 0.923166 0.924154 0.926306 0.928947 0.927204 0.926160 0.929463 0.934860 0.927652
hCoV-19/pangolin/Guangdong/1/2019|EPI_ISL_410721|2019_ 0.766400 0.766241 0.861621 0.843670 0.809645 0.817816 0.836035 0.831882 0.861621 0.816075 0.201206 0.404421 0.874883 0.813530 0.000000 0.960320 0.959545 0.960653 0.964903 0.963777 0.959625 0.960657 0.957978 0.959606 0.967098 0.958237 0.911888 0.933769 0.846072 0.845705 0.913991 0.911640 0.906983 0.908248 0.910332 0.918940 0.912975 0.905377 0.917414 0.907984 0.916964 0.905340 0.925723 0.922840 0.914535 0.912991 0.912759 0.911242 0.914896 0.908390 0.914244 0.916700 0.915682 0.914349 0.915740 0.917772 0.923016 0.911896
NC_038294_|Betacoronavirus_England_1|_complete_genome 0.968049 0.969853 0.971914 0.967534 0.957614 0.960191 0.986215 0.977583 0.967405 0.968307 0.962767 0.989178 0.965473 0.963154 0.972043 0.000000 0.931985 0.933831 0.382376 0.935326 0.930436 0.832517 0.932105 0.933265 0.934579 0.831229 0.961865 0.960448 0.967276 0.967792 0.962252 0.960900 0.960191 0.957228 0.962123 0.968822 0.962123 0.957743 0.967921 0.959547 0.968307 0.958387 0.969467 0.964184 0.961737 0.956583 0.956712 0.958258 0.962510 0.959527 0.959933 0.958387 0.963798 0.962896 0.963927 0.964056 0.964313 0.960964
MG987421_|Middle_East_respiratory_syndrome-related_coronavir 0.975727 0.975727 0.972314 0.970291 0.960556 0.961694 0.983692 0.980784 0.967889 0.968900 0.967130 0.988369 0.970291 0.967889 0.976485 0.942225 0.000000 0.420480 0.956511 0.922882 0.903666 0.943616 0.940582 0.940834 0.901264 0.945006 0.968394 0.967762 0.973578 0.973198 0.970291 0.967889 0.965866 0.965234 0.967636 0.975348 0.969153 0.964602 0.974968 0.967257 0.974589 0.966119 0.978635 0.973198 0.967889 0.962326 0.966877 0.967636 0.971429 0.966751 0.969027 0.965866 0.970923 0.970923 0.971808 0.971049 0.972693 0.969153
MG987420_|Middle_East_respiratory_syndrome-related_coronavir 0.970395 0.972292 0.970015 0.966473 0.957490 0.958249 0.979378 0.978998 0.964954 0.967232 0.964195 0.986842 0.966852 0.965461 0.973811 0.938512 0.419975 0.000000 0.954580 0.919408 0.891068 0.943446 0.939777 0.942055 0.902201 0.940283 0.963816 0.963689 0.970395 0.969762 0.965587 0.963436 0.963436 0.960273 0.965587 0.970774 0.964322 0.959767 0.970395 0.963310 0.971280 0.961665 0.973178 0.966473 0.964828 0.959514 0.960400 0.961159 0.967358 0.961159 0.963942 0.962424 0.966726 0.965334 0.966220 0.967105 0.969003 0.963436
MG912609_|Middle_East_respiratory_syndrome-related_coronavir 0.995600 0.995873 0.969313 0.967927 0.966650 0.963093 0.975253 0.980617 0.972781 0.968273 0.972544 0.977703 0.981067 0.984142 1.000000 0.382247 0.951960 0.952556 0.000000 0.956662 0.952938 0.883914 0.958754 0.958700 0.953655 0.879608 0.981063 0.980677 0.990611 0.989661 0.981044 0.980064 0.978514 0.976116 0.981095 0.986688 0.981258 0.976638 0.986016 0.978927 0.988251 0.977151 0.986665 0.981300 0.980960 0.977082 0.975635 0.977647 0.981773 0.978286 0.978858 0.975918 0.981481 0.979932 0.981305 0.982399 0.983682 0.979911
MG021452_|Middle_East_respiratory_syndrome-related_coronavir 0.966494 0.969082 0.972057 0.968305 0.957439 0.960543 0.985123 0.980854 0.967400 0.968047 0.960931 0.989651 0.963519 0.962354 0.970505 0.931074 0.910746 0.910931 0.949159 0.000000 0.780507 0.932859 0.927851 0.927426 0.907822 0.931554 0.959638 0.959120 0.964295 0.965071 0.961444 0.959614 0.958732 0.955886 0.960802 0.967400 0.960026 0.956404 0.965847 0.959120 0.967012 0.957439 0.968564 0.961966 0.959897 0.954851 0.956274 0.957050 0.961449 0.956957 0.958085 0.957050 0.961449 0.959379 0.962225 0.963389 0.964166 0.958732
MG021451_|Middle_East_respiratory_syndrome-related_coronavir 0.967211 0.969268 0.968240 0.964125 0.955253 0.956538 0.978784 0.978784 0.965282 0.965668 0.960267 0.984056 0.967211 0.962839 0.971840 0.931593 0.895070 0.886893 0.950366 0.785136 0.000000 0.935451 0.930693 0.930564 0.911151 0.934808 0.960267 0.960267 0.965925 0.967082 0.961810 0.959239 0.959625 0.956410 0.961810 0.967340 0.961168 0.956281 0.966954 0.958853 0.967854 0.958339 0.968883 0.963225 0.960910 0.956024 0.956538 0.957567 0.962839 0.957728 0.958982 0.957567 0.962068 0.960396 0.963096 0.964639 0.964639 0.959367
MF593268_|Middle_East_respiratory_syndrome-related_coronavir 0.966481 0.968164 0.972305 0.968034 0.957163 0.960140 0.983305 0.974634 0.967905 0.967905 0.960269 0.989776 0.964281 0.960528 0.970364 0.829168 0.932491 0.936235 0.879384 0.934929 0.931979 0.000000 0.927463 0.928303 0.933939 0.381799 0.960399 0.958069 0.965575 0.966740 0.961702 0.959228 0.959622 0.955351 0.961305 0.967387 0.961046 0.956257 0.966869 0.959234 0.967775 0.957034 0.968164 0.962340 0.960657 0.955351 0.956775 0.956128 0.961822 0.957600 0.958069 0.957163 0.962081 0.960269 0.962599 0.963246 0.963375 0.959234
MG596803_|Middle_East_respiratory_syndrome-related_coronavir 0.964960 0.967029 0.970520 0.966382 0.956038 0.959012 0.981769 0.975045 0.966641 0.966770 0.958236 0.988751 0.962503 0.959400 0.968839 0.929142 0.927813 0.932692 0.948410 0.929661 0.928379 0.927592 0.000000 0.212697 0.927410 0.926270 0.960176 0.958754 0.964831 0.966124 0.960928 0.959100 0.958495 0.956168 0.961210 0.967417 0.960176 0.956038 0.965994 0.958495 0.967287 0.957590 0.968451 0.962245 0.959529 0.955133 0.956297 0.956038 0.962503 0.956701 0.958754 0.957590 0.962503 0.960047 0.961857 0.963150 0.963150 0.958236
MG596802_|Middle_East_respiratory_syndrome-related_coronavir 0.964915 0.967115 0.970482 0.966339 0.955593 0.958959 0.983946 0.979933 0.966209 0.967245 0.958571 0.988736 0.961678 0.959218 0.968799 0.929400 0.926549 0.934337 0.948084 0.927943 0.926450 0.926750 0.211792 0.000000 0.925362 0.925883 0.959865 0.957794 0.964267 0.964915 0.961315 0.958199 0.958571 0.955981 0.960772 0.967115 0.960124 0.955981 0.966468 0.958571 0.967763 0.956370 0.968022 0.961937 0.959347 0.954169 0.955981 0.955722 0.961937 0.956187 0.958571 0.957276 0.961678 0.959218 0.961937 0.962325 0.963102 0.958053
KJ473821_|BtVs-BetaCoV/SC2013|_complete_genome 0.969786 0.970554 0.973883 0.970426 0.960696 0.963769 0.984125 0.980668 0.971066 0.965305 0.962361 0.990910 0.966330 0.964409 0.972603 0.929202 0.890771 0.894610 0.948918 0.908975 0.907566 0.931635 0.926258 0.925490 0.000000 0.929971 0.961721 0.961721 0.966330 0.967226 0.961721 0.960184 0.959416 0.957112 0.961849 0.968250 0.961209 0.956600 0.966714 0.959288 0.967482 0.958392 0.968762 0.963257 0.961337 0.955832 0.956344 0.958008 0.963897 0.958136 0.959928 0.958136 0.963257 0.961209 0.963001 0.962617 0.965561 0.960824
KC869678_|Coronavirus_Neoromicia/PML-PHE1/RSA/2011|_complete 0.965068 0.967260 0.974736 0.969966 0.960299 0.962104 0.985048 0.978989 0.974478 0.969580 0.963264 0.986852 0.968162 0.960170 0.969451 0.830198 0.932996 0.934590 0.877417 0.935422 0.933136 0.381542 0.927688 0.928461 0.934835 0.000000 0.958623 0.958366 0.964682 0.965713 0.960557 0.957685 0.957721 0.954370 0.960815 0.966100 0.959912 0.954885 0.965326 0.957850 0.966486 0.956561 0.967517 0.961330 0.959397 0.954370 0.956174 0.955530 0.961846 0.956957 0.958108 0.957979 0.961975 0.960170 0.961717 0.963006 0.964295 0.958237
NC_004718_|SARS_coronavirus|_complete_genome 0.915834 0.917806 0.945555 0.941478 0.917543 0.921489 0.940426 0.938453 0.939637 0.931220 0.921620 0.956076 0.928196 0.929511 0.926355 0.959804 0.957649 0.958755 0.968964 0.962484 0.957824 0.960528 0.959917 0.960642 0.966074 0.958108 0.000000 0.928722 0.881641 0.877696 0.417795 0.442830 0.472160 0.478204 0.468032 0.442004 0.414679 0.484599 0.409653 0.469503 0.471725 0.583888 0.817859 0.824698 0.495003 0.602972 0.764475 0.502484 0.712693 0.430811 0.684114 0.781168 0.807591 0.807319 0.520516 0.786155 0.806812 0.566964
KY352407_|Severe_acute_respiratory_syndrome-related_coronavi 0.940965 0.942492 0.958822 0.954024 0.937233 0.940165 0.956556 0.958156 0.950426 0.950293 0.940565 0.970549 0.944829 0.940565 0.946562 0.960706 0.959166 0.960147 0.968017 0.963777 0.958853 0.960010 0.957978 0.959347 0.965945 0.959783 0.928327 0.000000 0.937054 0.938494 0.928562 0.925916 0.925979 0.922083 0.928318 0.931594 0.927654 0.921952 0.933245 0.923953 0.933861 0.923358 0.935901 0.934435 0.936700 0.930180 0.924679 0.924706 0.928141 0.926250 0.927590 0.928017 0.931311 0.927335 0.928971 0.932747 0.934070 0.930016
MG772933_|Bat_SARS-like_coronavirus_isolate_bat-SL-CoVZC45|_ 0.810897 0.816583 0.901613 0.874636 0.846072 0.836287 0.883100 0.872124 0.879397 0.856123 0.861016 0.906110 0.907167 0.846601 0.852817 0.959804 0.956890 0.958122 0.967733 0.960543 0.956024 0.958975 0.956943 0.957923 0.965561 0.957205 0.874277 0.929516 0.000000 0.342766 0.876209 0.872026 0.872920 0.872618 0.871866 0.878345 0.874181 0.868703 0.879420 0.867408 0.880924 0.869174 0.888786 0.887464 0.880190 0.878471 0.859052 0.874379 0.886048 0.871515 0.881342 0.863140 0.803126 0.797219 0.881910 0.868908 0.883932 0.876182
MG772934_|Bat_SARS-like_coronavirus_isolate_bat-SL-CoVZXC21| 0.812301 0.816543 0.901379 0.876591 0.845308 0.836691 0.878446 0.871156 0.879109 0.854984 0.859889 0.902306 0.905753 0.846898 0.852731 0.959289 0.957269 0.957743 0.967126 0.959897 0.955896 0.958328 0.956168 0.957664 0.965561 0.957205 0.870200 0.929215 0.342634 0.000000 0.877756 0.872283 0.872265 0.870660 0.873572 0.878608 0.875491 0.868703 0.878760 0.866492 0.875644 0.871001 0.895811 0.890907 0.877121 0.876856 0.861540 0.874641 0.888408 0.874341 0.881210 0.871825 0.830050 0.823977 0.879109 0.876527 0.888670 0.874081
KY417151_|Bat_SARS-like_coronavirus_isolate_Rs7327|_complete 0.917473 0.917988 0.944939 0.941328 0.920052 0.925081 0.948936 0.939781 0.940554 0.932947 0.922115 0.953707 0.920954 0.929723 0.925725 0.961608 0.958913 0.959894 0.969826 0.963894 0.958339 0.961831 0.959768 0.961702 0.966458 0.959268 0.417795 0.928304 0.881754 0.884720 0.000000 0.314469 0.398582 0.369181 0.299420 0.343005 0.287685 0.385429 0.182592 0.391103 0.401289 0.611992 0.817279 0.820374 0.399355 0.582463 0.765957 0.540941 0.709736 0.265193 0.679046 0.786847 0.799355 0.799226 0.444874 0.785042 0.806576 0.540168
KY417150_|Bat_SARS-like_coronavirus_isolate_Rs4874|_complete 0.915627 0.918714 0.945338 0.940965 0.918971 0.923344 0.947138 0.939421 0.939936 0.931190 0.922186 0.952797 0.922315 0.927460 0.926302 0.961158 0.958660 0.959514 0.969904 0.962958 0.958724 0.961286 0.959100 0.961672 0.965945 0.958714 0.445016 0.926817 0.879100 0.880772 0.316785 0.000000 0.427010 0.321029 0.395884 0.250418 0.324373 0.259807 0.330804 0.315884 0.391125 0.620707 0.817106 0.817878 0.446817 0.591640 0.769904 0.569775 0.707910 0.285494 0.681672 0.785852 0.805916 0.803730 0.464180 0.788296 0.806945 0.546752
KY417145_|Bat_SARS-like_coronavirus_isolate_Rf4092|_complete 0.914581 0.916023 0.944714 0.940652 0.918512 0.921525 0.948906 0.937377 0.937901 0.931089 0.919036 0.947858 0.924407 0.928206 0.921787 0.961994 0.956637 0.958249 0.965806 0.963389 0.958596 0.961175 0.958883 0.960254 0.966586 0.959397 0.473470 0.926765 0.879864 0.881305 0.401161 0.427010 0.000000 0.359697 0.348487 0.398795 0.371021 0.366092 0.381501 0.366754 0.388052 0.534404 0.812656 0.812918 0.360671 0.565309 0.761200 0.542484 0.701297 0.395477 0.660029 0.785012 0.801258 0.797196 0.411896 0.771387 0.805057 0.527316
KY417149_|Bat_SARS-like_coronavirus_isolate_Rs4255|_complete 0.915557 0.917254 0.945445 0.942052 0.918298 0.922605 0.941138 0.937092 0.938136 0.930697 0.923258 0.951318 0.924563 0.927826 0.927043 0.963412 0.960177 0.961665 0.970243 0.965330 0.960653 0.963893 0.962245 0.963102 0.969402 0.961846 0.483947 0.928087 0.884364 0.883320 0.375113 0.325402 0.363613 0.000000 0.302271 0.326416 0.358392 0.223962 0.333072 0.277212 0.298617 0.598799 0.813626 0.817019 0.391282 0.577525 0.759462 0.552336 0.708823 0.338430 0.668494 0.775254 0.794701 0.791047 0.377186 0.774993 0.803576 0.536022
KY417142_|Bat_SARS-like_coronavirus_isolate_As6526|_complete 0.914927 0.915846 0.943547 0.939609 0.918341 0.922279 0.940528 0.938296 0.937902 0.930156 0.920047 0.949193 0.919128 0.928187 0.922936 0.961350 0.958660 0.959135 0.968754 0.962484 0.958210 0.960916 0.959012 0.960901 0.966458 0.958752 0.467769 0.927924 0.877248 0.880268 0.299936 0.393955 0.347046 0.296398 0.000000 0.350269 0.328702 0.303185 0.318498 0.302618 0.294210 0.587283 0.809374 0.812262 0.327426 0.554812 0.753078 0.517909 0.707317 0.330849 0.650650 0.771957 0.784167 0.785677 0.397138 0.763818 0.799002 0.506499
KY417146_|Bat_SARS-like_coronavirus_isolate_Rs4231|_complete 0.914064 0.915645 0.946356 0.941479 0.917754 0.922367 0.948860 0.938579 0.938316 0.931066 0.920390 0.955055 0.920258 0.927112 0.924344 0.959804 0.957269 0.959008 0.964676 0.962354 0.957053 0.959622 0.959141 0.960383 0.964921 0.957592 0.436481 0.924608 0.877554 0.878740 0.337589 0.242830 0.390410 0.314539 0.344099 0.000000 0.300393 0.337640 0.292342 0.306283 0.356926 0.611960 0.814024 0.815474 0.425728 0.578753 0.764213 0.547320 0.699974 0.344469 0.672466 0.777997 0.798004 0.799580 0.443390 0.777880 0.803527 0.533351
KY417144_|Bat_SARS-like_coronavirus_isolate_Rs4084|_complete 0.916907 0.919004 0.945085 0.941022 0.919135 0.923591 0.947837 0.940367 0.939843 0.932372 0.921363 0.952556 0.924377 0.929096 0.925557 0.961350 0.958660 0.959008 0.969594 0.963389 0.958210 0.960269 0.958754 0.960383 0.965945 0.958752 0.415727 0.927523 0.881258 0.883093 0.288717 0.322830 0.369579 0.352649 0.328702 0.306684 0.000000 0.385539 0.248362 0.377749 0.389646 0.610524 0.815334 0.819397 0.366841 0.568545 0.766964 0.534248 0.706422 0.213542 0.677720 0.788467 0.798296 0.797379 0.445872 0.787680 0.805636 0.520446
KY417143_|Bat_SARS-like_coronavirus_isolate_Rs4081|_complete 0.914905 0.917776 0.945967 0.942052 0.919473 0.923649 0.939441 0.937614 0.939180 0.930305 0.920517 0.948708 0.920647 0.928478 0.924563 0.962123 0.959292 0.959767 0.970634 0.963907 0.960010 0.962599 0.960693 0.962714 0.967098 0.960170 0.490342 0.927565 0.879927 0.880841 0.391231 0.263666 0.369486 0.223440 0.308144 0.348995 0.390890 0.000000 0.375489 0.241190 0.297833 0.599452 0.812190 0.814409 0.391804 0.563952 0.759462 0.545158 0.709214 0.379674 0.666014 0.776299 0.793918 0.791047 0.364526 0.775124 0.801488 0.521665
KY417152_|Bat_SARS-like_coronavirus_isolate_Rs9401|_complete 0.915040 0.916095 0.943140 0.939050 0.918734 0.922691 0.947625 0.938654 0.938127 0.931662 0.919657 0.951715 0.918602 0.927441 0.922559 0.959547 0.956890 0.957869 0.968074 0.961837 0.957181 0.959881 0.958107 0.959736 0.965305 0.957721 0.403340 0.925989 0.879288 0.880211 0.177305 0.322572 0.372855 0.320934 0.312459 0.291947 0.241809 0.363874 0.000000 0.353272 0.353430 0.603995 0.812269 0.815699 0.369789 0.574142 0.760283 0.534902 0.705088 0.246820 0.665963 0.780761 0.796822 0.798531 0.429815 0.779456 0.803132 0.526786
KY417148_|Bat_SARS-like_coronavirus_isolate_Rs4247|_complete 0.914529 0.917670 0.945681 0.941230 0.917801 0.921990 0.939529 0.937565 0.938482 0.931152 0.920157 0.950524 0.920550 0.926963 0.924084 0.963154 0.959039 0.960526 0.969634 0.965071 0.959239 0.961175 0.961469 0.962973 0.968762 0.959783 0.472906 0.927487 0.877225 0.877618 0.394971 0.317556 0.368325 0.274602 0.305497 0.315445 0.381021 0.238972 0.363089 0.000000 0.244110 0.591461 0.810602 0.813743 0.403665 0.562173 0.760602 0.535163 0.707461 0.382243 0.660340 0.773822 0.788743 0.786126 0.410079 0.769503 0.800393 0.520550
KY417147_|Bat_SARS-like_coronavirus_isolate_Rs4237|_complete 0.913795 0.915247 0.945082 0.941122 0.918680 0.922640 0.946139 0.939406 0.938350 0.930957 0.920660 0.950759 0.917492 0.927657 0.921980 0.959804 0.957396 0.958629 0.967789 0.961578 0.957439 0.960140 0.958107 0.960772 0.965305 0.957979 0.465544 0.926205 0.881584 0.877228 0.396389 0.383794 0.380584 0.287001 0.289090 0.357058 0.383748 0.287131 0.353958 0.235340 0.000000 0.602037 0.813333 0.815314 0.390495 0.557360 0.757139 0.532810 0.706793 0.333804 0.659010 0.775628 0.789204 0.786726 0.391155 0.769079 0.803790 0.507747
KU973692_|UNVERIFIED__SARS-related_coronavirus_isolate_F46|_ 0.916047 0.920355 0.943465 0.939679 0.918527 0.923358 0.948035 0.939940 0.939940 0.931192 0.919833 0.951038 0.924272 0.929625 0.923097 0.962767 0.959166 0.959894 0.969578 0.963907 0.959367 0.961693 0.961210 0.961937 0.967866 0.959912 0.588458 0.928450 0.881447 0.883536 0.617021 0.623151 0.536624 0.597364 0.591722 0.622274 0.614571 0.598669 0.614702 0.592767 0.612090 0.000000 0.830135 0.828045 0.621622 0.649954 0.770074 0.596553 0.587805 0.618271 0.684293 0.798538 0.809897 0.808200 0.620838 0.784175 0.823998 0.638203
KJ473813_|BtRf-BetaCoV/SX2013|_complete_genome 0.920133 0.923456 0.948526 0.944659 0.922656 0.927324 0.943726 0.946793 0.941459 0.936525 0.928124 0.959195 0.931324 0.931991 0.931458 0.959160 0.957396 0.957743 0.968129 0.961966 0.957439 0.959493 0.958107 0.959089 0.963385 0.956819 0.812204 0.926439 0.886273 0.894751 0.810961 0.808746 0.804664 0.801096 0.802153 0.812838 0.809043 0.799791 0.812269 0.801047 0.812937 0.819428 0.000000 0.379917 0.815842 0.826516 0.788184 0.759477 0.827957 0.808943 0.818710 0.709699 0.816260 0.812566 0.811442 0.799291 0.242269 0.823923
KJ473811_|BtRf-BetaCoV/JL2012|_complete_genome 0.924400 0.927583 0.949818 0.945513 0.924526 0.928965 0.954796 0.949684 0.943226 0.937845 0.929235 0.960581 0.928024 0.934750 0.935432 0.959031 0.957396 0.958249 0.968250 0.962096 0.956153 0.959234 0.958236 0.958830 0.963001 0.956561 0.824303 0.931636 0.890637 0.896872 0.820503 0.815305 0.809118 0.809841 0.811868 0.820878 0.818611 0.808536 0.821372 0.810079 0.821254 0.823084 0.386185 0.000000 0.822338 0.832778 0.793293 0.781438 0.840152 0.819607 0.823731 0.724437 0.827817 0.824895 0.818157 0.803231 0.382024 0.833902
KJ473816_|BtRs-BetaCoV/YN2013|_complete_genome 0.917733 0.919995 0.935774 0.931349 0.911638 0.918611 0.940333 0.942076 0.931751 0.925047 0.920220 0.945562 0.922097 0.928935 0.927796 0.959804 0.958028 0.958882 0.964736 0.963001 0.957439 0.960399 0.958236 0.959606 0.964409 0.957205 0.494345 0.935901 0.884025 0.882688 0.398195 0.443344 0.357658 0.384625 0.326769 0.430473 0.365138 0.385800 0.374934 0.399607 0.395908 0.616791 0.820776 0.821266 0.000000 0.535110 0.769321 0.552157 0.733150 0.405885 0.669397 0.789051 0.806147 0.809155 0.409761 0.785367 0.816555 0.523634
KJ473815_|BtRs-BetaCoV/GX2013|_complete_genome 0.923651 0.924388 0.947235 0.942572 0.922452 0.929647 0.949767 0.949900 0.941506 0.935110 0.924317 0.957628 0.926316 0.931779 0.933378 0.962767 0.960303 0.961285 0.971219 0.965459 0.960139 0.962340 0.961598 0.963102 0.967098 0.959783 0.607838 0.935643 0.889447 0.888918 0.587621 0.594598 0.566881 0.576090 0.558881 0.589561 0.573001 0.563169 0.585092 0.563351 0.567393 0.649954 0.837175 0.838374 0.541772 0.000000 0.774168 0.627190 0.739313 0.585121 0.708377 0.789841 0.760704 0.765084 0.578281 0.787732 0.833004 0.531513
KJ473814_|BtRs-BetaCoV/HuB2013|_complete_genome 0.921404 0.925596 0.948520 0.944328 0.924024 0.927561 0.947079 0.941315 0.944459 0.935813 0.927037 0.954807 0.922845 0.933325 0.932670 0.963025 0.960556 0.962171 0.971837 0.966235 0.961425 0.964928 0.962245 0.962843 0.968506 0.961072 0.771024 0.930574 0.871496 0.874247 0.771889 0.775305 0.763820 0.759984 0.758711 0.776395 0.772203 0.759854 0.772203 0.763482 0.769059 0.772163 0.799319 0.799843 0.776526 0.775216 0.000000 0.783660 0.801284 0.773995 0.788053 0.692953 0.758842 0.758449 0.769976 0.628373 0.791197 0.761855
KP886809_|Bat_SARS-like_coronavirus_YNLF_34C|_complete_genom 0.920131 0.922876 0.946928 0.942092 0.920523 0.926144 0.949281 0.940654 0.941307 0.934118 0.925621 0.955294 0.923399 0.932680 0.929673 0.962252 0.959166 0.960526 0.970719 0.964683 0.958467 0.960787 0.959271 0.961419 0.967354 0.958881 0.507190 0.928627 0.887320 0.887974 0.546486 0.572476 0.543268 0.550770 0.522484 0.557647 0.538693 0.543983 0.546405 0.536993 0.542745 0.596031 0.768889 0.786797 0.558170 0.626797 0.781830 0.000000 0.733333 0.544520 0.728758 0.808366 0.822092 0.817909 0.567974 0.802222 0.760261 0.602222
KF569996_|Rhinolophus_affinis_coronavirus_isolate_LYRa11|_co 0.912536 0.915159 0.942827 0.938238 0.917519 0.921977 0.940073 0.937320 0.936664 0.932468 0.922764 0.953186 0.916995 0.926174 0.924862 0.960964 0.957522 0.959514 0.968529 0.961708 0.958210 0.959493 0.959788 0.960513 0.966714 0.958623 0.711382 0.924338 0.889326 0.892604 0.708833 0.705723 0.698153 0.701514 0.706530 0.704694 0.704587 0.703211 0.709415 0.703010 0.711907 0.582844 0.833596 0.840414 0.732232 0.732888 0.793424 0.727974 0.000000 0.704227 0.610674 0.800682 0.817598 0.817204 0.721610 0.804354 0.828613 0.710071
KF367457_|Bat_SARS-like_coronavirus_WIV1|_complete_genome 0.916742 0.918797 0.944623 0.940254 0.919311 0.923680 0.941025 0.938841 0.938970 0.931260 0.920853 0.951304 0.923937 0.929076 0.924708 0.962354 0.958407 0.960147 0.970448 0.963767 0.958628 0.961326 0.959784 0.961583 0.966842 0.959913 0.434537 0.929205 0.881151 0.885134 0.268534 0.286779 0.396505 0.335346 0.333933 0.352692 0.215855 0.377618 0.255685 0.381858 0.342541 0.617243 0.819478 0.823847 0.410510 0.583323 0.772196 0.542850 0.708082 0.000000 0.686368 0.793781 0.807272 0.807144 0.456122 0.795452 0.812283 0.534627
JX993988_|Bat_coronavirus_Cp/Yunnan2011|_complete_genome 0.920587 0.922569 0.948203 0.943975 0.922437 0.929440 0.943182 0.943975 0.940011 0.934329 0.924154 0.953620 0.924551 0.928515 0.931554 0.962381 0.958534 0.960273 0.970005 0.964036 0.958853 0.961305 0.960305 0.962714 0.967098 0.960170 0.688716 0.930365 0.890063 0.892838 0.682656 0.683987 0.661339 0.666797 0.654720 0.682220 0.681389 0.664970 0.675858 0.661518 0.668515 0.683771 0.829017 0.829017 0.673758 0.707585 0.787398 0.728235 0.616050 0.687396 0.000000 0.788393 0.816785 0.813877 0.672569 0.800998 0.822345 0.704569
JX993987_|Bat_coronavirus_Rp/Shaanxi2011|_complete_genome 0.920779 0.926438 0.947756 0.944072 0.919858 0.930254 0.942624 0.942624 0.938545 0.934860 0.926832 0.951178 0.924464 0.933149 0.935649 0.961865 0.958154 0.960020 0.966575 0.964036 0.958596 0.961693 0.960564 0.961548 0.966842 0.959655 0.786691 0.932360 0.874194 0.884064 0.793939 0.790611 0.788419 0.775254 0.778259 0.789446 0.794233 0.777865 0.793262 0.777094 0.788788 0.799060 0.722727 0.730886 0.797210 0.791288 0.693346 0.809935 0.807107 0.796736 0.789446 0.000000 0.778172 0.777020 0.791815 0.730198 0.724306 0.782957
GQ153548_|Bat_SARS_coronavirus_HKU3-13|_complete_genome 0.919228 0.922774 0.947071 0.942474 0.922380 0.926583 0.949698 0.942080 0.941292 0.931967 0.926714 0.956133 0.928159 0.931442 0.928159 0.961608 0.958154 0.960147 0.968479 0.961966 0.957696 0.960010 0.960047 0.959865 0.966842 0.958881 0.807985 0.930260 0.809167 0.837667 0.799355 0.803859 0.799686 0.788306 0.783642 0.804045 0.798689 0.788958 0.802338 0.786780 0.795640 0.805327 0.823614 0.830181 0.808773 0.756895 0.753078 0.818431 0.818778 0.804317 0.813107 0.775414 0.000000 0.332503 0.802338 0.767533 0.817048 0.790441
GQ153543_|Bat_SARS_coronavirus_HKU3-8|_complete_genome 0.918678 0.924843 0.947665 0.942681 0.922482 0.926810 0.948190 0.940058 0.940976 0.932581 0.925105 0.955142 0.926548 0.929958 0.928122 0.960577 0.958154 0.959135 0.968258 0.962484 0.957439 0.960528 0.959400 0.959995 0.966201 0.958237 0.809024 0.927991 0.804565 0.833158 0.800645 0.804630 0.796410 0.788306 0.786464 0.807188 0.798558 0.788697 0.804827 0.784293 0.793416 0.805719 0.821878 0.827387 0.812566 0.763116 0.753602 0.814902 0.820220 0.806244 0.811647 0.774659 0.333945 0.000000 0.800892 0.761411 0.814271 0.789349
FJ588686_|Bat_SARS_CoV_Rs672/2006|_complete_genome 0.918000 0.921326 0.946604 0.942703 0.920511 0.925757 0.948756 0.942838 0.940686 0.932078 0.921453 0.952925 0.916745 0.926295 0.928466 0.961608 0.958534 0.960020 0.969065 0.964036 0.959110 0.960916 0.959141 0.960513 0.966330 0.957592 0.519463 0.926706 0.886009 0.886002 0.443714 0.461093 0.408358 0.370660 0.395825 0.448135 0.444954 0.358131 0.434960 0.405759 0.396040 0.614832 0.817042 0.817350 0.409225 0.572152 0.762772 0.562222 0.719906 0.451882 0.666887 0.783787 0.801024 0.798662 0.000000 0.780244 0.809580 0.529937
DQ648857_|Bat_coronavirus__BtCoV/279/2005_|_complete_genome 0.921187 0.926836 0.946539 0.942335 0.921713 0.926836 0.944569 0.942730 0.942073 0.934717 0.926179 0.954026 0.927098 0.930251 0.929857 0.960320 0.958154 0.959514 0.969526 0.963260 0.958467 0.960269 0.959659 0.960124 0.965305 0.958108 0.783660 0.929463 0.874294 0.882044 0.783752 0.784180 0.767457 0.766249 0.761980 0.782346 0.785452 0.768076 0.783660 0.764267 0.772363 0.777386 0.804545 0.802443 0.783791 0.782871 0.621823 0.795817 0.803567 0.789927 0.795087 0.722974 0.764250 0.757739 0.779719 0.000000 0.792592 0.756303
DQ648856_|Bat_coronavirus__BtCoV/273/2005_|_complete_genome 0.921305 0.926043 0.947493 0.942887 0.922095 0.927096 0.943808 0.943677 0.941045 0.936965 0.929070 0.959468 0.929201 0.933544 0.933281 0.958902 0.957269 0.958502 0.968154 0.962484 0.956667 0.959234 0.957202 0.958182 0.964409 0.958237 0.805892 0.929991 0.886169 0.892223 0.805932 0.804244 0.801389 0.796267 0.796639 0.807606 0.803670 0.794571 0.808396 0.796204 0.809054 0.816947 0.247006 0.380708 0.817213 0.828004 0.783993 0.755033 0.826646 0.807272 0.818134 0.716673 0.813633 0.809418 0.809975 0.791541 0.000000 0.818934
DQ071615_|Bat_SARS_coronavirus_Rp3|_complete_genome 0.917542 0.922400 0.947085 0.941833 0.921087 0.924895 0.943277 0.941308 0.939995 0.933036 0.924107 0.953388 0.920168 0.930672 0.927258 0.960835 0.958154 0.959135 0.968094 0.962484 0.958210 0.959363 0.960047 0.961160 0.966970 0.958108 0.566964 0.930935 0.883666 0.882616 0.541457 0.545466 0.526006 0.531062 0.507286 0.540047 0.521363 0.517228 0.533876 0.517801 0.513918 0.634809 0.829963 0.833902 0.525473 0.527442 0.755960 0.597908 0.712038 0.532699 0.702731 0.776392 0.790047 0.787907 0.532826 0.757484 0.819984 0.000000
