11
1 0.000000 261.348175 261.149200 260.735596 261.204193 261.102081 261.280090 261.369110 261.154449 260.569183 260.101837
2 261.358643 0.000000 257.908386 261.096863 261.463348 260.340302 259.172760 259.374359 256.513092 257.754578 260.592682
3 261.159698 257.916229 0.000000 260.701569 261.240845 259.183258 255.068069 257.767029 227.534027 250.845947 260.386414
4 260.730377 261.123047 260.693726 0.000000 258.128265 261.020935 261.115173 261.280090 260.596863 260.203644 256.710175
5 261.185852 261.452881 261.225128 258.109955 0.000000 261.484283 261.413605 261.510468 261.170166 260.681458 259.597900
6 261.104706 260.327240 259.167542 261.010468 261.497375 0.000000 260.086395 260.235596 258.363861 258.830292 260.352478
7 261.248688 259.141357 255.044510 261.086395 261.410980 260.083771 0.000000 259.246063 251.743454 245.328979 260.592682
8 261.369110 259.350800 257.785339 261.272247 261.518311 260.219910 259.264404 0.000000 256.410980 257.699738 260.527405
9 261.143982 256.502625 227.505234 260.575928 261.178009 258.358643 251.751312 256.400513 0.000000 246.010437 260.198425
10 260.582245 257.754578 250.835510 260.214111 260.686676 258.817230 245.339432 257.681458 245.994781 0.000000 260.281982
11 260.096619 260.587463 260.386414 256.715393 259.613586 260.357697 260.597900 260.530029 260.211487 260.281982 0.000000
