16
AP006468.1_Balaenoptera_acutorostrata_mitochondrial_DNA__com 0.000000 0.607107 0.721511 0.585474 0.683353 0.547227 0.558602 0.563274 0.569972 0.550274 0.571196 0.684093 0.610299 0.567540 0.642554 0.615973
AP003423.1_Camelus_bactrianus_mitochondrial_DNA__complete_ge 0.618211 0.000000 0.724611 0.601454 0.701448 0.615788 0.617606 0.612962 0.622151 0.605290 0.597012 0.737129 0.667401 0.599031 0.652534 0.638906
AB096867.1_Elephantulus_sp._VB001_mitochondrial_DNA__complet 0.712777 0.713709 0.000000 0.680761 0.718134 0.700000 0.715886 0.705295 0.708117 0.699185 0.692261 0.736170 0.696053 0.699185 0.708022 0.724804
KT368758.1_Equus_przewalskii_isolate_Przewalski_horse_Hybrid 0.578191 0.588936 0.695124 0.000000 0.645557 0.572122 0.570908 0.575764 0.582767 0.566862 0.565648 0.668015 0.567622 0.557354 0.619923 0.597868
AB371088.1_Eulemur_macaco_macaco_mitochondrial_DNA__complete 0.688380 0.671291 0.710495 0.641536 0.000000 0.683957 0.686570 0.667270 0.676529 0.669481 0.659228 0.702252 0.672811 0.662646 0.668878 0.681946
NC_000889.1_Hippopotamus_amphibius_mitochondrion__complete_g 0.539508 0.618009 0.726680 0.582844 0.687977 0.000000 0.594932 0.564276 0.568972 0.555692 0.593483 0.727052 0.613905 0.576334 0.663366 0.628646
KJ772514.1_Mazama_gouazoupira_isolate_NUPECCE_T314_mitochond 0.562056 0.599233 0.710998 0.572325 0.674910 0.572042 0.000000 0.355578 0.436625 0.432554 0.576986 0.655927 0.597075 0.537815 0.621944 0.589620
NC_004577.1_Muntiacus_crinifrons_mitochondrion__complete_gen 0.562259 0.605694 0.727495 0.565244 0.675714 0.567954 0.365609 0.000000 0.451819 0.428045 0.583096 0.673151 0.602084 0.530399 0.640938 0.609938
JN869311.1_Oryx_dammah_mitochondrion__complete_genome 0.574370 0.606158 0.714114 0.582767 0.689324 0.570372 0.452219 0.454418 0.000000 0.395242 0.597761 0.681527 0.617353 0.572171 0.623351 0.622951
KF312238.2_Ovis_orientalis_ophion_mitochondrion__complete_ge 0.540524 0.597214 0.693279 0.564232 0.669682 0.546904 0.436244 0.427636 0.390844 0.000000 0.582281 0.670314 0.596674 0.539045 0.616488 0.616777
AP003427.1_Pecari_tajacu_mitochondrial_DNA__complete_genome 0.561040 0.596608 0.697556 0.566660 0.662847 0.584521 0.572709 0.570468 0.597961 0.565173 0.000000 0.693414 0.608295 0.460692 0.609214 0.610742
AB061528.1_Pipistrellus_abramus_mitochondrial_DNA__complete_ 0.695643 0.706441 0.726646 0.645559 0.706273 0.697670 0.660588 0.664843 0.664734 0.667072 0.675583 0.000000 0.640152 0.657143 0.662962 0.694227
AB061526.1_Rhinolophus_pumilus_mitochondrial_DNA__complete_g 0.627930 0.650972 0.702264 0.597876 0.694049 0.610299 0.629533 0.619315 0.624950 0.600481 0.619114 0.677620 0.000000 0.586856 0.624925 0.619114
NC_024860.1_Sus_celebensis_mitochondrion__complete_genome 0.547837 0.578034 0.683707 0.554319 0.654202 0.559779 0.534536 0.540225 0.553978 0.540685 0.462525 0.651672 0.581046 0.000000 0.598909 0.592235
AB099483.1_Urotrichus_talpoides_mitochondrial_DNA__complete_ 0.638715 0.654149 0.695898 0.611033 0.691797 0.655688 0.625581 0.644575 0.633347 0.619115 0.616286 0.678723 0.605089 0.590826 0.000000 0.638704
HQ685964.1_Ursus_arctos_isolate_64_mitochondrion__complete_g 0.645745 0.664051 0.743311 0.595454 0.742662 0.637095 0.616174 0.616576 0.644142 0.624422 0.626433 0.717562 0.622120 0.608932 0.653993 0.000000
