16
Elephantulus_sp. 0.000000 0.736170 0.718134 0.724804 0.713709 0.708022 0.696053 0.680761 0.705295 0.715886 0.708117 0.699185 0.692261 0.699185 0.700000 0.712777
Pipistrellus_abramus 0.726646 0.000000 0.706273 0.694227 0.706441 0.662962 0.640152 0.645559 0.664843 0.660588 0.664734 0.667072 0.675583 0.657143 0.697670 0.695643
Eulemur_macaco_macaco 0.710495 0.702252 0.000000 0.681946 0.671291 0.668878 0.672811 0.641536 0.667270 0.686570 0.676529 0.669481 0.659228 0.662646 0.683957 0.688380
Ursus_arctos 0.743311 0.717562 0.742662 0.000000 0.664051 0.653993 0.622120 0.595454 0.616576 0.616174 0.644142 0.624422 0.626433 0.608932 0.637095 0.645745
Camelus_bactrianus 0.724611 0.737129 0.701448 0.638906 0.000000 0.652534 0.667401 0.601454 0.612962 0.617606 0.622151 0.605290 0.597012 0.599031 0.615788 0.618211
Urotrichus_talpoides 0.695898 0.678723 0.691797 0.638704 0.654149 0.000000 0.605089 0.611033 0.644575 0.625581 0.633347 0.619115 0.616286 0.590826 0.655688 0.638715
Rhinolophus_pumilus 0.702264 0.677620 0.694049 0.619114 0.650972 0.624925 0.000000 0.597876 0.619315 0.629533 0.624950 0.600481 0.619114 0.586856 0.610299 0.627930
Equus_przewalskii 0.695124 0.668015 0.645557 0.597868 0.588936 0.619923 0.567622 0.000000 0.575764 0.570908 0.582767 0.566862 0.565648 0.557354 0.572122 0.578191
Muntiacus_crinifrons 0.727495 0.673151 0.675714 0.609938 0.605694 0.640938 0.602084 0.565244 0.000000 0.365609 0.451819 0.428045 0.583096 0.530399 0.567954 0.562259
Mazama_gouazoupira 0.710998 0.655927 0.674910 0.589620 0.599233 0.621944 0.597075 0.572325 0.355578 0.000000 0.436625 0.432554 0.576986 0.537815 0.572042 0.562056
Oryx_dammah 0.714114 0.681527 0.689324 0.622951 0.606158 0.623351 0.617353 0.582767 0.454418 0.452219 0.000000 0.395242 0.597761 0.572171 0.570372 0.574370
Ovis_orientalis_ophion 0.693279 0.670314 0.669682 0.616777 0.597214 0.616488 0.596674 0.564232 0.427636 0.436244 0.390844 0.000000 0.582281 0.539045 0.546904 0.540524
Pecari_tajacu 0.697556 0.693414 0.662847 0.610742 0.596608 0.609214 0.608295 0.566660 0.570468 0.572709 0.597961 0.565173 0.000000 0.460692 0.584521 0.561040
Sus_celebensis 0.683707 0.651672 0.654202 0.592235 0.578034 0.598909 0.581046 0.554319 0.540225 0.534536 0.553978 0.540685 0.462525 0.000000 0.559779 0.547837
Hippopotamus_amphibius 0.726680 0.727052 0.687977 0.628646 0.618009 0.663366 0.613905 0.582844 0.564276 0.594932 0.568972 0.555692 0.593483 0.576334 0.000000 0.539508
Balaenoptera_acutorostrata 0.721511 0.684093 0.683353 0.615973 0.607107 0.642554 0.610299 0.585474 0.563274 0.558602 0.569972 0.550274 0.571196 0.567540 0.547227 0.000000
