16
Elephantulus_sp. 0.000000 0.938546 0.932788 0.938940 0.930120 0.927364 0.934352 0.930987 0.931734 0.930351 0.933683 0.931734 0.932996 0.935886 0.930351 0.930351
Pipistrellus_abramus 0.940839 0.000000 0.938465 0.939922 0.934419 0.929648 0.927513 0.931216 0.932126 0.928915 0.935962 0.933731 0.933731 0.936024 0.940381 0.936482
Eulemur_macaco_macaco 0.933470 0.936876 0.000000 0.938692 0.927793 0.921208 0.933015 0.921889 0.927566 0.927793 0.929382 0.928701 0.926658 0.930745 0.926658 0.930064
Ursus_arctos 0.938249 0.939922 0.939600 0.000000 0.933410 0.926907 0.933668 0.927102 0.931106 0.923272 0.931404 0.926498 0.937140 0.929724 0.930184 0.932489
Camelus_bactrianus 0.929889 0.932355 0.928474 0.933180 0.000000 0.919598 0.929565 0.920932 0.922722 0.919954 0.923428 0.918570 0.913884 0.922261 0.924337 0.918108
Urotrichus_talpoides 0.928963 0.931932 0.927339 0.926907 0.924852 0.000000 0.915204 0.914344 0.920283 0.911375 0.920465 0.919598 0.921882 0.926222 0.924852 0.925994
Rhinolophus_pumilus 0.932528 0.926373 0.934832 0.931616 0.929109 0.910189 0.000000 0.904718 0.920447 0.916800 0.925706 0.925006 0.924322 0.917939 0.921131 0.924322
Equus_przewalskii 0.933272 0.934644 0.927112 0.929388 0.925274 0.915715 0.909277 0.000000 0.920247 0.920247 0.923428 0.921846 0.909278 0.923903 0.919104 0.921389
Muntiacus_crinifrons 0.929889 0.932584 0.929382 0.929954 0.922491 0.917999 0.921359 0.915905 0.000000 0.807310 0.868733 0.859820 0.912733 0.909933 0.916280 0.912711
Mazama_gouazoupira 0.930581 0.931208 0.931653 0.924654 0.921338 0.912974 0.921587 0.917048 0.811936 0.000000 0.869872 0.864677 0.918259 0.913486 0.919500 0.920657
Oryx_dammah 0.932088 0.933911 0.932561 0.931632 0.923883 0.916819 0.925706 0.920921 0.868961 0.865542 0.000000 0.836828 0.928213 0.917046 0.917958 0.917958
Ovis_orientalis_ophion 0.931504 0.932584 0.929382 0.926037 0.919723 0.918456 0.927741 0.915905 0.861207 0.863289 0.837967 0.000000 0.913194 0.914874 0.918806 0.917650
Pecari_tajacu 0.931614 0.931208 0.926431 0.935068 0.915726 0.914116 0.922954 0.905165 0.911812 0.915726 0.926162 0.910431 0.000000 0.888556 0.919871 0.912042
Sus_celebensis 0.930581 0.933501 0.927793 0.923502 0.921107 0.919370 0.915204 0.916819 0.907849 0.903771 0.913172 0.908397 0.887405 0.000000 0.919657 0.911785
Hippopotamus_amphibius 0.931504 0.941527 0.930064 0.930645 0.927105 0.923709 0.924778 0.915905 0.916976 0.918344 0.919781 0.919732 0.923555 0.923825 0.000000 0.906460
Balaenoptera_acutorostrata 0.930351 0.936712 0.933015 0.930876 0.920646 0.921197 0.925462 0.917276 0.911554 0.917187 0.917730 0.913717 0.911812 0.912017 0.902292 0.000000
