30
Y18475.1_Orycteropus_afer_complete_mitochondrial_genome 0.000000 0.940394 0.934663 0.934663 0.929619 0.947960 0.928244 0.938628 0.944979 0.943077 0.930307 0.930995 0.937873 0.924805 0.931761 0.935580 0.922390 0.927327 0.934434 0.930307 0.938560 0.929161 0.943145 0.931912 0.933058 0.937557 0.934434 0.942228 0.932829 0.925034
AJ224821.1_Loxodonta_africana_complete_mitochondrial_genomic 0.939248 0.000000 0.945747 0.946667 0.946667 0.953563 0.940920 0.949684 0.949655 0.951886 0.945287 0.946126 0.949655 0.935862 0.940921 0.946207 0.943452 0.947586 0.947816 0.943678 0.949966 0.943934 0.952644 0.941149 0.945517 0.946020 0.946437 0.952184 0.951264 0.943448
Y19184.1_Lama_pacos_complete_mitochondrial_genome 0.934205 0.944368 0.000000 0.929099 0.930254 0.945958 0.923557 0.946751 0.945266 0.944884 0.928637 0.928244 0.940946 0.932794 0.938173 0.933533 0.923306 0.928358 0.929099 0.927714 0.933440 0.919577 0.943727 0.879215 0.926328 0.926578 0.933718 0.943153 0.930313 0.929425
X97337.1_Equus_asinus_complete_mitochondrial_genome 0.933746 0.948046 0.928406 0.000000 0.920675 0.949352 0.919056 0.941336 0.938785 0.945787 0.924873 0.917698 0.936101 0.931114 0.940005 0.935841 0.926282 0.922598 0.923451 0.921369 0.939408 0.889706 0.947417 0.923219 0.669519 0.931610 0.936633 0.941312 0.927093 0.911724
AJ428576.2_Odobenus_rosmarus_rosmarus_complete_mitochondrial 0.929390 0.945057 0.930485 0.920907 0.000000 0.949270 0.926106 0.944269 0.941095 0.944658 0.914008 0.919303 0.940715 0.932039 0.939547 0.935610 0.931090 0.928818 0.934677 0.887731 0.939637 0.928079 0.946956 0.927281 0.919000 0.931839 0.937920 0.939701 0.932613 0.924138
AJ303116.1_Tachyglossus_aculeatus_complete_mitochondrial_gen 0.947730 0.954943 0.947806 0.945883 0.948575 0.000000 0.945738 0.946525 0.951259 0.944884 0.946371 0.946813 0.945790 0.947989 0.946416 0.944150 0.945971 0.950242 0.946097 0.948148 0.946982 0.942325 0.954105 0.945577 0.949317 0.950366 0.944574 0.951438 0.947332 0.942759
V00654.1_Bos_taurus_complete_mitochondrial_genome 0.925034 0.939770 0.922402 0.910731 0.922400 0.942711 0.000000 0.937951 0.940864 0.942173 0.921868 0.922054 0.938408 0.932039 0.930845 0.927994 0.922848 0.919834 0.911013 0.910648 0.930457 0.911765 0.943035 0.911533 0.914834 0.931839 0.932663 0.939471 0.924103 0.908966
AF357238.1_Trichosurus_vulpecula_mitochondrion__complete_gen 0.940208 0.949684 0.945397 0.942238 0.945171 0.943366 0.940659 0.000000 0.946751 0.895307 0.940433 0.938403 0.945623 0.941336 0.943592 0.938177 0.937726 0.938628 0.946525 0.940884 0.943141 0.935695 0.951715 0.943141 0.945397 0.943141 0.935695 0.948556 0.946074 0.932310
X99256.1_Hylobates_lar_complete_mitochondrial_DNA_sequence 0.945209 0.949195 0.946420 0.938323 0.943174 0.951952 0.941788 0.948330 0.000000 0.948498 0.943636 0.940853 0.944406 0.944329 0.946187 0.939534 0.938416 0.944252 0.940633 0.942019 0.944916 0.937730 0.921587 0.940633 0.935089 0.942589 0.947101 0.884005 0.941812 0.937241
Y10524.1_Macropus_robustus_complete_mitochondrial_genome 0.943980 0.951886 0.943528 0.945110 0.944206 0.944432 0.942399 0.893727 0.946691 0.000000 0.944432 0.940592 0.941721 0.943980 0.944206 0.940818 0.940818 0.940592 0.946013 0.938107 0.939462 0.942399 0.951208 0.940366 0.944884 0.947368 0.938333 0.948272 0.943980 0.938785
U96639.2_Canis_familiaris_mitochondrion__complete_genome 0.930307 0.945747 0.929099 0.922561 0.916089 0.947758 0.925566 0.942238 0.943636 0.944432 0.000000 0.911509 0.935409 0.934582 0.939547 0.933995 0.925137 0.922598 0.927184 0.906149 0.937342 0.924403 0.947417 0.929958 0.918632 0.935041 0.934813 0.942693 0.929393 0.920460
U20753.1_Felis_catus_mitochondrion__complete_genome 0.928932 0.946584 0.928015 0.917469 0.919991 0.945209 0.922283 0.937951 0.940394 0.941495 0.909674 0.000000 0.933288 0.931683 0.933593 0.927098 0.924222 0.921137 0.932829 0.900504 0.934663 0.918615 0.945209 0.925493 0.912426 0.934126 0.931912 0.937414 0.927785 0.918615
AJ222767.1_Cavia_porcellus_complete_mitochondrial_genome 0.938790 0.948046 0.939100 0.936101 0.939792 0.944867 0.939100 0.942690 0.942099 0.941044 0.935409 0.933058 0.000000 0.935409 0.942752 0.934487 0.934753 0.936190 0.940023 0.937024 0.932293 0.935202 0.948339 0.937716 0.936563 0.943275 0.936794 0.943843 0.935143 0.937471
AJ421723.1_Dugong_dugon_complete_mitochondrial_genome 0.924347 0.935172 0.931409 0.928571 0.929958 0.946602 0.931345 0.937951 0.939247 0.942851 0.934119 0.930766 0.934256 0.000000 0.942752 0.933764 0.928114 0.928358 0.937356 0.927184 0.938031 0.925551 0.945803 0.929958 0.928803 0.936871 0.936431 0.943153 0.934223 0.923678
AF348079.1_Echinosorex_gymnura_mitochondrion__complete_genom 0.934280 0.943439 0.940692 0.941836 0.940921 0.949622 0.938402 0.942013 0.948019 0.945335 0.942981 0.939318 0.943668 0.946645 0.000000 0.938173 0.928571 0.940463 0.943897 0.942065 0.937486 0.936570 0.948477 0.945042 0.942294 0.940531 0.938631 0.945729 0.943897 0.937257
AJ238588.1_Sciurus_vulgaris_complete_mitochondrial_genome 0.934892 0.945057 0.934226 0.932149 0.935149 0.945534 0.931456 0.937049 0.937457 0.940818 0.932149 0.926639 0.934948 0.932841 0.935654 0.000000 0.923535 0.930200 0.933764 0.929841 0.932981 0.926700 0.946956 0.932841 0.928225 0.930695 0.932149 0.939701 0.932153 0.928736
AJ421471.1_Lepus_europaeus_complete_mitochondrial_genome 0.924222 0.942766 0.925595 0.926969 0.932463 0.947802 0.926969 0.936146 0.939789 0.940592 0.926282 0.924222 0.935668 0.928571 0.930174 0.925137 0.000000 0.926511 0.933837 0.932234 0.932234 0.920788 0.941850 0.932234 0.925366 0.933440 0.930632 0.939560 0.932005 0.925366
Y19192.1_Talpa_europaea_complete_mitochondrial_genome 0.924805 0.946897 0.926515 0.914766 0.926745 0.946556 0.918682 0.932762 0.939185 0.939237 0.916379 0.917469 0.931583 0.926284 0.929700 0.927206 0.921703 0.000000 0.924441 0.917991 0.930457 0.919118 0.940567 0.921907 0.916148 0.934126 0.922829 0.938550 0.922493 0.908506
X61145.1_Balaenoptera_physalus_mitochondrial_complete_genome 0.935580 0.948046 0.929792 0.921369 0.935603 0.947258 0.914963 0.945623 0.941095 0.949176 0.926722 0.933975 0.941638 0.938974 0.945500 0.933995 0.932005 0.930661 0.000000 0.931019 0.939637 0.918888 0.942343 0.913386 0.925249 0.939387 0.939359 0.937860 0.929163 0.929655
X72004.1_Halichoerus_grypus_complete_mitochondrial_genome 0.928473 0.943218 0.925866 0.916281 0.883333 0.947222 0.914120 0.938854 0.941788 0.938333 0.905224 0.900046 0.935179 0.927184 0.937715 0.930995 0.929945 0.920756 0.927778 0.000000 0.935047 0.912684 0.944880 0.921065 0.914603 0.934584 0.936111 0.940391 0.929163 0.917701
AJ301644.1_Thryonomys_swinderianus_complete_mitochondrial_ge 0.936497 0.947900 0.933211 0.936424 0.937342 0.946523 0.932063 0.940659 0.943310 0.941044 0.936883 0.933058 0.930686 0.937801 0.933364 0.933899 0.931090 0.933670 0.938719 0.935047 0.000000 0.936195 0.949966 0.935047 0.937113 0.938472 0.928621 0.941703 0.936424 0.932752
X97336.1_Rhinoceros_unicornis_complete_mitochondrial_genome 0.928702 0.946461 0.921186 0.889017 0.927619 0.947381 0.914982 0.934341 0.935892 0.944432 0.923943 0.918845 0.936351 0.926471 0.939318 0.927390 0.921703 0.925322 0.918888 0.915441 0.937801 0.000000 0.939568 0.922105 0.889246 0.934584 0.936121 0.938189 0.927619 0.914292
Y18001.1_Papio_hamadryas_mitochondrial_DNA__complete_genome 0.944062 0.950115 0.943035 0.947878 0.946264 0.953875 0.948109 0.950135 0.919972 0.954597 0.946725 0.946126 0.948570 0.946033 0.948706 0.947417 0.939789 0.944944 0.941421 0.946494 0.948818 0.935892 0.000000 0.941421 0.942113 0.945105 0.947878 0.923820 0.948022 0.941609
AJ010957.1_Hippopotamus_amphibius_complete_mitochondrial_DNA 0.931453 0.943448 0.880139 0.922063 0.931681 0.948587 0.915702 0.944495 0.943867 0.943077 0.929727 0.926181 0.940254 0.933426 0.945500 0.935380 0.932234 0.929509 0.916860 0.923148 0.939408 0.923943 0.942574 0.000000 0.918075 0.932068 0.938629 0.942693 0.935603 0.926207
X79547.1_Equus_caballus_mitochondrial_DNA_complete_sequence 0.929849 0.944828 0.925635 0.667900 0.918537 0.948623 0.914834 0.941561 0.933241 0.943528 0.918169 0.909445 0.937255 0.928340 0.937028 0.927071 0.921932 0.914997 0.922935 0.915992 0.938260 0.888097 0.940959 0.913215 0.000000 0.927722 0.934506 0.934637 0.927783 0.908046
AF348159.1_Cephalopachus_bancanus_mitochondrion__complete_ge 0.936414 0.944648 0.930467 0.928865 0.932525 0.949680 0.933898 0.944720 0.942589 0.946013 0.932068 0.934126 0.941446 0.935727 0.938930 0.930924 0.932754 0.937328 0.937557 0.934584 0.940759 0.934584 0.947393 0.932296 0.932525 0.000000 0.934584 0.942360 0.933211 0.935041
J01420.1_Mouse_mitochondrion__complete_genome 0.930536 0.945287 0.931640 0.932007 0.935372 0.944108 0.935703 0.935244 0.944791 0.938333 0.931345 0.929849 0.937255 0.935969 0.933593 0.930072 0.928342 0.923981 0.937732 0.935185 0.929768 0.933134 0.945572 0.934692 0.934737 0.934584 0.000000 0.944074 0.934453 0.932184
X93334.1_Homo_sapiens_mitochondrial_DNA__complete_genome 0.944292 0.952644 0.944074 0.941312 0.940391 0.952359 0.943843 0.948105 0.884005 0.949401 0.941772 0.939936 0.943383 0.946605 0.946416 0.941312 0.940934 0.944074 0.939471 0.942693 0.944228 0.938649 0.925662 0.940161 0.938780 0.941674 0.947526 0.000000 0.939512 0.934483
AF061340.1_Artibeus_jamaicensis_mitochondrial_DNA__complete_ 0.932600 0.948965 0.931233 0.924793 0.931233 0.949402 0.926173 0.942690 0.942272 0.946917 0.929163 0.927556 0.937442 0.934913 0.936799 0.931693 0.928342 0.925253 0.927093 0.932153 0.936654 0.925322 0.946642 0.933533 0.926173 0.927951 0.936753 0.938362 0.000000 0.922759
AF321050.1_Pteropus_scapulatus_mitochondrial_DNA__complete_g 0.928244 0.943218 0.929655 0.911494 0.922299 0.945287 0.914253 0.934567 0.938161 0.940140 0.921379 0.921366 0.939310 0.927816 0.938173 0.928966 0.928114 0.915632 0.929655 0.918391 0.934818 0.914063 0.943908 0.922759 0.910575 0.935041 0.934943 0.933793 0.924828 0.000000
