30
Y18475.1_Orycteropus_afer_complete_mitochondrial_genome 0.000000 0.913689 0.905101 0.919145 0.907382 0.931459 0.893355 0.925418 0.922165 0.927201 0.912407 0.912350 0.914968 0.894918 0.924489 0.920307 0.910316 0.910548 0.918216 0.898597 0.919145 0.913569 0.917983 0.916822 0.912872 0.910230 0.916357 0.924257 0.919377 0.912407
AJ224821.1_Loxodonta_africana_complete_mitochondrial_genomic 0.911601 0.000000 0.915441 0.930394 0.922970 0.936891 0.907193 0.935731 0.929466 0.932979 0.925986 0.925994 0.927016 0.904075 0.932251 0.929234 0.927378 0.932947 0.931787 0.908485 0.930858 0.926914 0.925754 0.928770 0.927378 0.918116 0.929698 0.930162 0.932947 0.925986
Y19184.1_Lama_pacos_complete_mitochondrial_genome 0.915211 0.928998 0.000000 0.922794 0.914063 0.932675 0.898438 0.933134 0.926700 0.932215 0.918199 0.913833 0.921415 0.906822 0.935892 0.923024 0.913833 0.920956 0.919347 0.900046 0.920956 0.916131 0.921875 0.875919 0.918428 0.909926 0.923483 0.926700 0.922794 0.919347
X97337.1_Equus_asinus_complete_mitochondrial_genome 0.910316 0.923666 0.900735 0.000000 0.898561 0.932862 0.885934 0.926546 0.916472 0.927664 0.908561 0.903099 0.915199 0.899954 0.934418 0.918180 0.913701 0.906352 0.908469 0.888250 0.921846 0.881814 0.919963 0.910441 0.676050 0.906750 0.920264 0.917600 0.914064 0.897788
AJ428576.2_Odobenus_rosmarus_rosmarus_complete_mitochondrial 0.907382 0.923898 0.903493 0.909703 0.000000 0.932683 0.895311 0.929666 0.919684 0.927432 0.899257 0.904718 0.918906 0.901557 0.932451 0.920381 0.918988 0.913881 0.920149 0.858358 0.922470 0.912953 0.921773 0.916667 0.903203 0.907446 0.922470 0.921309 0.917827 0.908078
AJ303116.1_Tachyglossus_aculeatus_complete_mitochondrial_gen 0.922165 0.929002 0.915671 0.935689 0.925487 0.000000 0.911826 0.931660 0.930938 0.929743 0.927922 0.925994 0.924004 0.915522 0.938045 0.925559 0.927890 0.931574 0.929800 0.913543 0.927495 0.928101 0.927873 0.932391 0.931973 0.921364 0.926973 0.930439 0.928857 0.927357
V00654.1_Bos_taurus_complete_mitochondrial_genome 0.903113 0.919722 0.896140 0.905995 0.904596 0.928621 0.000000 0.927011 0.920457 0.927201 0.906461 0.905874 0.913809 0.900870 0.928855 0.917658 0.909979 0.909494 0.903662 0.884341 0.917425 0.906228 0.920195 0.904362 0.906695 0.909302 0.919058 0.922323 0.910427 0.900349
AF357238.1_Trichosurus_vulpecula_mitochondrion__complete_gen 0.914266 0.924362 0.914982 0.926778 0.919916 0.929103 0.906090 0.000000 0.925616 0.882829 0.923059 0.918594 0.920760 0.909112 0.932125 0.922594 0.921897 0.924221 0.930033 0.906875 0.923756 0.918643 0.926778 0.930033 0.923756 0.918116 0.919572 0.927243 0.929103 0.918875
X99256.1_Hylobates_lar_complete_mitochondrial_DNA_sequence 0.920771 0.931090 0.918888 0.926738 0.922238 0.938404 0.911593 0.939795 0.000000 0.935983 0.929088 0.924376 0.925857 0.910943 0.946570 0.930705 0.928588 0.932804 0.926505 0.911244 0.931638 0.923472 0.900419 0.927905 0.920205 0.920668 0.934204 0.871675 0.931405 0.922934
Y10524.1_Macropus_robustus_complete_mitochondrial_genome 0.915646 0.925584 0.913603 0.928357 0.919113 0.927895 0.908251 0.888606 0.926046 0.000000 0.924890 0.920961 0.919113 0.911172 0.936446 0.923966 0.924197 0.927201 0.928819 0.904346 0.922348 0.924428 0.927664 0.928126 0.925352 0.916801 0.922348 0.928126 0.929050 0.922348
U96639.2_Canis_familiaris_mitochondrion__complete_genome 0.904740 0.920418 0.901425 0.912526 0.894150 0.928155 0.891766 0.926546 0.922557 0.926277 0.000000 0.894773 0.912882 0.903159 0.930254 0.917192 0.912305 0.907161 0.912060 0.875144 0.918125 0.910660 0.923685 0.917192 0.906695 0.908142 0.918591 0.921390 0.915325 0.908731
U20753.1_Felis_catus_mitochondrion__complete_genome 0.904949 0.921600 0.897518 0.908418 0.898705 0.928307 0.889223 0.923913 0.918363 0.924428 0.894773 0.000000 0.909343 0.899038 0.929232 0.912350 0.908418 0.905412 0.915819 0.872155 0.915356 0.908881 0.918825 0.914662 0.899167 0.908418 0.915356 0.919750 0.913043 0.904024
AJ222767.1_Cavia_porcellus_complete_mitochondrial_genome 0.911956 0.925394 0.911765 0.922382 0.915894 0.928869 0.903614 0.928638 0.923309 0.925584 0.916126 0.913275 0.000000 0.903159 0.932345 0.918906 0.916589 0.920992 0.923540 0.905496 0.914272 0.919138 0.924235 0.926321 0.919138 0.911956 0.918675 0.924931 0.918443 0.921223
AJ421723.1_Dugong_dugon_complete_mitochondrial_genome 0.918498 0.929258 0.916667 0.934295 0.921245 0.947573 0.909799 0.941392 0.937729 0.943223 0.930403 0.926282 0.925824 0.000000 0.945742 0.933150 0.926282 0.923764 0.934524 0.909570 0.932234 0.923535 0.933837 0.930174 0.926740 0.924679 0.934066 0.938645 0.933837 0.926053
AF348079.1_Echinosorex_gymnura_mitochondrion__complete_genom 0.908690 0.922970 0.915211 0.932531 0.921541 0.935453 0.905062 0.932822 0.936071 0.934134 0.926289 0.922988 0.923540 0.919414 0.000000 0.923603 0.918121 0.926203 0.929078 0.914693 0.921375 0.925282 0.931829 0.938723 0.929627 0.918116 0.921410 0.934874 0.924161 0.924796
AJ238588.1_Sciurus_vulgaris_complete_mitochondrial_genome 0.912175 0.924594 0.908778 0.920773 0.914810 0.928151 0.898530 0.926778 0.922305 0.927432 0.916258 0.910268 0.914504 0.903617 0.928790 0.000000 0.909979 0.920598 0.922188 0.903426 0.918079 0.915883 0.925314 0.923403 0.913676 0.905358 0.916293 0.924136 0.916882 0.916880
AJ421471.1_Lepus_europaeus_complete_mitochondrial_genome 0.900325 0.917633 0.897059 0.915097 0.911560 0.928123 0.892766 0.924454 0.920214 0.924197 0.909979 0.905412 0.911956 0.896062 0.921610 0.909049 0.000000 0.912305 0.917190 0.898367 0.913236 0.909281 0.916492 0.920214 0.909514 0.906054 0.912770 0.922075 0.916027 0.911840
Y19192.1_Talpa_europaea_complete_mitochondrial_genome 0.900093 0.922274 0.899816 0.904951 0.904364 0.929472 0.888034 0.922362 0.922072 0.925121 0.903895 0.901480 0.910797 0.897207 0.924334 0.915927 0.909281 0.000000 0.911490 0.889630 0.915694 0.909388 0.919265 0.913358 0.904484 0.909534 0.911256 0.920635 0.911023 0.894529
X61145.1_Balaenoptera_physalus_mitochondrial_complete_genome 0.910548 0.923434 0.900506 0.911300 0.911560 0.929800 0.884068 0.931892 0.916706 0.929281 0.909727 0.912581 0.917285 0.907967 0.932388 0.920302 0.917888 0.916628 0.000000 0.896298 0.920669 0.903665 0.916473 0.902192 0.909453 0.910462 0.924350 0.917600 0.910308 0.913388
X72004.1_Halichoerus_grypus_complete_mitochondrial_genome 0.911704 0.925040 0.903722 0.913543 0.873304 0.935617 0.890779 0.930789 0.923431 0.928949 0.896068 0.890779 0.922281 0.899038 0.936537 0.923201 0.919522 0.915153 0.920212 0.000000 0.925500 0.906415 0.924580 0.914003 0.907335 0.912854 0.927340 0.925960 0.922511 0.908025
AJ301644.1_Thryonomys_swinderianus_complete_mitochondrial_ge 0.910781 0.924826 0.905790 0.925612 0.916435 0.930556 0.902729 0.928870 0.926505 0.926739 0.917891 0.916744 0.912187 0.910485 0.926789 0.919256 0.915794 0.921999 0.923493 0.905725 0.000000 0.919878 0.926245 0.925377 0.923763 0.911621 0.915960 0.925303 0.919465 0.918976
X97336.1_Rhinoceros_unicornis_complete_mitochondrial_genome 0.906366 0.923666 0.896369 0.885338 0.907382 0.929981 0.885701 0.924221 0.917405 0.928819 0.909027 0.903330 0.915431 0.896062 0.932331 0.913064 0.910444 0.910789 0.905545 0.888480 0.920113 0.000000 0.916240 0.910714 0.878489 0.911389 0.918938 0.917834 0.912890 0.903842
Y18001.1_Papio_hamadryas_mitochondrial_DNA__complete_genome 0.920074 0.930162 0.914752 0.934155 0.924559 0.938111 0.913681 0.938633 0.901815 0.938988 0.931829 0.928307 0.929564 0.916209 0.943462 0.935086 0.929751 0.930898 0.926477 0.914233 0.933923 0.925081 0.000000 0.928571 0.926710 0.923684 0.935086 0.908562 0.936249 0.926012
AJ010957.1_Hippopotamus_amphibius_complete_mitochondrial_DNA 0.907296 0.921810 0.855699 0.912090 0.908774 0.931684 0.885001 0.933287 0.919505 0.928357 0.913459 0.910962 0.918906 0.902015 0.941551 0.920575 0.919749 0.916161 0.903842 0.894458 0.923493 0.909070 0.916007 0.000000 0.903589 0.909302 0.922696 0.918534 0.921578 0.908498
X79547.1_Equus_caballus_mitochondrial_DNA_complete_sequence 0.907296 0.923434 0.899357 0.682618 0.898561 0.935257 0.889200 0.929103 0.914139 0.929743 0.906228 0.896855 0.915894 0.898581 0.935961 0.914380 0.912073 0.910556 0.911330 0.887330 0.922824 0.881539 0.917403 0.906404 0.000000 0.908142 0.922355 0.917367 0.916022 0.898021
AF348159.1_Cephalopachus_bancanus_mitochondrion__complete_ge 0.912549 0.922756 0.900506 0.918580 0.909998 0.932498 0.900951 0.930875 0.922292 0.930437 0.916493 0.916050 0.917516 0.906822 0.933194 0.916493 0.917652 0.921364 0.920900 0.901816 0.922292 0.923220 0.921132 0.919972 0.916261 0.000000 0.919508 0.922060 0.919044 0.918580
J01420.1_Mouse_mitochondrion__complete_genome 0.906599 0.922274 0.905101 0.921916 0.913417 0.926502 0.901330 0.922827 0.927438 0.923272 0.915792 0.911887 0.913809 0.904304 0.924744 0.914643 0.911840 0.910556 0.923404 0.904576 0.914783 0.920348 0.923918 0.923403 0.919540 0.909998 0.000000 0.927171 0.921813 0.917579
X93334.1_Homo_sapiens_mitochondrial_DNA__complete_genome 0.920307 0.932715 0.915441 0.927171 0.919684 0.935341 0.910194 0.936076 0.867009 0.935752 0.926989 0.922988 0.925162 0.911401 0.944444 0.929038 0.927890 0.927171 0.922969 0.908945 0.928571 0.921335 0.904839 0.926237 0.921335 0.918812 0.933007 0.000000 0.926004 0.920140
AF061340.1_Artibeus_jamaicensis_mitochondrial_DNA__complete_ 0.909851 0.924362 0.904642 0.917821 0.910399 0.928857 0.892932 0.931892 0.923238 0.930668 0.912060 0.911193 0.913577 0.907738 0.929561 0.915708 0.916260 0.913825 0.912890 0.901816 0.919934 0.916178 0.927873 0.923456 0.914380 0.909998 0.922282 0.921802 0.000000 0.911292
AF321050.1_Pteropus_scapulatus_mitochondrial_DNA__complete_g 0.904972 0.921346 0.902114 0.902678 0.901346 0.929686 0.882654 0.923989 0.916414 0.925815 0.906636 0.903793 0.917748 0.895833 0.930384 0.917113 0.914399 0.900116 0.916647 0.887790 0.918510 0.903842 0.918799 0.910827 0.898952 0.911853 0.919208 0.917113 0.912689 0.000000
