59
Orycteropus_afer 0.000000 0.913689 0.905101 0.919145 0.907382 0.931459 0.893355 0.925418 0.922165 0.927201 0.912407 0.912350 0.914968 0.894918 0.924489 0.920307 0.910316 0.910548 0.918216 0.898597 0.919145 0.913569 0.917983 0.916822 0.912872 0.910230 0.916357 0.924257 0.919377 0.912407 0.920539 0.919377 0.896793 0.927277 0.929136 0.909655 0.908799 0.911478 0.919062 0.914730 0.921564 0.911316 0.902074 0.909470 0.911942 0.895678 0.916357 0.911245 0.916125 0.916589 0.914963 0.921701 0.917652 0.914730 0.905669 0.929747 0.921701 0.918680 0.926580
Loxodonta_africana 0.911601 0.000000 0.915441 0.930394 0.922970 0.936891 0.907193 0.935731 0.929466 0.932979 0.925986 0.925994 0.927016 0.904075 0.932251 0.929234 0.927378 0.932947 0.931787 0.908485 0.930858 0.926914 0.925754 0.928770 0.927378 0.918116 0.929698 0.930162 0.932947 0.925986 0.930858 0.930626 0.904923 0.936659 0.938979 0.922759 0.921893 0.927378 0.931019 0.930858 0.931169 0.919861 0.922350 0.924520 0.925290 0.914385 0.926682 0.925058 0.925754 0.927378 0.921578 0.925986 0.928323 0.928306 0.921578 0.939717 0.932715 0.932483 0.932019
Lama_pacos 0.915211 0.928998 0.000000 0.922794 0.914063 0.932675 0.898438 0.933134 0.926700 0.932215 0.918199 0.913833 0.921415 0.906822 0.935892 0.923024 0.913833 0.920956 0.919347 0.900046 0.920956 0.916131 0.921875 0.875919 0.918428 0.909926 0.923483 0.926700 0.922794 0.919347 0.921415 0.926930 0.900181 0.933824 0.932904 0.919807 0.917988 0.919118 0.918199 0.917739 0.923165 0.917739 0.905331 0.917050 0.911765 0.913373 0.921645 0.925322 0.925781 0.909926 0.920496 0.923254 0.926471 0.917050 0.912684 0.935202 0.926011 0.926471 0.929917
Equus_asinus 0.910316 0.923666 0.900735 0.000000 0.898561 0.932862 0.885934 0.926546 0.916472 0.927664 0.908561 0.903099 0.915199 0.899954 0.934418 0.918180 0.913701 0.906352 0.908469 0.888250 0.921846 0.881814 0.919963 0.910441 0.676050 0.906750 0.920264 0.917600 0.914064 0.897788 0.920300 0.920056 0.896793 0.932211 0.935741 0.910345 0.909717 0.912951 0.917222 0.904459 0.923622 0.911316 0.904378 0.911554 0.905425 0.908707 0.915175 0.924546 0.919556 0.907892 0.905824 0.916235 0.916029 0.914592 0.899836 0.943659 0.918391 0.883699 0.922243
Odobenus_rosmarus_rosmarus 0.907382 0.923898 0.903493 0.909703 0.000000 0.932683 0.895311 0.929666 0.919684 0.927432 0.899257 0.904718 0.918906 0.901557 0.932451 0.920381 0.918988 0.913881 0.920149 0.858358 0.922470 0.912953 0.921773 0.916667 0.903203 0.907446 0.922470 0.921309 0.917827 0.908078 0.920381 0.919452 0.900181 0.932683 0.934076 0.911264 0.909947 0.918292 0.918602 0.913185 0.921107 0.895150 0.904608 0.912017 0.910631 0.908542 0.918292 0.925487 0.919684 0.915506 0.867456 0.922702 0.920204 0.916435 0.904596 0.934848 0.921309 0.918988 0.930130
Tachyglossus_aculeatus 0.922165 0.929002 0.915671 0.935689 0.925487 0.000000 0.911826 0.931660 0.930938 0.929743 0.927922 0.925994 0.924004 0.915522 0.938045 0.925559 0.927890 0.931574 0.929800 0.913543 0.927495 0.928101 0.927873 0.932391 0.931973 0.921364 0.926973 0.930439 0.928857 0.927357 0.933193 0.928939 0.906504 0.932211 0.928471 0.926207 0.923961 0.923439 0.929409 0.932862 0.870569 0.927945 0.917742 0.925214 0.929800 0.919972 0.924704 0.925795 0.927915 0.924382 0.928370 0.927529 0.931338 0.931813 0.916686 0.940413 0.928975 0.937338 0.930978
Bos_taurus 0.903113 0.919722 0.896140 0.905995 0.904596 0.928621 0.000000 0.927011 0.920457 0.927201 0.906461 0.905874 0.913809 0.900870 0.928855 0.917658 0.909979 0.909494 0.903662 0.884341 0.917425 0.906228 0.920195 0.904362 0.906695 0.909302 0.919058 0.922323 0.910427 0.900349 0.916025 0.914859 0.894083 0.931654 0.930254 0.912414 0.912244 0.914159 0.916762 0.902029 0.919049 0.908545 0.902535 0.906923 0.849312 0.907394 0.911922 0.920224 0.914159 0.902029 0.909027 0.920224 0.917189 0.907145 0.901096 0.930211 0.919991 0.913226 0.930021
Trichosurus_vulpecula 0.914266 0.924362 0.914982 0.926778 0.919916 0.929103 0.906090 0.000000 0.925616 0.882829 0.923059 0.918594 0.920760 0.909112 0.932125 0.922594 0.921897 0.924221 0.930033 0.906875 0.923756 0.918643 0.926778 0.930033 0.923756 0.918116 0.919572 0.927243 0.929103 0.918875 0.927708 0.926081 0.901084 0.906788 0.896560 0.920230 0.920515 0.916550 0.922511 0.929103 0.919506 0.923557 0.914286 0.918037 0.924221 0.913993 0.919126 0.930033 0.926081 0.925616 0.920967 0.927243 0.929251 0.923524 0.906090 0.941572 0.926778 0.929800 0.930033
Hylobates_lar 0.920771 0.931090 0.918888 0.926738 0.922238 0.938404 0.911593 0.939795 0.000000 0.935983 0.929088 0.924376 0.925857 0.910943 0.946570 0.930705 0.928588 0.932804 0.926505 0.911244 0.931638 0.923472 0.900419 0.927905 0.920205 0.920668 0.934204 0.871675 0.931405 0.922934 0.934904 0.932105 0.906730 0.941437 0.943770 0.923908 0.923271 0.925572 0.923661 0.930005 0.932998 0.927945 0.920046 0.928456 0.926505 0.921372 0.926098 0.935838 0.934671 0.921139 0.927438 0.883574 0.926235 0.936700 0.914606 0.945514 0.871209 0.927905 0.928605
Macropus_robustus 0.915646 0.925584 0.913603 0.928357 0.919113 0.927895 0.908251 0.888606 0.926046 0.000000 0.924890 0.920961 0.919113 0.911172 0.936446 0.923966 0.924197 0.927201 0.928819 0.904346 0.922348 0.924428 0.927664 0.928126 0.925352 0.916801 0.922348 0.928126 0.929050 0.922348 0.929281 0.928126 0.901536 0.903166 0.893691 0.921379 0.922123 0.916801 0.926190 0.929281 0.918591 0.922633 0.912212 0.920268 0.924659 0.915877 0.924197 0.930206 0.925121 0.925584 0.922348 0.927664 0.929512 0.928588 0.910562 0.942685 0.927432 0.928588 0.932979
Canis_familiaris 0.904740 0.920418 0.901425 0.912526 0.894150 0.928155 0.891766 0.926546 0.922557 0.926277 0.000000 0.894773 0.912882 0.903159 0.930254 0.917192 0.912305 0.907161 0.912060 0.875144 0.918125 0.910660 0.923685 0.917192 0.906695 0.908142 0.918591 0.921390 0.915325 0.908731 0.917192 0.917425 0.901084 0.927455 0.929088 0.908966 0.908569 0.913926 0.917682 0.912993 0.915847 0.899769 0.905300 0.912248 0.906228 0.912759 0.915175 0.922323 0.921390 0.911826 0.902729 0.921624 0.919972 0.906446 0.906928 0.934616 0.924423 0.913693 0.926755
Felis_catus 0.904949 0.921600 0.897518 0.908418 0.898705 0.928307 0.889223 0.923913 0.918363 0.924428 0.894773 0.000000 0.909343 0.899038 0.929232 0.912350 0.908418 0.905412 0.915819 0.872155 0.915356 0.908881 0.918825 0.914662 0.899167 0.908418 0.915356 0.919750 0.913043 0.904024 0.913969 0.913969 0.895438 0.930389 0.927845 0.907126 0.906731 0.912581 0.911704 0.909806 0.916533 0.897460 0.905760 0.910037 0.910037 0.908881 0.916975 0.922294 0.916975 0.908418 0.901249 0.917206 0.917669 0.907724 0.900555 0.935939 0.919288 0.913737 0.925069
Cavia_porcellus 0.911956 0.925394 0.911765 0.922382 0.915894 0.928869 0.903614 0.928638 0.923309 0.925584 0.916126 0.913275 0.000000 0.903159 0.932345 0.918906 0.916589 0.920992 0.923540 0.905496 0.914272 0.919138 0.924235 0.926321 0.919138 0.911956 0.918675 0.924931 0.918443 0.921223 0.926321 0.920065 0.905827 0.928638 0.929101 0.913333 0.913163 0.918675 0.920671 0.924467 0.919277 0.917783 0.907834 0.915027 0.918443 0.910565 0.917285 0.920992 0.926784 0.921455 0.923772 0.925162 0.924467 0.920297 0.906395 0.933272 0.923540 0.928406 0.930260
Dugong_dugon 0.918498 0.929258 0.916667 0.934295 0.921245 0.947573 0.909799 0.941392 0.937729 0.943223 0.930403 0.926282 0.925824 0.000000 0.945742 0.933150 0.926282 0.923764 0.934524 0.909570 0.932234 0.923535 0.933837 0.930174 0.926740 0.924679 0.934066 0.938645 0.933837 0.926053 0.931777 0.936355 0.921409 0.941850 0.942308 0.922161 0.920330 0.934295 0.929716 0.926282 0.932769 0.926511 0.910943 0.924679 0.924451 0.915980 0.937500 0.935211 0.932921 0.927656 0.927427 0.936355 0.928342 0.931777 0.918498 0.947344 0.937500 0.936813 0.942995
Echinosorex_gymnura 0.908690 0.922970 0.915211 0.932531 0.921541 0.935453 0.905062 0.932822 0.936071 0.934134 0.926289 0.922988 0.923540 0.919414 0.000000 0.923603 0.918121 0.926203 0.929078 0.914693 0.921375 0.925282 0.931829 0.938723 0.929627 0.918116 0.921410 0.934874 0.924161 0.924796 0.923816 0.924965 0.906052 0.927069 0.926360 0.925287 0.924650 0.921183 0.928719 0.929504 0.922250 0.927252 0.917281 0.921278 0.922406 0.915043 0.921683 0.921009 0.929745 0.931449 0.928370 0.935294 0.933890 0.918315 0.913410 0.922096 0.931326 0.936673 0.932611
Sciurus_vulgaris 0.912175 0.924594 0.908778 0.920773 0.914810 0.928151 0.898530 0.926778 0.922305 0.927432 0.916258 0.910268 0.914504 0.903617 0.928790 0.000000 0.909979 0.920598 0.922188 0.903426 0.918079 0.915883 0.925314 0.923403 0.913676 0.905358 0.916293 0.924136 0.916882 0.916880 0.917722 0.915849 0.898148 0.923562 0.922139 0.913563 0.912704 0.909220 0.922741 0.920302 0.917219 0.917321 0.902535 0.914100 0.917472 0.911523 0.918661 0.918415 0.926197 0.919199 0.921794 0.924706 0.924379 0.916453 0.907325 0.929747 0.921214 0.927140 0.926013
Lepus_europaeus 0.900325 0.917633 0.897059 0.915097 0.911560 0.928123 0.892766 0.924454 0.920214 0.924197 0.909979 0.905412 0.911956 0.896062 0.921610 0.909049 0.000000 0.912305 0.917190 0.898367 0.913236 0.909281 0.916492 0.920214 0.909514 0.906054 0.912770 0.922075 0.916027 0.911840 0.915097 0.915562 0.899955 0.924401 0.924634 0.903448 0.902596 0.909049 0.897908 0.913236 0.916533 0.915242 0.847465 0.904608 0.909746 0.903466 0.909598 0.914631 0.918353 0.916260 0.916957 0.919981 0.917189 0.910910 0.899512 0.927429 0.919284 0.918353 0.924401
Talpa_europaea 0.900093 0.922274 0.899816 0.904951 0.904364 0.929472 0.888034 0.922362 0.922072 0.925121 0.903895 0.901480 0.910797 0.897207 0.924334 0.915927 0.909281 0.000000 0.911490 0.889630 0.915694 0.909388 0.919265 0.913358 0.904484 0.909534 0.911256 0.920635 0.911023 0.894529 0.917795 0.914292 0.895890 0.927604 0.924334 0.904828 0.903745 0.910089 0.920442 0.910556 0.918591 0.906466 0.904147 0.911322 0.905418 0.902849 0.909598 0.920598 0.916628 0.912891 0.911957 0.920831 0.919972 0.898534 0.897711 0.932761 0.919430 0.909855 0.926203
Balaenoptera_physalus 0.910548 0.923434 0.900506 0.911300 0.911560 0.929800 0.884068 0.931892 0.916706 0.929281 0.909727 0.912581 0.917285 0.907967 0.932388 0.920302 0.917888 0.916628 0.000000 0.896298 0.920669 0.903665 0.916473 0.902192 0.909453 0.910462 0.924350 0.917600 0.910308 0.913388 0.918659 0.916784 0.900181 0.934783 0.933865 0.912644 0.913163 0.915839 0.916073 0.902837 0.922936 0.914319 0.908756 0.912943 0.902830 0.911523 0.917964 0.925961 0.920804 0.865253 0.915218 0.918588 0.920668 0.917152 0.909197 0.936703 0.917921 0.907845 0.921536
Halichoerus_grypus 0.911704 0.925040 0.903722 0.913543 0.873304 0.935617 0.890779 0.930789 0.923431 0.928949 0.896068 0.890779 0.922281 0.899038 0.936537 0.923201 0.919522 0.915153 0.920212 0.000000 0.925500 0.906415 0.924580 0.914003 0.907335 0.912854 0.927340 0.925960 0.922511 0.908025 0.923891 0.922971 0.899503 0.936767 0.939986 0.916092 0.915461 0.922511 0.920212 0.914233 0.923622 0.886641 0.912854 0.917452 0.907795 0.911704 0.918602 0.930559 0.921361 0.913543 0.879513 0.922511 0.921821 0.917682 0.908255 0.939756 0.924120 0.914693 0.936537
Thryonomys_swinderianus 0.910781 0.924826 0.905790 0.925612 0.916435 0.930556 0.902729 0.928870 0.926505 0.926739 0.917891 0.916744 0.912187 0.910485 0.926789 0.919256 0.915794 0.921999 0.923493 0.905725 0.000000 0.919878 0.926245 0.925377 0.923763 0.911621 0.915960 0.925303 0.919465 0.918976 0.921003 0.918186 0.899277 0.925432 0.926126 0.920000 0.918447 0.915725 0.922741 0.922787 0.921107 0.919400 0.909217 0.914795 0.913371 0.906125 0.919126 0.922787 0.924906 0.923258 0.921559 0.925647 0.924611 0.921806 0.904985 0.931370 0.927328 0.924435 0.929379
Rhinoceros_unicornis 0.906366 0.923666 0.896369 0.885338 0.907382 0.929981 0.885701 0.924221 0.917405 0.928819 0.909027 0.903330 0.915431 0.896062 0.932331 0.913064 0.910444 0.910789 0.905545 0.888480 0.920113 0.000000 0.916240 0.910714 0.878489 0.911389 0.918938 0.917834 0.912890 0.903842 0.917018 0.913277 0.897019 0.929640 0.931989 0.902759 0.902366 0.913534 0.914463 0.905780 0.922936 0.912009 0.907834 0.912943 0.900376 0.908238 0.916570 0.923872 0.919878 0.907660 0.910052 0.914239 0.913013 0.911101 0.903347 0.935544 0.916118 0.820724 0.922932
Papio_hamadryas 0.920074 0.930162 0.914752 0.934155 0.924559 0.938111 0.913681 0.938633 0.901815 0.938988 0.931829 0.928307 0.929564 0.916209 0.943462 0.935086 0.929751 0.930898 0.926477 0.914233 0.933923 0.925081 0.000000 0.928571 0.926710 0.923684 0.935086 0.908562 0.936249 0.926012 0.935784 0.934155 0.902891 0.942764 0.943695 0.929195 0.931312 0.926245 0.925960 0.930433 0.932998 0.927021 0.918433 0.924983 0.929037 0.919963 0.927957 0.933923 0.932527 0.919963 0.928804 0.901815 0.925539 0.936249 0.917403 0.945282 0.908329 0.931829 0.928106
Hippopotamus_amphibius 0.907296 0.921810 0.855699 0.912090 0.908774 0.931684 0.885001 0.933287 0.919505 0.928357 0.913459 0.910962 0.918906 0.902015 0.941551 0.920575 0.919749 0.916161 0.903842 0.894458 0.923493 0.909070 0.916007 0.000000 0.903589 0.909302 0.922696 0.918534 0.921578 0.908498 0.921706 0.924264 0.895890 0.935718 0.938086 0.911954 0.912015 0.914683 0.917222 0.906905 0.926595 0.912009 0.910829 0.915721 0.902663 0.912697 0.917964 0.930238 0.913740 0.899882 0.908877 0.918588 0.916725 0.918781 0.908261 0.940181 0.921449 0.907613 0.926720
Equus_caballus 0.907296 0.923434 0.899357 0.682618 0.898561 0.935257 0.889200 0.929103 0.914139 0.929743 0.906228 0.896855 0.915894 0.898581 0.935961 0.914380 0.912073 0.910556 0.911330 0.887330 0.922824 0.881539 0.917403 0.906404 0.000000 0.908142 0.922355 0.917367 0.916022 0.898021 0.918894 0.919589 0.897922 0.933146 0.936445 0.907356 0.907880 0.914380 0.913313 0.906169 0.924537 0.910162 0.906912 0.915258 0.907108 0.907811 0.913316 0.924466 0.917664 0.908984 0.905935 0.916022 0.916493 0.914592 0.902879 0.938558 0.917898 0.879193 0.924466
Cephalopachus_bancanus 0.912549 0.922756 0.900506 0.918580 0.909998 0.932498 0.900951 0.930875 0.922292 0.930437 0.916493 0.916050 0.917516 0.906822 0.933194 0.916493 0.917652 0.921364 0.920900 0.901816 0.922292 0.923220 0.921132 0.919972 0.916261 0.000000 0.919508 0.922060 0.919044 0.918580 0.923452 0.922292 0.900181 0.931338 0.926699 0.917011 0.917069 0.912781 0.918372 0.919044 0.923851 0.912702 0.908525 0.909933 0.915333 0.912781 0.915797 0.925075 0.925771 0.920436 0.915333 0.920204 0.921828 0.923220 0.909070 0.938094 0.923452 0.925539 0.920436
Mouse 0.906599 0.922274 0.905101 0.921916 0.913417 0.926502 0.901330 0.922827 0.927438 0.923272 0.915792 0.911887 0.913809 0.904304 0.924744 0.914643 0.911840 0.910556 0.923404 0.904576 0.914783 0.920348 0.923918 0.923403 0.919540 0.909998 0.000000 0.927171 0.921813 0.917579 0.920769 0.917485 0.897471 0.923796 0.921201 0.909885 0.908799 0.869586 0.920212 0.919297 0.919277 0.921709 0.909217 0.913174 0.917689 0.906595 0.914014 0.919359 0.915198 0.920141 0.917567 0.926353 0.921132 0.913661 0.884858 0.933689 0.926388 0.922259 0.928369
Homo_sapiens 0.920307 0.932715 0.915441 0.927171 0.919684 0.935341 0.910194 0.936076 0.867009 0.935752 0.926989 0.922988 0.925162 0.911401 0.944444 0.929038 0.927890 0.927171 0.922969 0.908945 0.928571 0.921335 0.904839 0.926237 0.921335 0.918812 0.933007 0.000000 0.926004 0.920140 0.934641 0.926237 0.903794 0.942110 0.941877 0.924368 0.923042 0.923669 0.919522 0.926937 0.927738 0.927021 0.918203 0.926603 0.925770 0.921569 0.924704 0.934174 0.932773 0.920868 0.926237 0.860878 0.922292 0.931813 0.913165 0.944122 0.787582 0.928105 0.923903
Artibeus_jamaicensis 0.909851 0.924362 0.904642 0.917821 0.910399 0.928857 0.892932 0.931892 0.923238 0.930668 0.912060 0.911193 0.913577 0.907738 0.929561 0.915708 0.916260 0.913825 0.912890 0.901816 0.919934 0.916178 0.927873 0.923456 0.914380 0.909998 0.922282 0.921802 0.000000 0.911292 0.919128 0.906265 0.902891 0.929874 0.928002 0.914943 0.914542 0.918291 0.920442 0.913360 0.916991 0.918938 0.908986 0.914564 0.906551 0.916452 0.919359 0.922047 0.921813 0.913830 0.919699 0.924630 0.927627 0.913195 0.909665 0.928124 0.922987 0.923456 0.923221
Pteropus_scapulatus 0.904972 0.921346 0.902114 0.902678 0.901346 0.929686 0.882654 0.923989 0.916414 0.925815 0.906636 0.903793 0.917748 0.895833 0.930384 0.917113 0.914399 0.900116 0.916647 0.887790 0.918510 0.903842 0.918799 0.910827 0.898952 0.911853 0.919208 0.917113 0.912689 0.000000 0.920140 0.912456 0.896341 0.931781 0.926892 0.908966 0.908109 0.909430 0.915613 0.908731 0.919963 0.910855 0.906682 0.913174 0.901513 0.903842 0.915873 0.926193 0.917113 0.910827 0.907800 0.917113 0.918348 0.909704 0.896857 0.933921 0.917811 0.905704 0.926193
Manis_tetradactyla 0.912175 0.923666 0.902344 0.922879 0.913185 0.933662 0.896898 0.931660 0.926972 0.930437 0.916258 0.911425 0.920528 0.905449 0.926864 0.917487 0.913701 0.921065 0.918894 0.902966 0.919362 0.914205 0.924151 0.922175 0.917487 0.912781 0.920534 0.925770 0.916549 0.917579 0.000000 0.917719 0.903794 0.929874 0.930849 0.915402 0.913853 0.919597 0.922741 0.920534 0.920649 0.915935 0.902765 0.916879 0.912564 0.910455 0.918894 0.914909 0.923816 0.916549 0.924519 0.924754 0.929251 0.919944 0.909197 0.930211 0.925223 0.926629 0.925223
Chalinolobus_tuberculatus 0.911245 0.924130 0.909467 0.923329 0.913185 0.929640 0.898064 0.929800 0.924405 0.930668 0.918125 0.915356 0.916358 0.908196 0.931510 0.916082 0.916492 0.920131 0.920524 0.902276 0.918654 0.919589 0.924849 0.925900 0.918654 0.913245 0.919822 0.922269 0.909070 0.912224 0.919355 0.000000 0.905149 0.927770 0.927302 0.910805 0.910407 0.918186 0.921361 0.922394 0.918820 0.917321 0.908065 0.920120 0.914914 0.913043 0.918894 0.920991 0.928004 0.922627 0.924264 0.925199 0.925307 0.918082 0.904862 0.929515 0.923796 0.918186 0.928004
Dasypus_novemcinctus 0.921861 0.934734 0.917570 0.933153 0.927055 0.938347 0.912376 0.937444 0.931120 0.938347 0.933604 0.927281 0.932927 0.919151 0.943767 0.930443 0.934734 0.933830 0.935411 0.914634 0.933604 0.933830 0.930217 0.930668 0.930217 0.923442 0.932701 0.932475 0.937895 0.929088 0.937444 0.939476 0.000000 0.938347 0.937895 0.927507 0.928184 0.927958 0.931346 0.925248 0.931572 0.932927 0.924571 0.927958 0.929991 0.924797 0.931346 0.937444 0.928636 0.931572 0.930894 0.931346 0.934056 0.934508 0.920506 0.940831 0.932475 0.934056 0.937669
Didelphis_virginiana 0.915428 0.927610 0.917279 0.933848 0.925023 0.931510 0.912993 0.907485 0.935371 0.902704 0.925822 0.925069 0.921223 0.914377 0.927302 0.920991 0.924168 0.930173 0.933848 0.914003 0.921459 0.926134 0.932527 0.935718 0.929640 0.920668 0.923562 0.936975 0.928237 0.928522 0.927770 0.924030 0.905601 0.000000 0.904628 0.926667 0.926488 0.924264 0.933088 0.934081 0.920421 0.928637 0.917281 0.921741 0.930575 0.915147 0.927260 0.925666 0.926835 0.936185 0.931510 0.935951 0.933658 0.927624 0.913043 0.932761 0.933380 0.936185 0.933146
Isoodon_macrourus 0.917054 0.929930 0.913603 0.934568 0.923630 0.927064 0.909261 0.894933 0.932804 0.892073 0.925822 0.923219 0.919833 0.912546 0.928236 0.919090 0.921610 0.924801 0.930816 0.915843 0.922139 0.926829 0.932759 0.935037 0.930113 0.913941 0.920497 0.935808 0.924015 0.923865 0.928504 0.921926 0.903117 0.904161 0.000000 0.924138 0.923961 0.916510 0.928719 0.933865 0.915390 0.926328 0.914055 0.921973 0.923077 0.915807 0.924704 0.923781 0.929174 0.933161 0.928002 0.936679 0.935514 0.924599 0.911772 0.934153 0.932458 0.935037 0.930347
AF217811.1_Tupaia_belangeri 0.907126 0.920000 0.906250 0.917471 0.906897 0.929655 0.900460 0.929425 0.920460 0.925977 0.911954 0.909425 0.912874 0.896978 0.932644 0.918161 0.909655 0.911034 0.919310 0.896322 0.923908 0.907816 0.923218 0.917701 0.913103 0.913793 0.916552 0.921149 0.920230 0.911954 0.920000 0.914943 0.899729 0.931724 0.929885 0.000000 0.058121 0.917931 0.911954 0.914253 0.919277 0.915632 0.901379 0.918621 0.913103 0.909655 0.914023 0.923448 0.920230 0.917931 0.918621 0.924598 0.920000 0.914713 0.903908 0.936092 0.920690 0.913793 0.929425
AJ421453.1_Tupaia_belangeri 0.909258 0.923501 0.908799 0.920055 0.908339 0.929474 0.901907 0.931312 0.922352 0.928555 0.913853 0.912934 0.914082 0.898581 0.934987 0.918907 0.912244 0.912934 0.920744 0.898461 0.924420 0.909717 0.926947 0.919825 0.915231 0.915231 0.917988 0.923042 0.922582 0.913393 0.920744 0.916380 0.901084 0.932920 0.931312 0.060188 0.000000 0.919596 0.914082 0.916839 0.920878 0.917528 0.903285 0.918677 0.914771 0.908569 0.916150 0.924420 0.920744 0.919366 0.919825 0.926258 0.921434 0.916839 0.906501 0.937744 0.921434 0.916839 0.931082
Rattus_norvegicus 0.905437 0.923434 0.903493 0.918613 0.915042 0.928151 0.897597 0.923292 0.921839 0.921655 0.916025 0.912812 0.918211 0.903617 0.929704 0.908984 0.910910 0.914759 0.919385 0.903426 0.916667 0.917058 0.919963 0.919868 0.914380 0.907214 0.870769 0.922035 0.920639 0.913155 0.922644 0.920757 0.896793 0.928705 0.922373 0.914483 0.913393 0.000000 0.919292 0.913609 0.921335 0.920323 0.907143 0.915027 0.912028 0.908238 0.917267 0.923131 0.918817 0.916843 0.912165 0.917882 0.920668 0.916453 0.880646 0.938558 0.923095 0.921077 0.927663
Ochotona_collaris 0.913543 0.927570 0.904182 0.919752 0.914463 0.931019 0.903656 0.930559 0.917682 0.929869 0.917222 0.914693 0.916533 0.903159 0.932628 0.923431 0.901127 0.923201 0.919522 0.903426 0.922741 0.916992 0.918142 0.921131 0.914003 0.910784 0.922741 0.916992 0.920901 0.915843 0.926190 0.922741 0.898148 0.934698 0.932628 0.908736 0.910177 0.919982 0.000000 0.917222 0.920421 0.922741 0.900207 0.916533 0.916992 0.914233 0.913773 0.925960 0.925500 0.917452 0.923891 0.919982 0.918602 0.920671 0.899977 0.937457 0.919062 0.918602 0.926190
Sus_scrofa 0.902416 0.922506 0.896369 0.902807 0.901811 0.931449 0.881736 0.929103 0.919272 0.928819 0.908094 0.906337 0.916358 0.896291 0.930691 0.917708 0.912305 0.907753 0.901418 0.889860 0.917138 0.903430 0.918334 0.904313 0.900070 0.909302 0.916924 0.919234 0.911716 0.905472 0.918425 0.917017 0.887986 0.933848 0.935037 0.907126 0.906961 0.909586 0.913543 0.000000 0.924080 0.907852 0.900230 0.909007 0.896226 0.903544 0.912387 0.920066 0.911702 0.903416 0.904180 0.916471 0.916261 0.908308 0.903581 0.932993 0.915804 0.903355 0.923893
Ornithorhynchus_anatinus 0.922022 0.932312 0.916076 0.935513 0.924537 0.879030 0.913103 0.932998 0.932998 0.930254 0.926138 0.923851 0.924308 0.916076 0.935056 0.927281 0.926138 0.932312 0.933455 0.912417 0.928653 0.931397 0.931626 0.936199 0.931169 0.922936 0.929568 0.932083 0.927510 0.928196 0.931169 0.928653 0.908085 0.932312 0.928653 0.925452 0.924766 0.925452 0.929110 0.936885 0.000000 0.928196 0.921107 0.928424 0.930711 0.924766 0.928196 0.927967 0.931626 0.931397 0.935513 0.932541 0.935056 0.928424 0.918591 0.935742 0.930254 0.941459 0.935513
Ursus_maritimus 0.910624 0.921016 0.906710 0.920323 0.896305 0.933718 0.899538 0.933487 0.926559 0.933025 0.906928 0.905312 0.917783 0.904304 0.935566 0.923095 0.922864 0.917090 0.923788 0.874684 0.925866 0.918938 0.924711 0.921016 0.918245 0.910162 0.928406 0.929330 0.926559 0.917321 0.924249 0.923788 0.904020 0.935566 0.935335 0.919310 0.918217 0.922171 0.927800 0.917321 0.924994 0.000000 0.911521 0.916397 0.913857 0.914319 0.922864 0.924480 0.922171 0.918014 0.900924 0.924480 0.927483 0.924019 0.914781 0.937413 0.926328 0.920092 0.930485
Oryctolagus_cuniculus 0.903917 0.924424 0.900046 0.917051 0.907143 0.930184 0.896774 0.926498 0.921659 0.922811 0.914055 0.914055 0.913825 0.894918 0.931567 0.913134 0.856682 0.918203 0.919124 0.901127 0.918203 0.917281 0.918894 0.921198 0.913825 0.908756 0.921429 0.922581 0.916590 0.915438 0.914286 0.915438 0.901310 0.929032 0.927650 0.906897 0.906042 0.916590 0.907335 0.914516 0.922479 0.914747 0.000000 0.910138 0.911751 0.907373 0.913364 0.918664 0.921659 0.919585 0.920507 0.918894 0.921659 0.916359 0.903456 0.928802 0.919355 0.925346 0.928341
Lemur_catta 0.905071 0.922204 0.903033 0.919194 0.909470 0.931929 0.893957 0.927993 0.924288 0.927664 0.916647 0.914662 0.916184 0.900412 0.931466 0.919426 0.910627 0.918731 0.919657 0.899517 0.919194 0.916416 0.919889 0.920815 0.918500 0.903450 0.919194 0.926372 0.919194 0.916416 0.921278 0.923825 0.898600 0.929150 0.931466 0.916782 0.915001 0.916416 0.918142 0.916416 0.924766 0.915704 0.905300 0.000000 0.911554 0.905765 0.915258 0.921510 0.918731 0.914795 0.915490 0.924751 0.919426 0.918500 0.907849 0.934476 0.924288 0.925677 0.925677
Ovis_aries 0.903346 0.918793 0.894301 0.908962 0.902275 0.930035 0.829018 0.928638 0.918105 0.927895 0.905295 0.909574 0.913114 0.896062 0.928302 0.918415 0.909049 0.908454 0.904953 0.886641 0.912194 0.900376 0.919963 0.905256 0.905231 0.905822 0.917689 0.921102 0.906316 0.901281 0.914674 0.914680 0.894309 0.932913 0.928471 0.908276 0.907650 0.910849 0.916762 0.902123 0.921793 0.907852 0.902304 0.908544 0.000000 0.902840 0.916570 0.917708 0.917453 0.903887 0.906764 0.920235 0.920436 0.911799 0.904049 0.931834 0.918627 0.914859 0.927427
Macroscelides_proboscideus 0.898467 0.918329 0.905331 0.921615 0.913881 0.930533 0.899463 0.926081 0.921839 0.927895 0.922790 0.917669 0.916589 0.898352 0.931237 0.922319 0.913468 0.914759 0.923023 0.900437 0.915513 0.918329 0.920428 0.921380 0.915787 0.914637 0.917860 0.925770 0.926074 0.914086 0.922644 0.923796 0.900181 0.927069 0.930347 0.913563 0.913623 0.914574 0.921821 0.914809 0.925909 0.916397 0.908065 0.912248 0.913635 0.000000 0.918894 0.917860 0.922084 0.917390 0.915043 0.923727 0.922060 0.921108 0.906857 0.936007 0.925135 0.925839 0.928655
Nycticebus_coucang 0.911013 0.920882 0.903722 0.918661 0.912024 0.926098 0.897049 0.924007 0.920056 0.923966 0.914943 0.917206 0.913809 0.904304 0.928654 0.918197 0.912619 0.913549 0.918429 0.897448 0.918894 0.919823 0.919823 0.919126 0.913549 0.909070 0.917499 0.920056 0.921915 0.916802 0.920985 0.920521 0.897696 0.929816 0.928887 0.908966 0.909488 0.915175 0.913313 0.915873 0.920878 0.915012 0.902995 0.912711 0.915873 0.909366 0.000000 0.924239 0.919126 0.917267 0.914943 0.918661 0.922524 0.915640 0.905647 0.935312 0.920056 0.923077 0.924936
Echinops_telfairi 0.906831 0.923202 0.912914 0.932563 0.922470 0.932391 0.908328 0.939098 0.933271 0.936446 0.925356 0.925763 0.922845 0.908883 0.930912 0.924546 0.920214 0.929706 0.931148 0.915153 0.926083 0.929981 0.929502 0.934009 0.927750 0.919740 0.926904 0.931373 0.926274 0.928754 0.921003 0.923329 0.908988 0.933146 0.933865 0.923678 0.922582 0.927376 0.927340 0.927376 0.924080 0.921940 0.912903 0.920583 0.923367 0.908942 0.926330 0.000000 0.930205 0.927680 0.928135 0.930353 0.931802 0.926693 0.915750 0.933457 0.928504 0.935393 0.929312
Tamandua_tetradactyla 0.908690 0.920418 0.907858 0.924275 0.913881 0.929800 0.898530 0.928870 0.926738 0.928357 0.920224 0.915819 0.921687 0.907051 0.935937 0.925253 0.920214 0.918496 0.922931 0.900897 0.922316 0.919173 0.923453 0.913033 0.916491 0.916725 0.917580 0.928571 0.922047 0.916647 0.925926 0.928705 0.894309 0.931978 0.933161 0.916782 0.915690 0.915740 0.923431 0.914788 0.923851 0.915012 0.912212 0.915953 0.918160 0.911992 0.918894 0.927376 0.000000 0.919435 0.914514 0.924941 0.925075 0.921340 0.911538 0.936935 0.927093 0.926512 0.930254
Physeter_macrocephalus 0.912872 0.925058 0.896369 0.912839 0.911328 0.929800 0.888733 0.931195 0.916239 0.932286 0.914159 0.909806 0.918675 0.902473 0.939223 0.921319 0.919981 0.921999 0.870436 0.896988 0.924435 0.910244 0.913913 0.905771 0.910626 0.914173 0.923675 0.918534 0.917586 0.914319 0.922879 0.924731 0.901084 0.940159 0.937383 0.917701 0.918677 0.916608 0.917912 0.908598 0.927510 0.914319 0.911751 0.914332 0.906478 0.910819 0.920521 0.927915 0.922497 0.000000 0.914514 0.915294 0.920204 0.924599 0.908261 0.942268 0.916980 0.912367 0.925559
Eumetopias_jubatus 0.907760 0.918793 0.900735 0.911461 0.859796 0.931658 0.895265 0.924919 0.919739 0.926046 0.902029 0.901480 0.920528 0.898352 0.933772 0.922029 0.920447 0.914993 0.916393 0.859738 0.921559 0.910052 0.919963 0.910052 0.906873 0.904894 0.920385 0.922969 0.922517 0.907567 0.925691 0.924497 0.898826 0.934783 0.933396 0.914943 0.913853 0.912870 0.922971 0.907468 0.927052 0.893303 0.911751 0.912248 0.908173 0.907299 0.915175 0.924613 0.914749 0.910052 0.000000 0.920855 0.917189 0.919944 0.906623 0.936471 0.922969 0.913105 0.928840
Pongo_abelii 0.923559 0.931090 0.918428 0.931059 0.926184 0.937647 0.914159 0.943050 0.885674 0.939681 0.932354 0.926920 0.930260 0.911630 0.948235 0.932000 0.929286 0.934610 0.930118 0.912854 0.932000 0.924342 0.900884 0.930353 0.926343 0.922988 0.936706 0.861811 0.934961 0.928289 0.935771 0.936886 0.906956 0.944834 0.948640 0.931264 0.928785 0.924471 0.928719 0.929647 0.935056 0.926790 0.918433 0.929150 0.929647 0.923492 0.926330 0.933882 0.933176 0.921647 0.928605 0.000000 0.923916 0.940191 0.917856 0.949223 0.864064 0.934353 0.925176
Cynocephalus_variegatus 0.912549 0.924148 0.911765 0.921364 0.917421 0.934818 0.904662 0.933194 0.920436 0.931592 0.921132 0.919288 0.922614 0.903159 0.940617 0.926467 0.918812 0.924843 0.924148 0.904576 0.924379 0.914637 0.917884 0.920900 0.916029 0.913245 0.923684 0.921132 0.930411 0.919740 0.930875 0.929019 0.900632 0.936210 0.939225 0.917931 0.917298 0.919740 0.919062 0.921364 0.927738 0.921016 0.913364 0.917574 0.920668 0.914637 0.922292 0.930179 0.926699 0.918348 0.918812 0.918116 0.000000 0.926931 0.908606 0.941108 0.922988 0.925075 0.933426
Soriculus_fumidus 0.902649 0.917865 0.894991 0.910635 0.906453 0.927158 0.885967 0.922827 0.922970 0.925815 0.899232 0.901711 0.910334 0.900870 0.918082 0.910868 0.906955 0.897370 0.912264 0.894458 0.916686 0.907843 0.919963 0.916686 0.905748 0.907214 0.909937 0.921806 0.908541 0.904352 0.914824 0.911334 0.897696 0.925529 0.922970 0.904138 0.904204 0.907610 0.912624 0.907610 0.914018 0.912009 0.899770 0.909470 0.905748 0.904119 0.909598 0.914359 0.916919 0.915522 0.912264 0.923900 0.920900 0.000000 0.896672 0.924646 0.921340 0.914359 0.924133
Microtus_kikuchii 0.912175 0.930394 0.908548 0.920431 0.912488 0.931898 0.899697 0.926081 0.921372 0.927664 0.920924 0.915125 0.915199 0.902244 0.930962 0.922303 0.915794 0.914993 0.924409 0.902736 0.918792 0.917856 0.922057 0.924643 0.916452 0.914405 0.901474 0.922502 0.924643 0.912456 0.925345 0.918420 0.901084 0.928705 0.928856 0.913333 0.913163 0.893751 0.914233 0.920665 0.923165 0.921016 0.908295 0.918037 0.918558 0.910836 0.920753 0.925345 0.924877 0.921133 0.919495 0.921835 0.922524 0.916453 0.000000 0.939717 0.921367 0.923005 0.933302
Erinaceus_europaeus 0.918154 0.928124 0.915211 0.940876 0.925574 0.938790 0.907489 0.940645 0.936935 0.939681 0.930211 0.929463 0.926089 0.918498 0.923951 0.925806 0.925110 0.932298 0.935312 0.916762 0.926965 0.928124 0.932993 0.936471 0.934153 0.923487 0.930211 0.934384 0.925110 0.930211 0.926733 0.925342 0.908537 0.932761 0.933921 0.928506 0.927866 0.930907 0.932168 0.931370 0.925680 0.928637 0.917742 0.924983 0.926038 0.922560 0.929747 0.924646 0.932761 0.936703 0.932066 0.939717 0.937862 0.925806 0.923487 0.000000 0.933225 0.939253 0.936239
Gorilla_gorilla_gorilla 0.920074 0.932019 0.916590 0.928034 0.921541 0.935795 0.909960 0.935844 0.868409 0.937139 0.929321 0.924376 0.925626 0.911172 0.941204 0.929210 0.927192 0.927604 0.925917 0.908945 0.930621 0.919878 0.904607 0.928975 0.922121 0.921132 0.934149 0.788515 0.928387 0.922934 0.934130 0.929406 0.903794 0.940626 0.941370 0.923908 0.922582 0.924976 0.922281 0.925682 0.927281 0.925173 0.917051 0.925677 0.924976 0.921615 0.925401 0.930386 0.932267 0.918627 0.928135 0.862418 0.925539 0.933675 0.913878 0.940181 0.000000 0.925917 0.925447
Ceratotherium_simum 0.906134 0.920186 0.901195 0.880868 0.905292 0.933333 0.888500 0.928173 0.913439 0.926277 0.904595 0.903793 0.916358 0.902244 0.935255 0.920302 0.911607 0.906119 0.902883 0.889630 0.919256 0.815789 0.916240 0.905963 0.870983 0.912781 0.917533 0.915500 0.917117 0.899418 0.921941 0.911641 0.896116 0.932913 0.933161 0.903448 0.905812 0.912807 0.910784 0.900047 0.926595 0.907852 0.909217 0.916647 0.908255 0.908942 0.915640 0.925961 0.920132 0.904122 0.905355 0.918824 0.916725 0.914126 0.903347 0.936935 0.914864 0.000000 0.924835
Cebus_albifrons 0.916125 0.922738 0.911305 0.921536 0.920845 0.929329 0.909727 0.932822 0.918805 0.931592 0.924189 0.919981 0.923309 0.910943 0.937559 0.923421 0.923005 0.929706 0.922714 0.911474 0.925612 0.919643 0.915542 0.927898 0.921417 0.912549 0.928134 0.916200 0.922752 0.925029 0.924754 0.927302 0.901762 0.932445 0.933396 0.923678 0.922123 0.922479 0.923661 0.926249 0.926138 0.920785 0.916129 0.917110 0.925542 0.916217 0.920985 0.923893 0.927191 0.920613 0.925317 0.915059 0.928787 0.929253 0.918558 0.940413 0.918862 0.927191 0.000000
