23
hCoV-19/Wuhan/WIV06/2019|EPI_ISL_402129|2019-12-30_ 0.000000 1.007836 1.949002 1.709796 1.310834 1.934750 1.464114 1.443003 1.521196 1.499938 1.912345 1.894158 1.913933 1.919108 1.916628 1.914309 1.910957 1.562108 1.660544 1.329658 1.596969 1.569229 1.562398
hCoV-19/Wuhan/WIV07/2019|EPI_ISL_402130|2019-12-30_ 1.007017 0.000000 0.956354 0.430877 0.346001 0.941286 0.331111 0.392281 0.427135 0.478363 0.941183 0.937437 0.941022 0.943821 0.937700 0.937564 0.940222 0.562921 0.661404 0.344051 0.604912 0.571562 0.580210
hCoV-19/Guangdong/20SF012/2020|EPI_ISL_403932|2020-01-14_ 1.949352 0.955537 0.000000 0.964407 0.687351 0.955187 0.961022 0.962889 0.962656 0.961956 0.956457 0.957394 0.959195 0.960412 0.958200 0.958644 0.959505 0.954493 0.955771 0.956819 0.959388 0.956608 0.958440
hCoV-19/Guangdong/GD2020085-P0043/2020|EPI_ISL_413887|2020-0 1.768574 0.468538 0.950169 0.000000 0.533636 0.936734 0.481353 0.634318 0.613881 0.706577 0.940727 0.939231 0.943536 0.945080 0.943541 0.941345 0.943285 0.772115 0.803838 0.660012 0.780101 0.773708 0.788941
hCoV-19/Spain/Valencia2/2020|EPI_ISL_414496|2020-03-04_ 1.341010 0.375383 0.719115 0.524901 0.000000 0.939195 0.554509 0.620533 0.633125 0.671242 0.939195 0.940688 0.941804 0.944640 0.940556 0.939535 0.941697 0.740442 0.796370 0.598752 0.765060 0.745547 0.762110
hCoV-19/Guangzhou/GZMU0047/2020|EPI_ISL_414690|2020-02-25_ 1.937084 0.942103 0.955771 0.946539 0.948157 0.000000 0.944555 0.944671 0.943271 0.944321 0.943919 0.942146 0.941936 0.949199 0.944228 0.942491 0.948162 0.941374 0.942921 0.943471 0.944205 0.943194 0.943423
hCoV-19/Wuhan/WH02/2019|EPI_ISL_406799|2019-12-31_ 1.510525 0.364327 0.954954 0.476380 0.550425 0.940703 0.000000 0.543228 0.519327 0.670805 0.943691 0.940240 0.942965 0.947483 0.942281 0.940428 0.943058 0.752496 0.799953 0.569588 0.774580 0.753995 0.760652
hCoV-19/pangolin/China/MP789/2019|EPI_ISL_412860|2019-03-19_ 1.464584 0.411228 0.956121 0.615782 0.606353 0.935333 0.525619 0.000000 0.295512 0.544438 0.934914 0.935531 0.938393 0.939931 0.934379 0.934930 0.936366 0.644532 0.717179 0.475450 0.680724 0.646798 0.661118
hCoV-19/pangolin/Guangdong/P2S/2019|EPI_ISL_410544|2019_ 1.604972 0.495906 0.956471 0.631269 0.648894 0.936851 0.537290 0.345823 0.000000 0.611432 0.937194 0.935755 0.939879 0.942105 0.938731 0.938137 0.942831 0.718946 0.764394 0.577597 0.722072 0.708970 0.715832
hCoV-19/pangolin/Guangxi/P3B/2017|EPI_ISL_410543|2017_ 1.521451 0.500468 0.957638 0.672895 0.641520 0.933582 0.632206 0.544561 0.559189 0.000000 0.932748 0.928131 0.933135 0.936957 0.933807 0.932867 0.936479 0.626422 0.684211 0.534301 0.653354 0.627435 0.623050
NC_038294_|Betacoronavirus_England_1|_complete_genome 1.915308 0.943577 0.957939 0.941981 0.946682 0.945857 0.944945 0.949504 0.942209 0.943577 0.000000 0.670367 0.687906 0.661119 0.409666 0.663171 0.686139 0.938903 0.941981 0.940043 0.945401 0.943463 0.943235
MG987421_|Middle_East_respiratory_syndrome-related_coronavir 1.901559 0.946407 0.957170 0.951340 0.947864 0.944276 0.946070 0.949434 0.944276 0.947864 0.672161 0.000000 0.546922 0.550062 0.684718 0.626528 0.497029 0.939343 0.939455 0.940688 0.944837 0.943491 0.942707
MG021452_|Middle_East_respiratory_syndrome-related_coronavir 1.912219 0.937593 0.955309 0.942393 0.943165 0.944108 0.938279 0.940908 0.933707 0.940222 0.677077 0.528422 0.000000 0.352612 0.676192 0.622928 0.527337 0.935078 0.933821 0.934050 0.941365 0.935993 0.940107
MG021451_|Middle_East_respiratory_syndrome-related_coronavir 1.916934 0.941762 0.956407 0.944050 0.944867 0.941762 0.942677 0.945080 0.936957 0.940732 0.666705 0.547371 0.358784 0.000000 0.676888 0.635126 0.517128 0.935355 0.935240 0.938558 0.943936 0.942334 0.939245
MF593268_|Middle_East_respiratory_syndrome-related_coronavir 1.918003 0.941365 0.955909 0.945259 0.944640 0.942968 0.945259 0.944801 0.943312 0.940678 0.405677 0.684045 0.682021 0.675515 0.000000 0.660673 0.677518 0.937013 0.936326 0.939189 0.941251 0.939647 0.939647
MG596803_|Middle_East_respiratory_syndrome-related_coronavir 1.917975 0.941918 0.958758 0.943178 0.944526 0.943292 0.944094 0.946615 0.943865 0.945355 0.661347 0.616661 0.622243 0.620137 0.664796 0.000000 0.610254 0.938366 0.936075 0.938825 0.941116 0.942376 0.940314
KJ473821_|BtVs-BetaCoV/SC2013|_complete_genome 1.911071 0.944646 0.960299 0.948162 0.947255 0.945894 0.947142 0.946915 0.940903 0.944533 0.680467 0.490302 0.529719 0.515767 0.687500 0.615699 0.000000 0.940109 0.943058 0.941470 0.941810 0.940449 0.940563
NC_004718_|SARS_coronavirus|_complete_genome 1.554446 0.567564 0.955421 0.728581 0.702099 0.943812 0.690504 0.630717 0.622591 0.615858 0.941753 0.941025 0.943079 0.943821 0.942281 0.939856 0.942037 0.000000 0.612840 0.533256 0.345020 0.314488 0.343511
KY352407_|Severe_acute_respiratory_syndrome-related_coronavi 1.674791 0.663392 0.955421 0.764512 0.759728 0.943504 0.744731 0.692217 0.668433 0.675615 0.937536 0.938782 0.939879 0.939016 0.936326 0.938825 0.942945 0.601231 0.000000 0.643529 0.601551 0.623119 0.626543
MG772933_|Bat_SARS-like_coronavirus_isolate_bat-SL-CoVZC45|_ 1.337086 0.347185 0.959721 0.627394 0.569711 0.943703 0.537319 0.461637 0.509925 0.505978 0.939815 0.937885 0.940565 0.940275 0.938960 0.939168 0.943965 0.520139 0.645966 0.000000 0.543239 0.517818 0.500174
KJ473813_|BtRf-BetaCoV/SX2013|_complete_genome 1.616821 0.608889 0.954604 0.747563 0.731934 0.945022 0.726183 0.655116 0.647950 0.636673 0.942665 0.942034 0.944108 0.943249 0.941480 0.940314 0.941697 0.346645 0.613297 0.556123 0.000000 0.315992 0.335274
KJ473814_|BtRs-BetaCoV/HuB2013|_complete_genome 1.589525 0.600023 0.957658 0.727750 0.709472 0.941211 0.693223 0.639216 0.644699 0.623702 0.939929 0.942819 0.943536 0.943478 0.941136 0.942261 0.941130 0.315881 0.632801 0.512130 0.317508 0.000000 0.287776
GQ153548_|Bat_SARS_coronavirus_HKU3-13|_complete_genome 1.567520 0.584400 0.956112 0.727008 0.709246 0.944005 0.703143 0.634459 0.631432 0.622701 0.936966 0.937549 0.941022 0.940732 0.936899 0.938252 0.940676 0.343975 0.623632 0.499826 0.333877 0.284051 0.000000
