4
Camelus_bactrianus 0.000000 0.724611 0.615788 0.617606
Elephantulus_sp. 0.713709 0.000000 0.700000 0.715886
Hippopotamus_amphibius 0.618009 0.726680 0.000000 0.594932
Mazama_gouazoupira 0.599233 0.710998 0.572042 0.000000

4
Camelus_bactrianus 0.000000 0.724611 0.615788 0.622151
Elephantulus_sp. 0.713709 0.000000 0.700000 0.708117
Hippopotamus_amphibius 0.618009 0.726680 0.000000 0.568972
Oryx_dammah 0.606158 0.714114 0.570372 0.000000

4
Camelus_bactrianus 0.000000 0.724611 0.617606 0.622151
Elephantulus_sp. 0.713709 0.000000 0.715886 0.708117
Mazama_gouazoupira 0.599233 0.710998 0.000000 0.436625
Oryx_dammah 0.606158 0.714114 0.452219 0.000000

4
Camelus_bactrianus 0.000000 0.615788 0.617606 0.622151
Hippopotamus_amphibius 0.618009 0.000000 0.594932 0.568972
Mazama_gouazoupira 0.599233 0.572042 0.000000 0.436625
Oryx_dammah 0.606158 0.570372 0.452219 0.000000

4
Elephantulus_sp. 0.000000 0.700000 0.715886 0.708117
Hippopotamus_amphibius 0.726680 0.000000 0.594932 0.568972
Mazama_gouazoupira 0.710998 0.572042 0.000000 0.436625
Oryx_dammah 0.714114 0.570372 0.452219 0.000000

