4
Camelus_bactrianus 0.000000 0.368481 0.313142 0.314066
Elephantulus_sp. 0.362936 0.000000 0.700000 0.715886
Hippopotamus_amphibius 0.314271 0.726680 0.000000 0.594932
Mazama_gouazoupira 0.304723 0.710998 0.572042 0.000000

4
Camelus_bactrianus 0.000000 0.368481 0.313142 0.314476
Elephantulus_sp. 0.362936 0.000000 0.700000 0.708117
Hippopotamus_amphibius 0.314271 0.726680 0.000000 0.568972
Oryx_dammah 0.306263 0.714114 0.570372 0.000000

4
Camelus_bactrianus 0.000000 0.368481 0.313142 0.307803
Elephantulus_sp. 0.362936 0.000000 0.700000 0.699185
Hippopotamus_amphibius 0.314271 0.726680 0.000000 0.555692
Ovis_orientalis_ophion 0.303696 0.693279 0.546904 0.000000

4
Camelus_bactrianus 0.000000 0.368481 0.313142 0.374846
Elephantulus_sp. 0.362936 0.000000 0.700000 0.736170
Hippopotamus_amphibius 0.314271 0.726680 0.000000 0.727052
Pipistrellus_abramus 0.359240 0.726646 0.697670 0.000000

4
Camelus_bactrianus 0.000000 0.368481 0.313142 0.324230
Elephantulus_sp. 0.362936 0.000000 0.700000 0.724804
Hippopotamus_amphibius 0.314271 0.726680 0.000000 0.628646
Ursus_arctos 0.337064 0.743311 0.637095 0.000000

4
Camelus_bactrianus 0.000000 0.368481 0.314066 0.314476
Elephantulus_sp. 0.362936 0.000000 0.715886 0.708117
Mazama_gouazoupira 0.304723 0.710998 0.000000 0.436625
Oryx_dammah 0.306263 0.714114 0.452219 0.000000

4
Camelus_bactrianus 0.000000 0.368481 0.314066 0.307803
Elephantulus_sp. 0.362936 0.000000 0.715886 0.699185
Mazama_gouazoupira 0.304723 0.710998 0.000000 0.432554
Ovis_orientalis_ophion 0.303696 0.693279 0.436244 0.000000

4
Camelus_bactrianus 0.000000 0.368481 0.314066 0.374846
Elephantulus_sp. 0.362936 0.000000 0.715886 0.736170
Mazama_gouazoupira 0.304723 0.710998 0.000000 0.655927
Pipistrellus_abramus 0.359240 0.726646 0.660588 0.000000

4
Camelus_bactrianus 0.000000 0.368481 0.314066 0.324230
Elephantulus_sp. 0.362936 0.000000 0.715886 0.724804
Mazama_gouazoupira 0.304723 0.710998 0.000000 0.589620
Ursus_arctos 0.337064 0.743311 0.616174 0.000000

4
Camelus_bactrianus 0.000000 0.368481 0.314476 0.307803
Elephantulus_sp. 0.362936 0.000000 0.708117 0.699185
Oryx_dammah 0.306263 0.714114 0.000000 0.395242
Ovis_orientalis_ophion 0.303696 0.693279 0.390844 0.000000

4
Camelus_bactrianus 0.000000 0.368481 0.314476 0.374846
Elephantulus_sp. 0.362936 0.000000 0.708117 0.736170
Oryx_dammah 0.306263 0.714114 0.000000 0.681527
Pipistrellus_abramus 0.359240 0.726646 0.664734 0.000000

4
Camelus_bactrianus 0.000000 0.368481 0.314476 0.324230
Elephantulus_sp. 0.362936 0.000000 0.708117 0.724804
Oryx_dammah 0.306263 0.714114 0.000000 0.622951
Ursus_arctos 0.337064 0.743311 0.644142 0.000000

4
Camelus_bactrianus 0.000000 0.368481 0.307803 0.374846
Elephantulus_sp. 0.362936 0.000000 0.699185 0.736170
Ovis_orientalis_ophion 0.303696 0.693279 0.000000 0.670314
Pipistrellus_abramus 0.359240 0.726646 0.667072 0.000000

4
Camelus_bactrianus 0.000000 0.368481 0.307803 0.324230
Elephantulus_sp. 0.362936 0.000000 0.699185 0.724804
Ovis_orientalis_ophion 0.303696 0.693279 0.000000 0.616777
Ursus_arctos 0.337064 0.743311 0.624422 0.000000

4
Camelus_bactrianus 0.000000 0.368481 0.374846 0.324230
Elephantulus_sp. 0.362936 0.000000 0.736170 0.724804
Pipistrellus_abramus 0.359240 0.726646 0.000000 0.694227
Ursus_arctos 0.337064 0.743311 0.717562 0.000000

4
Camelus_bactrianus 0.000000 0.313142 0.314066 0.314476
Hippopotamus_amphibius 0.314271 0.000000 0.594932 0.568972
Mazama_gouazoupira 0.304723 0.572042 0.000000 0.436625
Oryx_dammah 0.306263 0.570372 0.452219 0.000000

4
Camelus_bactrianus 0.000000 0.313142 0.314066 0.307803
Hippopotamus_amphibius 0.314271 0.000000 0.594932 0.555692
Mazama_gouazoupira 0.304723 0.572042 0.000000 0.432554
Ovis_orientalis_ophion 0.303696 0.546904 0.436244 0.000000

4
Camelus_bactrianus 0.000000 0.313142 0.314066 0.374846
Hippopotamus_amphibius 0.314271 0.000000 0.594932 0.727052
Mazama_gouazoupira 0.304723 0.572042 0.000000 0.655927
Pipistrellus_abramus 0.359240 0.697670 0.660588 0.000000

4
Camelus_bactrianus 0.000000 0.313142 0.314066 0.324230
Hippopotamus_amphibius 0.314271 0.000000 0.594932 0.628646
Mazama_gouazoupira 0.304723 0.572042 0.000000 0.589620
Ursus_arctos 0.337064 0.637095 0.616174 0.000000

4
Camelus_bactrianus 0.000000 0.313142 0.314476 0.307803
Hippopotamus_amphibius 0.314271 0.000000 0.568972 0.555692
Oryx_dammah 0.306263 0.570372 0.000000 0.395242
Ovis_orientalis_ophion 0.303696 0.546904 0.390844 0.000000

4
Camelus_bactrianus 0.000000 0.313142 0.314476 0.374846
Hippopotamus_amphibius 0.314271 0.000000 0.568972 0.727052
Oryx_dammah 0.306263 0.570372 0.000000 0.681527
Pipistrellus_abramus 0.359240 0.697670 0.664734 0.000000

4
Camelus_bactrianus 0.000000 0.313142 0.314476 0.324230
Hippopotamus_amphibius 0.314271 0.000000 0.568972 0.628646
Oryx_dammah 0.306263 0.570372 0.000000 0.622951
Ursus_arctos 0.337064 0.637095 0.644142 0.000000

4
Camelus_bactrianus 0.000000 0.313142 0.307803 0.374846
Hippopotamus_amphibius 0.314271 0.000000 0.555692 0.727052
Ovis_orientalis_ophion 0.303696 0.546904 0.000000 0.670314
Pipistrellus_abramus 0.359240 0.697670 0.667072 0.000000

4
Camelus_bactrianus 0.000000 0.313142 0.307803 0.324230
Hippopotamus_amphibius 0.314271 0.000000 0.555692 0.628646
Ovis_orientalis_ophion 0.303696 0.546904 0.000000 0.616777
Ursus_arctos 0.337064 0.637095 0.624422 0.000000

4
Camelus_bactrianus 0.000000 0.313142 0.374846 0.324230
Hippopotamus_amphibius 0.314271 0.000000 0.727052 0.628646
Pipistrellus_abramus 0.359240 0.697670 0.000000 0.694227
Ursus_arctos 0.337064 0.637095 0.717562 0.000000

4
Camelus_bactrianus 0.000000 0.314066 0.314476 0.307803
Mazama_gouazoupira 0.304723 0.000000 0.436625 0.432554
Oryx_dammah 0.306263 0.452219 0.000000 0.395242
Ovis_orientalis_ophion 0.303696 0.436244 0.390844 0.000000

4
Camelus_bactrianus 0.000000 0.314066 0.314476 0.374846
Mazama_gouazoupira 0.304723 0.000000 0.436625 0.655927
Oryx_dammah 0.306263 0.452219 0.000000 0.681527
Pipistrellus_abramus 0.359240 0.660588 0.664734 0.000000

4
Camelus_bactrianus 0.000000 0.314066 0.314476 0.324230
Mazama_gouazoupira 0.304723 0.000000 0.436625 0.589620
Oryx_dammah 0.306263 0.452219 0.000000 0.622951
Ursus_arctos 0.337064 0.616174 0.644142 0.000000

4
Camelus_bactrianus 0.000000 0.314066 0.307803 0.374846
Mazama_gouazoupira 0.304723 0.000000 0.432554 0.655927
Ovis_orientalis_ophion 0.303696 0.436244 0.000000 0.670314
Pipistrellus_abramus 0.359240 0.660588 0.667072 0.000000

4
Camelus_bactrianus 0.000000 0.314066 0.307803 0.324230
Mazama_gouazoupira 0.304723 0.000000 0.432554 0.589620
Ovis_orientalis_ophion 0.303696 0.436244 0.000000 0.616777
Ursus_arctos 0.337064 0.616174 0.624422 0.000000

4
Camelus_bactrianus 0.000000 0.314066 0.374846 0.324230
Mazama_gouazoupira 0.304723 0.000000 0.655927 0.589620
Pipistrellus_abramus 0.359240 0.660588 0.000000 0.694227
Ursus_arctos 0.337064 0.616174 0.717562 0.000000

4
Camelus_bactrianus 0.000000 0.314476 0.307803 0.374846
Oryx_dammah 0.306263 0.000000 0.395242 0.681527
Ovis_orientalis_ophion 0.303696 0.390844 0.000000 0.670314
Pipistrellus_abramus 0.359240 0.664734 0.667072 0.000000

4
Camelus_bactrianus 0.000000 0.314476 0.307803 0.324230
Oryx_dammah 0.306263 0.000000 0.395242 0.622951
Ovis_orientalis_ophion 0.303696 0.390844 0.000000 0.616777
Ursus_arctos 0.337064 0.644142 0.624422 0.000000

4
Camelus_bactrianus 0.000000 0.314476 0.374846 0.324230
Oryx_dammah 0.306263 0.000000 0.681527 0.622951
Pipistrellus_abramus 0.359240 0.664734 0.000000 0.694227
Ursus_arctos 0.337064 0.644142 0.717562 0.000000

4
Camelus_bactrianus 0.000000 0.307803 0.374846 0.324230
Ovis_orientalis_ophion 0.303696 0.000000 0.670314 0.616777
Pipistrellus_abramus 0.359240 0.667072 0.000000 0.694227
Ursus_arctos 0.337064 0.624422 0.717562 0.000000

4
Elephantulus_sp. 0.000000 0.700000 0.715886 0.708117
Hippopotamus_amphibius 0.726680 0.000000 0.594932 0.568972
Mazama_gouazoupira 0.710998 0.572042 0.000000 0.436625
Oryx_dammah 0.714114 0.570372 0.452219 0.000000

4
Elephantulus_sp. 0.000000 0.700000 0.715886 0.699185
Hippopotamus_amphibius 0.726680 0.000000 0.594932 0.555692
Mazama_gouazoupira 0.710998 0.572042 0.000000 0.432554
Ovis_orientalis_ophion 0.693279 0.546904 0.436244 0.000000

4
Elephantulus_sp. 0.000000 0.700000 0.715886 0.736170
Hippopotamus_amphibius 0.726680 0.000000 0.594932 0.727052
Mazama_gouazoupira 0.710998 0.572042 0.000000 0.655927
Pipistrellus_abramus 0.726646 0.697670 0.660588 0.000000

4
Elephantulus_sp. 0.000000 0.700000 0.715886 0.724804
Hippopotamus_amphibius 0.726680 0.000000 0.594932 0.628646
Mazama_gouazoupira 0.710998 0.572042 0.000000 0.589620
Ursus_arctos 0.743311 0.637095 0.616174 0.000000

4
Elephantulus_sp. 0.000000 0.700000 0.708117 0.699185
Hippopotamus_amphibius 0.726680 0.000000 0.568972 0.555692
Oryx_dammah 0.714114 0.570372 0.000000 0.395242
Ovis_orientalis_ophion 0.693279 0.546904 0.390844 0.000000

4
Elephantulus_sp. 0.000000 0.700000 0.708117 0.736170
Hippopotamus_amphibius 0.726680 0.000000 0.568972 0.727052
Oryx_dammah 0.714114 0.570372 0.000000 0.681527
Pipistrellus_abramus 0.726646 0.697670 0.664734 0.000000

4
Elephantulus_sp. 0.000000 0.700000 0.708117 0.724804
Hippopotamus_amphibius 0.726680 0.000000 0.568972 0.628646
Oryx_dammah 0.714114 0.570372 0.000000 0.622951
Ursus_arctos 0.743311 0.637095 0.644142 0.000000

4
Elephantulus_sp. 0.000000 0.700000 0.699185 0.736170
Hippopotamus_amphibius 0.726680 0.000000 0.555692 0.727052
Ovis_orientalis_ophion 0.693279 0.546904 0.000000 0.670314
Pipistrellus_abramus 0.726646 0.697670 0.667072 0.000000

4
Elephantulus_sp. 0.000000 0.700000 0.699185 0.724804
Hippopotamus_amphibius 0.726680 0.000000 0.555692 0.628646
Ovis_orientalis_ophion 0.693279 0.546904 0.000000 0.616777
Ursus_arctos 0.743311 0.637095 0.624422 0.000000

4
Elephantulus_sp. 0.000000 0.700000 0.736170 0.724804
Hippopotamus_amphibius 0.726680 0.000000 0.727052 0.628646
Pipistrellus_abramus 0.726646 0.697670 0.000000 0.694227
Ursus_arctos 0.743311 0.637095 0.717562 0.000000

4
Elephantulus_sp. 0.000000 0.715886 0.708117 0.699185
Mazama_gouazoupira 0.710998 0.000000 0.436625 0.432554
Oryx_dammah 0.714114 0.452219 0.000000 0.395242
Ovis_orientalis_ophion 0.693279 0.436244 0.390844 0.000000

4
Elephantulus_sp. 0.000000 0.715886 0.708117 0.736170
Mazama_gouazoupira 0.710998 0.000000 0.436625 0.655927
Oryx_dammah 0.714114 0.452219 0.000000 0.681527
Pipistrellus_abramus 0.726646 0.660588 0.664734 0.000000

4
Elephantulus_sp. 0.000000 0.715886 0.708117 0.724804
Mazama_gouazoupira 0.710998 0.000000 0.436625 0.589620
Oryx_dammah 0.714114 0.452219 0.000000 0.622951
Ursus_arctos 0.743311 0.616174 0.644142 0.000000

4
Elephantulus_sp. 0.000000 0.715886 0.699185 0.736170
Mazama_gouazoupira 0.710998 0.000000 0.432554 0.655927
Ovis_orientalis_ophion 0.693279 0.436244 0.000000 0.670314
Pipistrellus_abramus 0.726646 0.660588 0.667072 0.000000

4
Elephantulus_sp. 0.000000 0.715886 0.699185 0.724804
Mazama_gouazoupira 0.710998 0.000000 0.432554 0.589620
Ovis_orientalis_ophion 0.693279 0.436244 0.000000 0.616777
Ursus_arctos 0.743311 0.616174 0.624422 0.000000

4
Elephantulus_sp. 0.000000 0.715886 0.736170 0.724804
Mazama_gouazoupira 0.710998 0.000000 0.655927 0.589620
Pipistrellus_abramus 0.726646 0.660588 0.000000 0.694227
Ursus_arctos 0.743311 0.616174 0.717562 0.000000

4
Elephantulus_sp. 0.000000 0.708117 0.699185 0.736170
Oryx_dammah 0.714114 0.000000 0.395242 0.681527
Ovis_orientalis_ophion 0.693279 0.390844 0.000000 0.670314
Pipistrellus_abramus 0.726646 0.664734 0.667072 0.000000

4
Elephantulus_sp. 0.000000 0.708117 0.699185 0.724804
Oryx_dammah 0.714114 0.000000 0.395242 0.622951
Ovis_orientalis_ophion 0.693279 0.390844 0.000000 0.616777
Ursus_arctos 0.743311 0.644142 0.624422 0.000000

4
Elephantulus_sp. 0.000000 0.708117 0.736170 0.724804
Oryx_dammah 0.714114 0.000000 0.681527 0.622951
Pipistrellus_abramus 0.726646 0.664734 0.000000 0.694227
Ursus_arctos 0.743311 0.644142 0.717562 0.000000

4
Elephantulus_sp. 0.000000 0.699185 0.736170 0.724804
Ovis_orientalis_ophion 0.693279 0.000000 0.670314 0.616777
Pipistrellus_abramus 0.726646 0.667072 0.000000 0.694227
Ursus_arctos 0.743311 0.624422 0.717562 0.000000

4
Hippopotamus_amphibius 0.000000 0.594932 0.568972 0.555692
Mazama_gouazoupira 0.572042 0.000000 0.436625 0.432554
Oryx_dammah 0.570372 0.452219 0.000000 0.395242
Ovis_orientalis_ophion 0.546904 0.436244 0.390844 0.000000

4
Hippopotamus_amphibius 0.000000 0.594932 0.568972 0.727052
Mazama_gouazoupira 0.572042 0.000000 0.436625 0.655927
Oryx_dammah 0.570372 0.452219 0.000000 0.681527
Pipistrellus_abramus 0.697670 0.660588 0.664734 0.000000

4
Hippopotamus_amphibius 0.000000 0.594932 0.568972 0.628646
Mazama_gouazoupira 0.572042 0.000000 0.436625 0.589620
Oryx_dammah 0.570372 0.452219 0.000000 0.622951
Ursus_arctos 0.637095 0.616174 0.644142 0.000000

4
Hippopotamus_amphibius 0.000000 0.594932 0.555692 0.727052
Mazama_gouazoupira 0.572042 0.000000 0.432554 0.655927
Ovis_orientalis_ophion 0.546904 0.436244 0.000000 0.670314
Pipistrellus_abramus 0.697670 0.660588 0.667072 0.000000

4
Hippopotamus_amphibius 0.000000 0.594932 0.555692 0.628646
Mazama_gouazoupira 0.572042 0.000000 0.432554 0.589620
Ovis_orientalis_ophion 0.546904 0.436244 0.000000 0.616777
Ursus_arctos 0.637095 0.616174 0.624422 0.000000

4
Hippopotamus_amphibius 0.000000 0.594932 0.727052 0.628646
Mazama_gouazoupira 0.572042 0.000000 0.655927 0.589620
Pipistrellus_abramus 0.697670 0.660588 0.000000 0.694227
Ursus_arctos 0.637095 0.616174 0.717562 0.000000

4
Hippopotamus_amphibius 0.000000 0.568972 0.555692 0.727052
Oryx_dammah 0.570372 0.000000 0.395242 0.681527
Ovis_orientalis_ophion 0.546904 0.390844 0.000000 0.670314
Pipistrellus_abramus 0.697670 0.664734 0.667072 0.000000

4
Hippopotamus_amphibius 0.000000 0.568972 0.555692 0.628646
Oryx_dammah 0.570372 0.000000 0.395242 0.622951
Ovis_orientalis_ophion 0.546904 0.390844 0.000000 0.616777
Ursus_arctos 0.637095 0.644142 0.624422 0.000000

4
Hippopotamus_amphibius 0.000000 0.568972 0.727052 0.628646
Oryx_dammah 0.570372 0.000000 0.681527 0.622951
Pipistrellus_abramus 0.697670 0.664734 0.000000 0.694227
Ursus_arctos 0.637095 0.644142 0.717562 0.000000

4
Hippopotamus_amphibius 0.000000 0.555692 0.727052 0.628646
Ovis_orientalis_ophion 0.546904 0.000000 0.670314 0.616777
Pipistrellus_abramus 0.697670 0.667072 0.000000 0.694227
Ursus_arctos 0.637095 0.624422 0.717562 0.000000

4
Mazama_gouazoupira 0.000000 0.436625 0.432554 0.655927
Oryx_dammah 0.452219 0.000000 0.395242 0.681527
Ovis_orientalis_ophion 0.436244 0.390844 0.000000 0.670314
Pipistrellus_abramus 0.660588 0.664734 0.667072 0.000000

4
Mazama_gouazoupira 0.000000 0.436625 0.432554 0.589620
Oryx_dammah 0.452219 0.000000 0.395242 0.622951
Ovis_orientalis_ophion 0.436244 0.390844 0.000000 0.616777
Ursus_arctos 0.616174 0.644142 0.624422 0.000000

4
Mazama_gouazoupira 0.000000 0.436625 0.655927 0.589620
Oryx_dammah 0.452219 0.000000 0.681527 0.622951
Pipistrellus_abramus 0.660588 0.664734 0.000000 0.694227
Ursus_arctos 0.616174 0.644142 0.717562 0.000000

4
Mazama_gouazoupira 0.000000 0.432554 0.655927 0.589620
Ovis_orientalis_ophion 0.436244 0.000000 0.670314 0.616777
Pipistrellus_abramus 0.660588 0.667072 0.000000 0.694227
Ursus_arctos 0.616174 0.624422 0.717562 0.000000

4
Oryx_dammah 0.000000 0.395242 0.681527 0.622951
Ovis_orientalis_ophion 0.390844 0.000000 0.670314 0.616777
Pipistrellus_abramus 0.664734 0.667072 0.000000 0.694227
Ursus_arctos 0.644142 0.624422 0.717562 0.000000

