11
1 0.000000 24.487436 24.483709 24.537689 24.552763 24.560301 24.547739 24.560301 24.557789 24.472500 24.377501
2 24.482412 0.000000 24.142857 24.366835 24.354271 24.092964 24.341709 24.276382 24.097990 24.299999 24.192499
3 24.481203 24.172932 0.000000 24.190475 24.170425 24.213032 24.243107 24.085213 24.378447 24.397499 23.995001
4 24.525126 24.364321 24.175438 0.000000 23.540201 24.329145 22.914574 24.095478 24.522614 24.375000 24.049999
5 24.550251 24.376884 24.175438 23.555277 0.000000 24.288944 23.520100 24.042713 24.459799 24.424999 23.805000
6 24.537689 24.103016 24.223057 24.331657 24.266331 0.000000 24.412060 24.231155 24.427135 24.250000 24.147499
7 24.542713 24.344221 24.230576 22.919598 23.505026 24.422110 0.000000 24.040201 24.515076 24.445000 24.067499
8 24.560301 24.301508 24.087719 24.118090 24.080402 24.241205 24.035175 0.000000 24.447237 24.377501 23.747499
9 24.545227 24.092964 24.365915 24.522614 24.444723 24.414574 24.510050 24.442211 0.000000 24.392500 24.334999
10 24.455000 24.309999 24.405001 24.389999 24.402500 24.250000 24.440001 24.372499 24.392500 0.000000 24.360001
11 24.377501 24.205000 23.987499 24.049999 23.792500 24.150000 24.052500 23.722500 24.337500 24.352501 0.000000
