11
1 0.000000 0.673740 0.673740 0.673740 0.671958 0.673740 0.673740 0.671958 0.673740 0.670185 0.669312
2 0.676393 0.000000 0.655172 0.671088 0.661376 0.671088 0.671088 0.671958 0.671088 0.672823 0.671958
3 0.673740 0.660477 0.000000 0.671088 0.661376 0.671088 0.673740 0.671958 0.671088 0.672823 0.669312
4 0.673740 0.671088 0.673740 0.000000 0.669312 0.673740 0.676393 0.671958 0.591512 0.672823 0.669312
5 0.669312 0.661376 0.661376 0.669312 0.000000 0.666667 0.671958 0.669312 0.669312 0.670185 0.664021
6 0.671088 0.671088 0.671088 0.673740 0.666667 0.000000 0.673740 0.671958 0.673740 0.672823 0.671958
7 0.673740 0.671088 0.673740 0.671088 0.671958 0.673740 0.000000 0.656085 0.671088 0.672823 0.671958
8 0.671958 0.671958 0.671958 0.669312 0.669312 0.671958 0.648148 0.000000 0.671958 0.672823 0.669312
9 0.673740 0.671088 0.673740 0.591512 0.669312 0.676393 0.676393 0.674603 0.000000 0.672823 0.669312
10 0.670185 0.672823 0.672823 0.670185 0.670185 0.672823 0.672823 0.670185 0.672823 0.000000 0.670185
11 0.669312 0.674603 0.671958 0.671958 0.669312 0.674603 0.674603 0.671958 0.671958 0.670185 0.000000
