11
1 0.000000 100.114059 99.787796 99.161804 99.642860 99.206894 99.872681 99.246033 99.358093 98.765175 99.105820
2 100.116714 0.000000 98.827583 98.578247 100.171959 99.827583 100.419098 99.685188 98.840851 99.493401 99.828041
3 99.798409 98.832893 0.000000 98.068962 99.780426 99.610077 99.954910 99.320107 98.429710 99.047493 99.685188
4 99.175064 98.580902 98.058357 0.000000 99.301590 98.716179 99.387268 98.637566 96.421753 98.372032 98.791008
5 99.642860 100.166664 99.775131 99.296295 0.000000 99.626984 93.439156 95.748680 99.547623 96.810028 99.902115
6 99.212204 99.832893 99.604774 98.726791 99.634918 0.000000 99.832893 99.134918 99.132629 98.577835 96.915344
7 99.872681 100.413795 99.944298 99.387268 93.428574 99.835541 0.000000 95.656082 99.639259 96.783638 99.865082
8 99.264549 99.685188 99.320107 98.637566 95.764549 99.132278 95.658730 0.000000 98.904762 96.087074 99.380951
9 99.355438 98.822281 98.411140 96.411140 99.539680 99.127319 99.623344 98.891533 0.000000 98.535622 99.089951
10 98.778366 99.511871 99.058044 98.364113 96.844330 98.593666 96.794197 96.094986 98.551453 0.000000 99.000000
11 99.100533 99.825394 99.669312 98.788361 99.907410 96.902115 99.854500 99.370369 99.089951 98.978889 0.000000
