11
1 0.000000 4.374368 4.429054 4.457483 4.477891 4.452381 4.449152 4.455782 4.439932 4.387206 4.388889
2 4.365936 0.000000 4.023609 4.293423 4.284992 3.317032 4.303541 4.141653 4.279932 4.175084 3.340067
3 4.444257 4.087690 0.000000 4.371622 4.381757 4.089527 4.371622 3.282094 4.371622 3.316498 4.095960
4 4.448979 4.214165 4.358108 0.000000 3.877342 4.322470 2.964407 4.382906 2.925550 4.333333 4.203704
5 4.494898 4.313659 4.375000 3.959114 0.000000 4.342419 3.911865 4.413970 3.925550 4.358586 4.313131
6 4.426871 3.325464 4.045608 4.313894 4.337308 0.000000 4.320339 4.230769 4.291032 4.127946 3.313131
7 4.455932 4.276560 4.339527 2.947458 3.922034 4.279661 0.000000 4.362712 2.835871 4.304714 4.267677
8 4.493197 4.170321 3.290540 4.396581 4.371380 4.167521 4.396610 0.000000 4.331641 3.097643 4.129630
9 4.441624 4.300169 4.373311 2.913706 3.917090 4.318105 2.830795 4.377326 0.000000 4.355219 4.308081
10 4.407407 4.164983 3.296296 4.329967 4.297980 4.102694 4.301347 3.077441 4.346801 0.000000 4.138047
11 4.358586 3.346801 4.057239 4.245791 4.227273 3.289562 4.237374 4.090909 4.218855 4.106061 0.000000
