11
1 0.000000 12.557029 12.567639 12.583554 12.537037 12.519894 12.570292 12.552910 12.570292 12.503958 12.544973
2 12.583554 0.000000 12.466844 12.533156 12.410053 12.326260 12.496021 12.465609 12.517241 12.424802 12.439154
3 12.572945 12.453581 0.000000 12.482759 12.378307 12.267904 12.302387 12.452381 12.358090 12.142480 12.214286
4 12.575597 12.519894 12.485411 0.000000 12.407408 12.440318 12.533156 12.497355 12.535809 12.464380 12.505291
5 12.534391 12.402117 12.370370 12.407408 0.000000 12.169312 12.349206 12.407408 12.346560 12.337730 12.386244
6 12.514589 12.320955 12.275862 12.453581 12.171958 0.000000 12.360743 12.370370 12.395226 12.332454 12.328042
7 12.567639 12.498673 12.310345 12.541114 12.349206 12.363396 0.000000 12.481482 10.633952 12.345647 12.370370
8 12.550264 12.462963 12.447090 12.497355 12.404762 12.378307 12.476191 0.000000 12.481482 12.424802 12.465609
9 12.559682 12.525199 12.352785 12.541114 12.343915 12.405835 10.631300 12.481482 0.000000 12.340369 12.420635
10 12.496042 12.416886 12.139842 12.469657 12.343008 12.319262 12.332454 12.424802 12.327177 0.000000 11.749340
11 12.555555 12.433863 12.208995 12.513227 12.375662 12.328042 12.346560 12.468254 12.412699 11.762533 0.000000
