11
1 0.000000 12.164456 12.225464 12.167109 12.169312 12.212201 12.198939 12.150794 12.238727 12.094987 12.126985
2 12.143236 0.000000 11.986737 11.960212 11.910053 11.986737 11.997348 9.677249 11.965517 10.907652 11.886244
3 12.222812 12.007957 0.000000 12.145888 12.113756 12.151194 12.193634 11.970900 11.649867 12.000000 12.026455
4 12.164456 11.981432 12.135279 0.000000 9.206349 9.840849 12.007957 12.007936 12.100796 11.897098 11.791005
5 12.158731 11.931217 12.105820 9.203704 0.000000 9.902117 11.968254 12.013227 12.100529 11.891821 11.693122
6 12.209549 11.997348 12.148541 9.846154 9.910053 0.000000 12.031830 12.002645 12.074270 11.899736 11.685185
7 12.212201 12.000000 12.204244 12.005305 11.970900 12.026525 0.000000 11.994709 12.177719 11.960423 11.653440
8 12.164021 9.682540 11.976191 12.007936 12.013227 12.018518 11.994709 0.000000 11.947090 10.936675 11.859788
9 12.217506 11.978780 11.636604 12.108753 12.097883 12.092838 12.159151 11.931217 0.000000 11.947229 11.994709
10 12.113457 10.899736 12.010554 11.886543 11.881267 11.905013 11.968338 10.931398 11.952507 0.000000 11.852242
11 12.113756 11.904762 12.021164 11.804233 11.706349 11.703704 11.653440 11.851851 11.986773 11.852242 0.000000
