11
1 0.000000 5.374005 5.358090 5.376658 5.341270 5.432361 5.363395 5.447090 5.419098 5.401055 5.346561
2 5.371353 0.000000 5.145889 5.379310 4.208995 5.220159 5.363395 4.931217 5.312997 5.303430 5.288360
3 5.360743 5.145889 0.000000 5.363395 5.095238 4.681698 5.310345 5.201058 5.273210 5.271768 5.156085
4 5.379310 5.379310 5.371353 0.000000 5.343915 5.397878 4.647215 5.417989 5.220159 5.300792 5.386243
5 5.343915 4.211640 5.095238 5.341270 0.000000 5.169312 5.298942 4.947090 5.230159 5.266491 5.243386
6 5.424403 5.222812 4.684350 5.389920 5.169312 0.000000 5.326260 5.267196 5.320955 5.274406 5.203704
7 5.355438 5.366048 5.310345 4.647215 5.301587 5.331565 0.000000 5.365079 5.122016 5.205805 5.304233
8 5.433862 4.931217 5.185185 5.399471 4.949736 5.253968 5.365079 0.000000 5.351852 5.350924 5.298942
9 5.413793 5.310345 5.267904 5.220159 5.224868 5.320955 5.129973 5.349206 0.000000 4.865435 5.272487
10 5.393140 5.306068 5.271768 5.284960 5.266491 5.266491 5.211082 5.353562 4.870712 0.000000 5.332454
11 5.341270 5.288360 5.158730 5.375661 5.235450 5.198413 5.301587 5.312169 5.264550 5.329815 0.000000
