11
1 0.000000 23.302387 23.620689 24.031830 23.457672 24.328913 23.299734 24.402117 23.907162 24.205805 24.529100
2 23.302387 0.000000 21.960213 23.172413 22.425926 22.946949 20.724138 23.116402 23.196287 22.696569 23.880953
3 23.620689 21.968170 0.000000 23.498674 22.894180 23.522547 22.124668 23.748676 23.506632 23.395779 24.079365
4 24.013262 23.169762 23.496021 0.000000 22.341270 24.082228 23.153847 24.129629 18.604774 24.002638 23.801588
5 23.455027 22.431217 22.907408 22.341270 0.000000 23.801588 22.558201 23.835979 22.235449 23.612137 23.785715
6 24.331566 22.954906 23.530504 24.084881 23.809525 0.000000 23.225464 21.838625 24.132626 21.226913 24.431217
7 23.294430 20.726791 22.124668 23.159151 22.560846 23.201591 0.000000 23.243385 23.106100 23.055408 23.759260
8 24.410053 23.121693 23.738094 24.124338 23.828043 21.835979 23.267197 0.000000 24.079365 19.522427 24.587301
9 23.885942 23.198938 23.509283 18.599470 22.240740 24.106100 23.090185 24.074074 0.000000 23.910290 23.841270
10 24.200527 22.696569 23.398417 23.981531 23.593668 21.221636 23.063324 19.519789 23.902374 0.000000 24.358839
11 24.526455 23.875662 24.079365 23.796297 23.780424 24.415344 23.777779 24.592592 23.857143 24.366755 0.000000
