11
1 0.000000 25.822281 25.750664 25.864721 25.822752 25.891247 25.822281 25.775133 25.893900 25.757256 25.761906
2 25.827587 0.000000 22.917772 25.557030 25.711639 25.745358 25.705570 25.703703 25.732096 25.707125 25.526455
3 25.750664 22.928383 0.000000 25.623343 25.722221 25.734749 25.779840 25.716930 25.740053 25.707125 25.595238
4 25.862068 25.549072 25.610079 0.000000 25.645502 25.153847 25.713528 25.396826 25.474800 25.543535 25.161375
5 25.830688 25.716930 25.735449 25.645502 0.000000 25.719576 25.201057 25.767197 25.703703 25.686016 25.698412
6 25.883289 25.750664 25.726791 25.156498 25.708994 0.000000 25.771883 25.227512 25.702917 25.569921 25.507936
7 25.827587 25.689655 25.782494 25.716181 25.211639 25.766579 0.000000 25.693121 25.753315 25.659630 25.587301
8 25.772488 25.708994 25.738094 25.402117 25.764551 25.227512 25.695766 0.000000 25.603174 25.633245 25.539682
9 25.901857 25.737400 25.750664 25.477453 25.701057 25.679045 25.761272 25.600529 0.000000 25.422163 25.552910
10 25.757256 25.709763 25.701847 25.532982 25.672823 25.567282 25.656992 25.633245 25.422163 0.000000 25.604221
11 25.767197 25.544973 25.608465 25.156084 25.693121 25.521164 25.605820 25.537037 25.552910 25.596306 0.000000
