11
1 0.000000 245.851456 245.206894 240.649872 241.497360 243.877991 245.533157 245.293655 240.816971 243.393143 239.962967
2 245.848801 0.000000 173.281174 188.063660 198.084656 180.148544 178.625992 179.791000 193.074265 167.839050 187.486771
3 245.193634 173.278519 0.000000 182.488068 193.396820 173.734741 172.472153 174.148148 188.023880 159.097626 181.923279
4 240.628647 188.055710 182.482758 0.000000 166.037033 174.244034 185.761276 187.478836 156.994690 178.097626 138.481476
5 241.507935 198.113754 193.423279 166.068787 0.000000 186.494705 195.783066 197.870377 155.407410 190.279678 165.767197
6 243.867371 180.156494 173.745361 174.259949 186.478836 0.000000 177.851456 179.648148 180.331558 169.482849 173.722229
7 245.530502 178.647217 172.498672 185.793106 195.783066 177.862076 0.000000 169.502640 190.798401 168.213715 185.206345
8 245.272491 179.788361 174.148148 187.486771 197.843918 179.634918 169.476196 0.000000 192.513229 170.147751 187.370377
9 240.798401 193.071625 188.021225 157.000000 155.378311 180.318298 190.766571 192.510590 0.000000 184.253296 156.256607
10 243.382584 167.846970 159.108185 178.116089 190.263855 169.482849 168.200531 170.166229 184.263855 0.000000 178.010559
11 239.944443 187.478836 181.917984 138.481476 165.735443 173.706345 185.177246 187.365082 156.253967 177.994720 0.000000
