11
1 0.000000 4.848806 4.997347 4.806366 4.830688 4.923077 4.885942 4.833333 5.015915 5.047493 4.986773
2 4.846154 0.000000 3.822281 3.557029 4.129630 3.506631 3.374005 4.156085 3.750663 4.073879 3.804233
3 5.005305 3.824934 0.000000 3.936340 4.423280 3.718833 3.968170 4.439154 4.161804 4.374670 4.108466
4 4.809019 3.559682 3.936340 0.000000 4.023809 3.766578 3.734748 4.071429 3.981432 4.229551 3.920635
5 4.833333 4.132275 4.423280 4.023809 0.000000 4.285714 4.235450 3.431217 4.455027 4.543536 4.404762
6 4.917772 3.506631 3.713528 3.763926 4.283069 0.000000 3.660477 4.285714 4.050398 4.155673 3.894180
7 4.885942 3.379310 3.968170 3.734748 4.235450 3.663130 0.000000 4.272487 3.864722 4.174142 3.920635
8 4.835979 4.161376 4.441799 4.074074 3.433862 4.291005 4.272487 0.000000 4.497355 4.554090 4.460318
9 5.018568 3.755968 4.164456 3.984085 4.460318 4.055703 3.867374 4.497355 0.000000 4.485488 4.259259
10 5.042216 4.073879 4.372032 4.226913 4.540897 4.158311 4.171504 4.548813 4.482850 0.000000 4.195251
11 4.994709 3.804233 4.105820 3.917989 4.404762 3.896825 3.917989 4.455027 4.253968 4.195251 0.000000
