11
1 0.000000 11.387268 11.549071 11.803714 11.497355 11.912467 11.400531 11.976191 11.901856 11.854881 11.928572
2 11.408488 0.000000 10.816977 11.498673 10.936508 11.464191 10.092838 11.460318 11.482759 11.321899 11.664021
3 11.554377 10.819629 0.000000 11.575597 11.084656 11.503979 10.591512 11.566137 11.610080 11.422164 11.674603
4 11.822281 11.488064 11.559682 0.000000 11.161376 11.923077 11.466844 11.955027 9.129973 11.931398 11.724868
5 11.502645 10.933863 11.079365 11.158731 0.000000 11.550264 10.875662 11.640212 11.169312 11.522428 11.502645
6 11.915119 11.466844 11.496021 11.938993 11.555555 0.000000 11.360743 10.756614 11.923077 10.643800 12.084656
7 11.405835 10.090186 10.591512 11.482759 10.880953 11.363396 0.000000 11.354497 11.435013 11.295514 11.529100
8 11.976191 11.444445 11.571428 11.960318 11.640212 10.756614 11.367724 0.000000 11.973545 9.559367 12.044973
9 11.912467 11.493369 11.615385 9.127321 11.179894 11.923077 11.437666 11.984127 0.000000 11.862797 11.746032
10 11.860158 11.313984 11.408971 11.928760 11.506597 10.635884 11.274406 9.559367 11.854881 0.000000 11.994723
11 11.923281 11.645503 11.677249 11.722222 11.497355 12.084656 11.539682 12.031746 11.751323 11.997361 0.000000
