11
1 0.000000 0.431703 0.467905 0.500000 0.457483 0.472789 0.483051 0.450680 0.473773 0.447811 0.461279
2 0.428331 0.000000 0.369309 0.419899 0.372681 0.401349 0.397976 0.359191 0.379427 0.350168 0.360269
3 0.464527 0.389545 0.000000 0.405405 0.195946 0.440878 0.445946 0.244932 0.432432 0.279461 0.415825
4 0.493197 0.408094 0.395270 0.000000 0.396934 0.466552 0.459322 0.388034 0.465313 0.383838 0.442761
5 0.447279 0.391231 0.185811 0.396934 0.000000 0.446337 0.442373 0.253833 0.426396 0.272727 0.419192
6 0.462585 0.413153 0.439189 0.473413 0.437819 0.000000 0.238983 0.429060 0.426396 0.434343 0.405724
7 0.486441 0.408094 0.435811 0.466102 0.450847 0.242373 0.000000 0.420339 0.429780 0.449495 0.417508
8 0.445578 0.359191 0.234797 0.388034 0.255537 0.427350 0.413559 0.000000 0.428088 0.292929 0.388889
9 0.470389 0.376054 0.417230 0.456853 0.419628 0.428088 0.434856 0.412860 0.000000 0.410774 0.410774
10 0.447811 0.363636 0.267677 0.377104 0.271044 0.436027 0.442761 0.287879 0.419192 0.000000 0.400673
11 0.444444 0.350168 0.395623 0.441077 0.390572 0.398990 0.409091 0.373737 0.405724 0.387205 0.000000
