11
1 0.000000 0.620603 0.629073 0.625628 0.625628 0.628141 0.625628 0.628141 0.630653 0.630000 0.620000
2 0.628141 0.000000 0.588972 0.603015 0.577889 0.567839 0.580402 0.577889 0.595477 0.602500 0.590000
3 0.631579 0.591479 0.000000 0.601504 0.476190 0.566416 0.581454 0.576441 0.601504 0.595000 0.572500
4 0.628141 0.605528 0.606516 0.000000 0.595477 0.540201 0.567839 0.565327 0.605528 0.597500 0.560000
5 0.623116 0.577889 0.476190 0.595477 0.000000 0.550251 0.565327 0.570352 0.600502 0.587500 0.562500
6 0.630653 0.567839 0.566416 0.545226 0.550251 0.000000 0.439698 0.462312 0.597990 0.585000 0.477500
7 0.630653 0.580402 0.581454 0.567839 0.565327 0.439698 0.000000 0.238693 0.575377 0.575000 0.345000
8 0.630653 0.580402 0.573935 0.570352 0.572864 0.462312 0.238693 0.000000 0.585427 0.580000 0.377500
9 0.633166 0.597990 0.604010 0.605528 0.600502 0.603015 0.580402 0.585427 0.000000 0.535000 0.587500
10 0.630000 0.605000 0.595000 0.602500 0.587500 0.587500 0.577500 0.580000 0.532500 0.000000 0.567500
11 0.630000 0.592500 0.572500 0.567500 0.570000 0.482500 0.347500 0.380000 0.587500 0.570000 0.000000
