11
1 0.000000 5.976127 5.957560 5.976127 5.939154 5.968170 5.976127 5.947090 5.965517 5.955145 5.939154
2 5.976127 0.000000 5.912467 5.949602 5.896825 5.909814 5.896552 5.915344 5.907162 5.941953 5.896825
3 5.949602 5.920424 0.000000 5.968170 5.600529 5.899204 5.946949 5.931217 5.944297 5.949868 5.182539
4 5.981432 5.944297 5.962865 0.000000 5.939154 5.970822 5.962865 5.941799 5.962865 5.941953 5.941799
5 5.933862 5.896825 5.587302 5.949736 0.000000 5.886243 5.939154 5.931217 5.912698 5.947229 5.648148
6 5.962865 5.931035 5.896552 5.968170 5.894180 0.000000 5.952255 5.949736 5.952255 5.939314 5.917989
7 5.981432 5.904509 5.941645 5.965517 5.944445 5.962865 0.000000 5.814815 5.814323 5.947229 5.947090
8 5.947090 5.910053 5.933862 5.936508 5.931217 5.944445 5.806878 0.000000 5.584656 5.934037 5.920635
9 5.954907 5.901857 5.944297 5.960212 5.915344 5.952255 5.798409 5.574074 0.000000 5.920845 5.904762
10 5.949868 5.934037 5.944591 5.939314 5.939314 5.934037 5.949868 5.939314 5.928760 0.000000 5.939314
11 5.936508 5.907407 5.174603 5.936508 5.648148 5.910053 5.947090 5.928571 5.907407 5.941953 0.000000
