11
1 0.000000 0.433390 0.420608 0.467687 0.425170 0.430272 0.445763 0.450680 0.463621 0.479798 0.429293
2 0.433390 0.000000 0.384486 0.456998 0.389545 0.416526 0.389545 0.401349 0.387858 0.437710 0.402357
3 0.427365 0.372681 0.000000 0.440878 0.253378 0.420608 0.413851 0.430743 0.422297 0.459596 0.247475
4 0.460884 0.441821 0.427365 0.000000 0.437819 0.444254 0.447458 0.437607 0.436548 0.441077 0.442761
5 0.421769 0.387858 0.246622 0.431005 0.000000 0.403748 0.400000 0.407155 0.428088 0.449495 0.287879
6 0.416667 0.408094 0.405405 0.451115 0.391823 0.000000 0.418644 0.452991 0.439932 0.456229 0.424242
7 0.437288 0.386172 0.407095 0.450847 0.413559 0.425424 0.000000 0.347458 0.343486 0.434343 0.432660
8 0.433673 0.377740 0.417230 0.444444 0.419080 0.446154 0.332203 0.000000 0.291032 0.451178 0.432660
9 0.460237 0.387858 0.412162 0.448393 0.438240 0.441624 0.340102 0.292724 0.000000 0.446128 0.446128
10 0.474747 0.444444 0.457912 0.452862 0.466330 0.484848 0.449495 0.462963 0.457912 0.000000 0.469697
11 0.434343 0.400673 0.247475 0.451178 0.303030 0.427609 0.441077 0.447811 0.446128 0.468013 0.000000
