11
1 0.000000 262.673737 264.265259 264.169769 263.417999 264.297089 264.416443 263.473541 263.588867 262.649078 262.798950
2 262.671082 0.000000 260.278503 260.506622 259.558197 260.697601 260.525208 259.312164 258.440308 258.802124 256.359802
3 264.275848 260.294434 0.000000 257.493378 210.288361 263.135284 263.066315 232.370377 262.156494 249.139847 260.695770
4 264.196289 260.514587 257.472137 0.000000 256.806885 263.068970 263.005310 256.671967 262.424408 256.585754 260.894165
5 263.396820 259.568787 210.277771 256.806885 0.000000 262.391541 262.404755 233.222229 261.502655 249.232193 260.460327
6 264.281158 260.708221 263.119354 263.071625 262.383606 0.000000 232.559677 262.301575 262.607422 261.656982 261.089935
7 264.427063 260.519897 263.079590 263.002655 262.433868 232.559677 0.000000 262.214294 262.652527 261.781006 260.833344
8 263.462952 259.298950 232.367722 256.671967 233.214279 262.304230 262.211639 0.000000 261.396820 248.382584 260.333344
9 263.583557 258.432373 262.161804 262.424408 261.505280 262.599457 262.628662 261.386230 0.000000 260.699219 259.957672
10 262.664917 258.791565 249.118729 256.559357 249.229553 261.654358 261.773102 248.382584 260.701843 0.000000 259.738800
11 262.793640 256.375671 260.677246 260.886230 260.470886 261.103180 260.814819 260.320099 259.939148 259.730865 0.000000
