11
1 0.000000 11.419598 11.388472 10.809045 11.412061 10.660804 11.560302 11.482412 11.477386 11.660000 11.285000
2 11.417086 0.000000 11.057644 11.208543 11.042713 11.143216 11.628140 11.143216 11.080402 11.605000 11.480000
3 11.401003 11.057644 0.000000 11.092731 9.744361 11.005013 11.538847 10.205514 7.037594 11.257500 11.410000
4 10.811558 11.193467 11.085213 0.000000 11.070352 8.597990 11.326633 11.163317 11.087939 11.560000 10.467500
5 11.409548 11.045226 9.734336 11.057789 0.000000 11.007538 11.572865 9.952261 9.703518 11.277500 11.387500
6 10.658292 11.135678 10.989975 8.592965 11.015076 0.000000 11.304020 11.110553 11.030150 11.560000 10.555000
7 11.577889 11.613066 11.533834 11.344221 11.580402 11.316583 0.000000 11.557789 11.535176 11.735000 11.572500
8 11.494975 11.145729 10.205514 11.168342 9.947236 11.138191 11.560302 0.000000 10.241206 11.265000 11.492500
9 11.479899 11.067840 7.032581 11.087939 9.690955 11.045226 11.520101 10.236181 0.000000 11.285000 11.400000
10 11.662500 11.592500 11.247500 11.575000 11.282500 11.577500 11.740000 11.275000 11.285000 0.000000 11.710000
11 11.282500 11.470000 11.420000 10.465000 11.405000 10.560000 11.562500 11.492500 11.417500 11.717500 0.000000
