11
1 0.000000 9.746231 9.468672 9.736181 9.206030 9.278894 9.391960 9.997487 9.263819 9.302500 9.410000
2 9.751256 0.000000 9.518797 7.545226 9.419598 8.864322 9.301508 10.025126 9.384422 9.417500 9.515000
3 9.461153 9.508772 0.000000 9.453634 8.265664 9.037594 9.155389 9.812030 8.165414 8.227500 8.520000
4 9.746231 7.550251 9.463659 0.000000 9.391960 8.874372 9.188442 10.090452 9.336683 9.302500 9.482500
5 9.203518 9.419598 8.273183 9.389447 0.000000 8.896985 8.939698 9.670855 7.884422 7.962500 8.152500
6 9.273870 8.866835 9.037594 8.871860 8.891960 0.000000 8.693467 9.653266 8.907035 8.822500 9.035000
7 9.391960 9.304020 9.165414 9.185929 8.942211 8.695980 0.000000 9.821608 8.942211 8.912500 9.105000
8 10.010050 10.020101 9.824561 10.090452 9.670855 9.660804 9.826633 0.000000 9.653266 9.647500 9.817500
9 9.261307 9.394472 8.172933 9.341708 7.881909 8.912061 8.947236 9.650754 0.000000 7.187500 8.207500
10 9.312500 9.420000 8.242500 9.305000 7.967500 8.830000 8.927500 9.650000 7.192500 0.000000 8.232500
11 9.407500 9.510000 8.522500 9.475000 8.147500 9.035000 9.102500 9.802500 8.205000 8.225000 0.000000
