11
1 0.000000 113.866837 114.195488 116.655777 114.246231 118.479897 112.952263 118.685928 116.721107 117.820000 118.175003
2 113.896988 0.000000 106.085213 113.359299 109.854271 112.939697 99.972359 113.452263 113.756279 112.242500 115.315002
3 114.172935 106.062660 0.000000 114.002510 110.781952 114.210526 105.338348 114.736839 114.200500 113.777496 115.940002
4 116.736183 113.366837 114.075188 0.000000 110.057793 118.125626 112.552765 118.309044 91.012566 117.552498 115.682503
5 114.304024 109.854271 110.824562 110.010048 0.000000 116.301506 108.723618 116.530151 110.160805 115.559998 114.017502
6 118.585426 112.977386 114.273186 118.133163 116.286430 0.000000 112.826630 108.201004 118.118088 105.647499 118.705002
7 112.979897 99.937187 105.353386 112.522614 108.716080 112.768845 0.000000 113.185928 112.746231 111.927498 114.717499
8 118.756279 113.469849 114.751877 118.273872 116.552765 108.180908 113.228645 0.000000 118.324120 96.294998 119.080002
9 116.776382 113.688438 114.187973 90.967339 110.115578 118.128143 112.706032 118.351761 0.000000 117.589996 115.745003
10 117.942497 112.209999 113.787498 117.532501 115.504997 105.620003 111.882500 96.260002 117.599998 0.000000 118.777496
11 118.207497 115.257500 115.877502 115.602501 113.937500 118.552498 114.667503 118.949997 115.712502 118.612503 0.000000
