11
1 0.000000 12.562334 12.562334 12.570292 12.507936 12.570292 12.559682 12.537037 12.554377 12.506597 12.537037
2 12.559682 0.000000 12.506631 12.541114 11.798942 11.535809 12.514589 11.428572 12.509284 12.472296 12.497355
3 12.559682 12.506631 0.000000 11.238727 12.399471 12.474801 12.265252 12.462963 12.302387 12.382586 12.039682
4 12.570292 12.533156 11.238727 0.000000 12.460318 12.501327 12.360743 12.505291 12.342175 12.430079 12.063492
5 12.513227 11.806878 12.410053 12.462963 0.000000 11.814815 12.447090 11.888889 12.447090 12.430079 12.478836
6 12.559682 11.538462 12.485411 12.498673 11.820106 0.000000 12.511936 11.423281 12.506631 12.490766 12.500000
7 12.559682 12.519894 12.278515 12.358090 12.457672 12.525199 0.000000 12.476191 11.238727 12.401055 12.261905
8 12.529100 11.460318 12.465609 12.492064 11.891535 11.436508 12.484127 0.000000 12.462963 12.498681 12.478836
9 12.551724 12.511936 12.320955 12.342175 12.455027 12.503979 11.236074 12.460318 0.000000 12.377309 12.277778
10 12.514512 12.472296 12.393140 12.424802 12.437995 12.498681 12.398417 12.503958 12.379948 0.000000 12.398417
11 12.539682 12.505291 12.023809 12.058201 12.468254 12.492064 12.259259 12.468254 12.275132 12.406332 0.000000
