11
1 0.000000 165.748016 163.782486 164.068970 167.034393 166.127319 165.050400 164.761902 166.962860 163.361481 163.576721
2 165.755966 0.000000 143.076920 142.859421 146.492065 146.450928 143.798401 144.693115 145.228119 142.773087 143.023804
3 163.779846 143.063660 0.000000 140.697617 144.653442 143.806366 141.848801 141.976196 144.543762 139.432724 138.605820
4 164.084885 142.867371 140.716187 0.000000 144.566132 144.305038 141.763931 142.502640 144.506638 140.453827 140.664017
5 167.039688 146.489410 144.661377 144.555557 0.000000 148.047623 142.867722 146.603180 148.063492 144.886551 144.976196
6 166.132629 146.448273 143.816971 144.294434 148.047623 0.000000 145.371353 143.460312 148.015915 143.620056 143.746033
7 165.058350 143.801056 141.862076 141.758621 142.873016 145.374008 0.000000 143.552917 145.389923 141.672821 141.820099
8 164.767197 144.690475 141.984131 142.492065 146.603180 143.460312 143.550262 0.000000 146.285721 142.211075 142.314819
9 166.968170 145.225464 144.551727 144.496017 148.060852 148.013260 145.384613 146.285721 0.000000 144.327179 144.500000
10 163.382584 142.786285 139.459106 140.456467 144.902374 143.635880 141.683380 142.226913 144.343002 0.000000 139.754623
11 163.579361 143.018524 138.613754 140.653442 144.973541 143.743393 141.814819 142.312164 144.500000 139.736145 0.000000
