11
1 0.000000 5.396985 5.421052 5.404522 5.469849 5.427135 5.439699 5.371859 5.391960 5.367500 5.365000
2 5.384422 0.000000 5.245614 5.062814 5.364322 5.030151 5.331658 4.655779 4.731156 4.957500 4.830000
3 5.418546 5.255639 0.000000 5.315790 5.228070 5.298245 5.393484 5.253133 5.255639 5.310000 5.292500
4 5.386935 5.062814 5.305764 0.000000 5.339196 4.442211 5.319096 5.027638 5.070352 5.200000 5.140000
5 5.464824 5.371859 5.225564 5.334171 0.000000 5.324121 5.359296 5.306533 5.351759 5.360000 5.365000
6 5.422111 5.032663 5.298245 4.442211 5.324121 0.000000 5.311558 4.972362 5.035176 5.117500 5.115000
7 5.422111 5.329146 5.393484 5.321608 5.359296 5.314070 0.000000 5.319096 5.331658 5.332500 5.315000
8 5.356784 4.658291 5.255639 5.035176 5.309045 4.972362 5.329146 0.000000 4.042714 4.650000 4.585000
9 5.371859 4.738693 5.260652 5.067839 5.354271 5.035176 5.341709 4.037688 0.000000 4.705000 4.687500
10 5.357500 4.960000 5.287500 5.190000 5.362500 5.105000 5.332500 4.642500 4.702500 0.000000 4.632500
11 5.335000 4.830000 5.290000 5.142500 5.360000 5.110000 5.317500 4.582500 4.690000 4.635000 0.000000
