11
1 0.000000 11.879397 11.892231 11.957287 11.912061 11.894472 11.959799 11.947236 11.967337 11.927500 11.830000
2 11.886934 0.000000 11.744361 11.896985 11.791457 11.758794 11.816583 11.856784 11.879397 11.872500 11.705000
3 11.892231 11.734336 0.000000 11.874686 11.102757 11.791980 11.824561 11.874686 11.869674 11.902500 10.327500
4 11.957287 11.884422 11.869674 0.000000 11.922111 11.902010 11.932160 11.934673 11.952261 11.880000 11.857500
5 11.907035 11.783919 11.100250 11.922111 0.000000 11.844221 11.859297 11.886934 11.932160 11.900000 11.140000
6 11.896985 11.751256 11.804511 11.912061 11.864322 0.000000 11.904523 11.919598 11.929648 11.905000 11.782500
7 11.962312 11.814071 11.839599 11.952261 11.851759 11.907035 0.000000 11.595477 11.663317 11.942500 11.827500
8 11.947236 11.869347 11.884712 11.939698 11.899497 11.912061 11.610553 0.000000 11.085427 11.917500 11.845000
9 11.964824 11.871860 11.872180 11.947236 11.914573 11.922111 11.648241 11.077889 0.000000 11.925000 11.830000
10 11.922500 11.875000 11.897500 11.882500 11.902500 11.902500 11.930000 11.912500 11.927500 0.000000 11.897500
11 11.837500 11.705000 10.332500 11.860000 11.142500 11.785000 11.837500 11.847500 11.842500 11.892500 0.000000
