11
1 0.000000 223.449753 222.556396 221.972366 220.884415 226.030151 222.555283 224.334167 223.723618 222.419998 222.132507
2 223.301514 0.000000 163.285721 204.638184 184.221100 216.316589 204.786438 189.100510 207.115585 211.032501 181.737503
3 222.293228 163.190475 0.000000 204.007523 184.298248 215.591476 203.904755 188.907272 206.192978 210.960007 180.567505
4 221.846741 204.675873 204.120300 0.000000 200.208542 215.371857 189.366837 206.537689 192.640701 209.960007 203.554993
5 220.773865 184.228638 184.411026 200.170853 0.000000 213.439697 199.685928 187.663315 202.407028 207.600006 183.832504
6 225.809052 216.211060 215.604004 215.276382 213.304016 0.000000 215.221100 217.213562 216.690948 195.559998 214.997498
7 222.256287 204.597992 203.804504 189.148239 199.502518 215.185928 0.000000 206.103012 178.095474 209.589996 203.152496
8 224.022614 188.959793 188.867172 206.402008 187.505020 217.143219 206.140701 0.000000 208.391953 212.207504 188.535004
9 223.489944 207.017593 206.180450 192.542709 202.316589 216.718597 178.173370 208.459793 0.000000 211.662506 205.429993
10 222.327499 211.095001 211.160004 210.009995 207.692505 195.747498 209.830002 212.389999 211.817505 0.000000 211.000000
11 221.992493 181.727493 180.642502 203.460007 183.812500 215.085007 203.272507 188.690002 205.524994 210.889999 0.000000
