11
1 0.000000 79.807755 80.025337 80.028908 80.263603 80.367348 79.789833 80.534012 80.128593 79.951180 79.548820
2 79.703201 0.000000 70.752106 65.942665 70.173691 70.337265 67.244522 56.349072 70.050591 70.597641 70.166664
3 80.092903 70.539627 0.000000 70.888512 66.369934 65.677368 70.739868 70.361488 66.332771 65.619530 65.245789
4 80.836731 65.718384 71.277023 0.000000 70.807495 71.608917 67.944069 66.403419 70.622673 70.336700 70.314812
5 80.068024 70.080948 66.253380 71.020439 0.000000 66.982964 70.628815 70.379898 61.495770 66.084175 65.801346
6 80.734695 70.720070 65.665543 71.648369 66.896080 0.000000 71.242371 71.299149 66.160744 64.348488 62.077442
7 80.147461 67.330521 70.839523 67.681358 70.425423 71.325424 0.000000 67.332207 70.304565 70.430977 70.469696
8 80.282310 56.389545 70.736488 66.394875 70.560478 71.208549 67.567795 0.000000 69.879868 70.353539 70.281143
9 79.769882 70.354134 66.351349 70.461929 61.531303 66.208122 70.362099 69.798645 0.000000 65.959595 65.560608
10 80.031990 70.417511 65.627945 70.178452 65.954544 64.313133 70.760941 70.569023 65.942764 0.000000 64.501686
11 79.617844 70.249161 65.269363 70.095963 65.656563 62.053871 70.612793 70.220535 65.511787 64.462959 0.000000
