11
1 0.000000 107.550255 107.573936 107.530151 107.286430 107.668343 107.077888 107.125626 107.555275 106.750000 107.827499
2 107.585426 0.000000 89.020050 96.429649 96.655777 97.216080 77.673370 88.678391 96.876884 102.437500 90.565002
3 107.566414 88.974937 0.000000 96.208023 96.493736 97.045113 88.513786 84.481201 96.536339 102.732498 87.762497
4 107.530151 96.417084 96.223061 0.000000 96.972359 88.482414 95.984924 96.080399 95.944725 102.682503 97.370003
5 107.253769 96.592964 96.491226 96.914574 0.000000 97.708542 95.831657 96.351761 97.801506 102.697502 97.402496
6 107.660805 97.180908 97.025063 88.449745 97.716080 0.000000 96.580399 96.869347 96.721107 103.217499 97.629997
7 107.077888 77.653267 88.526314 95.977386 95.844223 96.613068 0.000000 88.515076 96.175880 102.222504 89.857498
8 107.130653 88.660805 84.496239 96.065323 96.381912 96.909546 88.507538 0.000000 96.522614 102.357498 87.489998
9 107.545227 96.854271 96.563911 95.949745 97.839195 96.746231 96.183418 96.530151 0.000000 103.190002 97.580002
10 106.750000 102.397499 102.764999 102.675003 102.730003 103.202499 102.209999 102.349998 103.147499 0.000000 103.287498
11 107.842499 90.574997 87.809998 97.385002 97.470001 97.692497 89.902496 87.527496 97.595001 103.297501 0.000000
