11
1 0.000000 246.366837 245.914780 246.437180 246.316589 246.459793 246.364319 246.138184 246.361816 245.367493 245.302505
2 246.454773 0.000000 240.197998 232.688446 240.477386 240.834167 235.728638 196.701004 240.236176 239.740005 239.652496
3 245.817047 240.032578 0.000000 239.942352 233.220551 231.353378 240.020050 239.701752 232.709274 230.642502 230.497498
4 246.489944 232.693466 240.090225 0.000000 240.226135 240.881912 235.339203 231.497482 240.065323 239.157501 239.747498
5 246.298996 240.371857 233.323303 240.170853 0.000000 233.643219 240.072861 239.731155 221.042709 233.077499 232.274994
6 246.575378 240.917084 231.521301 240.917084 233.783920 0.000000 240.942215 240.412064 233.819092 229.687500 222.315002
7 246.379395 235.650757 240.135345 235.304016 240.118088 240.801514 0.000000 234.846741 240.065323 239.702499 239.539993
8 246.226135 196.738693 239.837097 231.577896 239.811554 240.321609 234.929642 0.000000 239.761307 239.074997 239.100006
9 246.512558 240.314072 232.932327 240.145721 221.120605 233.846741 240.195984 239.793976 0.000000 233.044998 231.815002
10 245.367493 239.647507 230.770004 239.119995 233.095001 229.587494 239.695007 238.962494 232.892502 0.000000 229.285004
11 245.232498 239.539993 230.512497 239.610001 232.242493 222.157501 239.485001 238.967499 231.582504 229.229996 0.000000
