11
1 0.000000 9.064081 9.082770 9.197279 9.202381 9.068027 9.167796 9.164966 9.150592 9.045455 9.048821
2 9.035413 0.000000 8.418213 8.831366 8.821248 6.822934 8.841484 8.374368 8.844856 8.474748 6.890573
3 9.118243 8.543002 0.000000 9.069257 9.018581 8.403716 8.979730 6.768581 9.033784 6.875421 8.511785
4 9.255102 8.846543 8.996622 0.000000 8.163544 8.950257 6.094915 9.169230 6.087986 8.998317 8.808081
5 9.221088 8.834739 8.881757 8.049404 0.000000 9.025554 8.162712 8.957411 8.045685 8.962963 8.883839
6 9.119047 6.875211 8.380068 8.903945 8.986371 0.000000 8.859322 8.470085 8.893401 8.351851 6.824916
7 9.186440 8.910624 9.035473 6.055932 8.076271 8.725424 0.000000 8.961017 5.966159 8.919192 8.794613
8 9.188775 8.416526 6.738176 9.104274 9.037478 8.449573 8.996611 0.000000 8.954315 6.200337 8.297979
9 9.167513 8.790894 8.875000 6.071066 8.000000 8.585448 5.969543 8.905246 0.000000 8.897306 8.627946
10 9.070707 8.346802 6.801347 8.902357 8.902357 8.161616 8.838384 6.223906 8.821548 0.000000 8.319865
11 9.050505 6.961279 8.462963 8.792930 8.860270 6.841751 8.792930 8.340067 8.781145 8.446128 0.000000
