11
1 0.000000 11.962312 11.944862 11.962312 11.972362 11.957287 11.969850 11.982412 11.967337 11.887500 11.887500
2 11.949749 0.000000 11.809524 11.841708 11.748744 11.771357 11.733668 11.778894 11.819096 11.710000 11.047500
3 11.949875 11.822055 0.000000 11.192983 11.829574 11.854636 11.847117 11.842105 11.142858 11.825000 11.810000
4 11.952261 11.834171 11.185464 0.000000 11.824121 11.879397 11.886934 11.869347 9.464824 11.832500 11.752500
5 11.969850 11.748744 11.832080 11.836683 0.000000 11.512563 11.590452 11.839196 11.831658 11.542500 11.702500
6 11.964824 11.778894 11.854636 11.881909 11.500000 0.000000 11.615578 11.829145 11.866835 11.590000 11.715000
7 11.977386 11.733668 11.842105 11.889447 11.587939 11.597990 0.000000 11.796482 11.886934 11.522500 11.695000
8 11.977386 11.778894 11.827067 11.864322 11.826633 11.809045 11.791457 0.000000 11.851759 11.767500 11.707500
9 11.964824 11.831658 11.140351 9.472362 11.834171 11.864322 11.889447 11.861809 0.000000 11.827500 11.742500
10 11.882500 11.700000 11.820000 11.825000 11.520000 11.565000 11.507500 11.755000 11.817500 0.000000 11.677500
11 11.885000 11.042500 11.780000 11.732500 11.677500 11.707500 11.695000 11.712500 11.727500 11.685000 0.000000
