11
1 0.000000 9.182125 9.182432 9.113946 9.212585 9.277211 9.198305 9.278912 9.177665 9.158249 9.058923
2 9.198988 0.000000 8.451940 9.124789 9.190557 9.055649 8.664418 8.790894 8.197302 8.567340 9.161616
3 9.185811 8.217538 0.000000 8.993243 9.175675 8.689189 7.337838 8.209459 6.121622 7.070707 9.111111
4 9.139456 9.112985 9.028716 0.000000 8.735946 9.298456 9.098305 9.273504 9.028765 9.006734 8.601010
5 9.195579 9.160202 9.172297 8.633731 0.000000 9.267462 9.193220 9.277683 9.182741 9.139730 8.991583
6 9.234694 9.025295 8.716216 9.272727 9.245316 0.000000 9.059322 9.167521 8.668359 8.670033 9.139730
7 9.200000 8.639123 7.336149 9.006780 9.205085 8.991526 0.000000 8.547458 7.101523 6.664983 9.116161
8 9.301021 8.915683 8.243243 9.304274 9.299829 9.232479 8.706779 0.000000 7.952623 8.385522 9.208755
9 9.213198 8.288364 6.152027 8.979695 9.197969 8.724196 7.084602 8.065989 0.000000 6.728956 9.131313
10 9.149832 8.538720 7.067340 8.954545 9.153198 8.691919 6.681818 8.412457 6.762626 0.000000 9.124579
11 9.099326 9.149832 9.106061 8.388889 8.927609 9.173401 9.107744 9.143098 9.074074 9.090909 0.000000
