11
1 0.000000 0.620603 0.626566 0.628141 0.620603 0.628141 0.615578 0.613065 0.623116 0.615000 0.612500
2 0.620603 0.000000 0.616541 0.623116 0.547739 0.507538 0.623116 0.535176 0.623116 0.630000 0.615000
3 0.629073 0.611529 0.000000 0.486216 0.614035 0.619048 0.598997 0.614035 0.598997 0.620000 0.580000
4 0.628141 0.623116 0.486216 0.000000 0.615578 0.628141 0.613065 0.615578 0.595477 0.632500 0.595000
5 0.620603 0.547739 0.616541 0.615578 0.000000 0.537688 0.613065 0.557789 0.603015 0.627500 0.600000
6 0.628141 0.500000 0.619048 0.625628 0.535176 0.000000 0.625628 0.535176 0.618090 0.630000 0.612500
7 0.615578 0.623116 0.598997 0.610553 0.613065 0.623116 0.000000 0.615578 0.489950 0.622500 0.587500
8 0.613065 0.535176 0.616541 0.618090 0.550251 0.537688 0.615578 0.000000 0.613065 0.630000 0.592500
9 0.623116 0.620603 0.598997 0.595477 0.600502 0.620603 0.489950 0.610553 0.000000 0.622500 0.597500
10 0.615000 0.630000 0.617500 0.630000 0.630000 0.632500 0.615000 0.630000 0.617500 0.000000 0.615000
11 0.615000 0.620000 0.582500 0.595000 0.607500 0.615000 0.590000 0.600000 0.602500 0.620000 0.000000
