11
1 0.000000 242.434677 240.942352 242.841705 241.389450 240.429642 240.123123 240.296478 241.052765 239.397507 241.809998
2 242.381912 0.000000 239.894730 242.047745 240.786438 239.655777 239.442215 239.668335 235.638184 238.847504 241.147507
3 240.889725 239.897247 0.000000 234.338348 238.335846 225.952377 237.739349 227.060150 238.313278 237.857498 226.877502
4 242.854279 242.067841 234.378448 0.000000 240.391953 232.658295 240.201004 233.050247 240.618088 239.335007 237.522507
5 241.371857 240.821609 238.388474 240.409546 0.000000 237.494980 238.130646 237.608047 239.288940 237.610001 240.035004
6 240.374374 239.535172 225.914780 232.572861 237.419601 0.000000 236.690948 223.567841 237.613068 236.354996 231.987503
7 239.987442 239.412064 237.666672 240.153259 238.082916 236.675873 0.000000 236.924622 237.128143 204.580002 239.554993
8 240.276382 239.706024 227.085220 233.052765 237.592972 223.648239 236.932159 0.000000 237.718597 236.362503 232.345001
9 241.040207 235.678391 238.278198 240.585434 239.226135 237.665833 237.123123 237.655777 0.000000 236.507507 240.152496
10 239.404999 239.000000 238.005005 239.437500 237.672501 236.487503 204.675003 236.482498 236.669998 0.000000 240.022507
11 241.707504 241.092499 226.837494 237.464996 239.955002 232.017502 239.580002 232.297501 240.145004 239.837494 0.000000
