11
1 0.000000 0.460371 0.462838 0.477891 0.464286 0.472789 0.462712 0.481293 0.463621 0.464646 0.452862
2 0.451939 0.000000 0.367622 0.389545 0.345700 0.347386 0.352445 0.350759 0.370995 0.375421 0.345118
3 0.467905 0.357504 0.000000 0.371622 0.221284 0.342905 0.336149 0.353041 0.378378 0.367003 0.346801
4 0.479592 0.387858 0.364865 0.000000 0.356048 0.286449 0.323729 0.305983 0.402707 0.380471 0.321549
5 0.455782 0.347386 0.216216 0.340715 0.000000 0.303237 0.300000 0.311755 0.380711 0.372054 0.308081
6 0.476190 0.364250 0.342905 0.288165 0.321976 0.000000 0.208475 0.215385 0.370558 0.348485 0.227273
7 0.469492 0.352445 0.336149 0.306780 0.311864 0.211864 0.000000 0.120339 0.362098 0.348485 0.154882
8 0.477891 0.367622 0.347973 0.309402 0.328790 0.227350 0.133898 0.000000 0.377327 0.358586 0.191919
9 0.448393 0.367622 0.381757 0.390863 0.382403 0.373942 0.362098 0.373942 0.000000 0.277778 0.380471
10 0.452862 0.372054 0.367003 0.372054 0.370370 0.358586 0.341751 0.353535 0.271044 0.000000 0.335017
11 0.456229 0.343434 0.333333 0.314815 0.311448 0.225589 0.148148 0.175084 0.372054 0.328283 0.000000
