11
1 0.000000 236.213562 232.313278 233.163315 234.502518 235.718597 235.643219 232.726135 232.894470 234.557495 234.582504
2 236.163315 0.000000 231.122803 231.721100 233.994980 228.711060 228.527634 231.517593 232.002518 233.497498 232.972504
3 232.476196 231.298248 0.000000 214.669174 228.408524 229.804504 230.263153 213.736847 201.508774 228.000000 226.759995
4 233.128143 231.718597 214.473679 0.000000 228.791458 230.623123 231.128143 202.092972 216.703522 228.375000 227.205002
5 234.437180 233.969849 228.210526 228.748749 0.000000 233.140701 233.334167 228.276382 229.334167 232.039993 231.297501
6 235.711060 228.746231 229.636597 230.633163 233.238693 0.000000 221.623123 230.178391 230.542709 232.742493 232.270004
7 235.577896 228.505020 229.987473 231.032669 233.316589 221.550247 0.000000 230.218597 231.072861 232.902496 232.395004
8 232.695984 231.512558 213.551376 202.100510 228.221100 230.082916 230.228638 0.000000 216.288940 227.820007 226.434998
9 232.969849 232.087936 201.413528 216.761307 229.434677 230.577896 231.178391 216.379395 0.000000 228.292496 227.277496
10 234.634995 233.627502 227.892502 228.434998 232.160004 232.797501 233.112503 227.942505 228.317505 0.000000 217.892502
11 234.619995 233.065002 226.654999 227.237503 231.392502 232.332504 232.487503 226.520004 227.227493 217.839996 0.000000
