11
1 0.000000 189.801514 188.814529 188.248749 189.555283 188.268845 189.927139 189.190948 188.678391 187.294998 187.830002
2 189.982407 0.000000 187.233078 187.123123 190.580399 189.505020 190.894470 190.047745 187.723618 188.567505 189.145004
3 189.095245 187.318298 0.000000 185.804504 189.714279 188.666672 189.932327 189.032578 186.330826 188.130005 188.740005
4 188.251251 186.947235 185.536346 0.000000 189.002518 187.597992 189.178391 188.238693 182.477386 186.682495 187.317505
5 189.645721 190.479904 189.563904 189.105530 0.000000 189.238693 178.603012 182.572861 189.552765 183.817505 188.875000
6 188.218597 189.296478 188.373428 187.562820 189.138184 0.000000 189.371857 188.560303 188.072861 186.682495 183.080002
7 190.027634 190.781403 189.761902 189.309052 178.605530 189.484924 0.000000 182.783920 189.703522 184.179993 189.302505
8 189.314072 189.997482 188.914780 188.399490 182.635681 188.751251 182.824127 0.000000 188.889450 182.777496 188.327499
9 188.773865 187.572861 186.162903 182.567841 189.555283 188.163315 189.648239 188.809052 0.000000 187.095001 187.850006
10 187.339996 188.419998 187.897507 186.737503 183.777496 186.742493 184.119995 182.654999 187.052505 0.000000 187.537506
11 187.869995 189.007507 188.537506 187.425003 188.884995 183.145004 189.259995 188.247498 187.830002 187.559998 0.000000
