11
1 0.000000 13.023609 13.057432 13.095238 13.180272 13.110544 13.086441 13.112245 13.060914 12.939394 12.981482
2 13.094435 0.000000 12.871839 12.868465 13.106239 13.082631 13.116358 13.097808 12.861720 13.026936 13.126263
3 13.045609 12.929173 0.000000 12.937500 13.113175 13.079391 13.099662 13.089527 12.792230 12.969697 13.138047
4 13.110544 12.910624 12.885135 0.000000 13.163544 13.150944 13.032204 13.170940 12.516074 12.880471 12.991583
5 13.175170 13.107925 13.087838 13.163544 0.000000 13.168654 11.979661 12.494038 13.091371 12.693603 13.065657
6 13.119047 13.104553 13.099662 13.183534 13.224873 0.000000 13.084745 13.176068 13.120135 12.912457 12.634680
7 13.120339 13.139966 13.103041 13.076271 11.964407 13.105084 0.000000 12.466102 13.050761 12.683501 13.072391
8 13.147959 13.080944 13.146959 13.215384 12.545145 13.169230 12.450848 0.000000 13.094754 12.641414 13.127946
9 13.077834 12.875211 12.820946 12.539763 13.121827 13.062606 13.067682 13.103215 0.000000 12.932660 13.090909
10 12.971380 13.033670 13.008417 12.856902 12.715488 12.910774 12.632997 12.634680 12.944445 0.000000 13.016835
11 13.052189 13.132997 13.181818 13.048821 13.101010 12.639730 13.114478 13.119529 13.102694 13.010101 0.000000
