11
1 0.000000 131.161804 131.350128 131.339523 131.359787 131.313004 131.461533 131.171951 131.403183 130.688660 130.944443
2 131.175064 0.000000 129.122009 128.846161 130.251328 129.090179 129.549072 129.489410 129.214859 128.707123 128.256607
3 131.342178 129.137924 0.000000 129.848801 130.661377 129.901855 130.108749 130.089951 126.766579 129.311340 129.542328
4 131.331558 128.814331 129.843506 0.000000 130.574081 129.830246 130.169754 129.989410 129.973480 129.195251 122.256615
5 131.357147 130.238098 130.674606 130.600525 0.000000 129.478836 129.626984 129.552917 130.605820 129.171509 130.444443
6 131.313004 129.068970 129.885941 129.867371 129.473541 0.000000 121.782494 128.129623 130.002655 120.474937 129.269836
7 131.472153 129.541107 130.124664 130.175064 129.611115 121.779839 0.000000 128.518524 130.153839 110.905014 129.679901
8 131.169312 129.494705 130.079361 130.005295 129.552917 128.126984 128.505295 0.000000 130.124344 127.960419 129.748672
9 131.400528 129.193634 126.763924 129.992035 130.576721 129.981430 130.145889 130.113754 0.000000 129.337738 129.510590
10 130.678101 128.678101 129.324539 129.187332 129.126648 120.469658 110.910294 127.955147 129.332458 0.000000 129.094986
11 130.925919 128.267197 129.544968 122.243385 130.433868 129.267197 129.685181 129.759262 129.515869 129.108185 0.000000
