11
1 0.000000 23.552763 23.501253 23.748743 23.577890 23.502512 23.650753 23.781406 23.695980 23.445000 23.517500
2 23.565327 0.000000 23.117794 23.424623 23.087940 22.894472 23.261307 23.314070 23.276382 23.030001 23.107500
3 23.516291 23.092731 0.000000 23.418547 22.899750 22.619047 22.456141 23.177944 22.416040 21.917500 22.392500
4 23.738693 23.414574 23.433584 0.000000 23.261307 23.213568 23.540201 23.623116 23.540201 23.379999 23.427500
5 23.580402 23.072865 22.917294 23.271357 0.000000 22.263819 22.989950 23.339195 22.944723 22.805000 22.940001
6 23.517588 22.899498 22.641603 23.238693 22.288944 0.000000 22.866835 23.002512 22.864321 22.584999 22.790001
7 23.645729 23.246231 22.481203 23.540201 22.992462 22.864321 0.000000 23.479900 18.902010 22.715000 22.817499
8 23.781406 23.304020 23.180450 23.623116 23.326633 22.992462 23.484924 0.000000 23.477386 23.200001 23.257500
9 23.688442 23.258795 22.431078 23.545227 22.949749 22.869347 18.891960 23.474874 0.000000 22.682501 22.840000
10 23.450001 23.002501 21.917500 23.385000 22.792500 22.582500 22.725000 23.182501 22.690001 0.000000 21.667500
11 23.517500 23.090000 22.400000 23.420000 22.924999 22.767500 22.815001 23.245001 22.834999 21.687500 0.000000
