11
1 0.000000 264.774536 264.620697 264.801056 264.208984 264.893890 264.877991 264.256622 264.877991 263.572571 264.076721
2 264.755981 0.000000 235.185669 262.220154 263.111115 263.636597 264.244019 263.293640 263.854126 262.503967 261.960327
3 264.596802 235.185669 0.000000 262.228119 262.825409 263.522552 264.225464 263.272491 263.785156 262.472290 261.703705
4 264.798401 262.212189 262.278503 0.000000 262.619049 257.700256 263.827576 260.100525 261.830231 260.891815 258.031738
5 264.182526 263.111115 262.825409 262.613770 0.000000 263.235443 257.571442 263.751312 263.404755 262.617401 262.759247
6 264.856750 263.615387 263.522552 257.676392 263.240753 0.000000 264.270569 257.870361 263.082214 261.844330 261.214294
7 264.870026 264.225464 264.225464 263.838196 257.582001 264.291779 0.000000 263.978821 264.400543 263.187347 263.216919
8 264.248688 263.304230 263.275146 260.097870 263.780426 257.891541 263.981476 0.000000 263.082001 262.519775 262.333344
9 264.854126 263.838196 263.801056 261.811676 263.415344 263.076935 264.408478 263.055542 0.000000 259.422150 261.521179
10 263.543549 262.503967 262.496033 260.891815 262.606873 261.844330 263.189972 262.503967 259.435364 0.000000 260.897095
11 264.068787 261.957672 261.719574 258.039673 262.759247 261.216919 263.222229 262.333344 261.544983 260.899750 0.000000
