11
1 0.000000 245.675873 245.421051 246.010056 245.801514 245.678391 246.457291 245.826630 246.085434 244.277496 244.429993
2 245.992462 0.000000 218.463654 221.180908 220.190948 214.190948 241.942215 225.062820 241.570358 222.464996 218.537506
3 245.493729 218.325821 0.000000 217.553879 219.954880 217.350876 240.824554 223.814529 240.521301 222.497498 217.804993
4 246.331665 221.158295 217.631577 0.000000 222.620605 219.592972 241.793976 225.889450 241.464828 223.524994 219.820007
5 245.716080 219.856781 219.776947 222.344223 0.000000 218.115585 241.864319 225.736176 241.542709 223.632507 216.690002
6 245.625626 213.967331 217.200500 219.424622 218.185928 0.000000 241.281403 222.856781 241.047745 220.210007 217.304993
7 246.507538 241.786438 240.819550 241.555283 242.005020 241.344223 0.000000 241.532669 217.846741 239.899994 240.369995
8 245.836685 224.821609 223.724304 225.663315 225.793976 222.894470 241.462311 0.000000 241.301514 220.895004 223.522507
9 245.979904 241.178391 240.395996 241.032669 241.557785 240.959793 217.718597 241.211060 0.000000 239.785004 239.797501
10 244.247498 222.242493 222.402496 223.282501 223.637497 220.214996 239.792496 220.852493 239.872498 0.000000 222.029999
11 244.505005 218.397507 217.809998 219.679993 216.804993 217.387497 240.320007 223.562500 239.977493 222.110001 0.000000
