11
1 0.000000 248.605530 248.243103 248.766327 249.517593 248.718597 248.826630 248.994980 249.115585 247.412506 247.432495
2 248.452255 0.000000 244.874680 244.306534 247.371857 245.128143 245.801514 246.120605 245.344223 244.139999 242.800003
3 248.185471 244.907272 0.000000 245.699249 247.774429 245.924805 246.170425 246.636597 240.634079 245.270004 244.934998
4 248.758789 244.384415 245.746872 0.000000 247.994980 246.201004 246.560303 246.977386 246.567841 244.947495 231.772507
5 249.449753 247.414566 247.789474 247.932159 0.000000 246.145721 246.429642 246.369354 248.175873 244.880005 246.647507
6 248.613068 245.080399 245.847122 246.037689 246.077896 0.000000 232.075378 243.839203 246.396988 228.862503 244.475006
7 248.806534 245.811554 246.170425 246.542709 246.427139 232.170853 0.000000 244.618088 246.778900 211.072495 245.087494
8 249.118088 246.278900 246.784454 247.092972 246.527634 244.035172 244.776382 0.000000 247.216080 242.860001 245.610001
9 249.015076 245.354279 240.538849 246.424622 248.123123 246.386932 246.758789 247.057785 0.000000 245.100006 244.937500
10 247.414993 244.225006 245.337494 244.872498 244.875000 228.994995 211.070007 242.755005 245.134995 0.000000 244.707504
11 247.365005 242.867493 244.940002 231.692505 246.639999 244.592499 245.057495 245.449997 244.985001 244.669998 0.000000
