11
1 0.000000 0.505902 0.510135 0.506803 0.500000 0.501701 0.506780 0.511905 0.500846 0.506734 0.503367
2 0.494098 0.000000 0.411467 0.509275 0.495784 0.490725 0.499157 0.497470 0.490725 0.491582 0.415825
3 0.496622 0.409781 0.000000 0.505068 0.484797 0.498311 0.486486 0.505068 0.486486 0.486532 0.385522
4 0.520408 0.524452 0.510135 0.000000 0.495741 0.506003 0.508475 0.488889 0.509306 0.513468 0.503367
5 0.498299 0.494098 0.483108 0.485520 0.000000 0.511073 0.491525 0.415673 0.502538 0.493266 0.483165
6 0.501701 0.485666 0.493243 0.506003 0.512777 0.000000 0.491525 0.504274 0.416244 0.481481 0.501683
7 0.515254 0.507589 0.493243 0.508475 0.494915 0.500000 0.000000 0.510170 0.489002 0.451178 0.503367
8 0.513605 0.505902 0.503378 0.480342 0.434412 0.512821 0.501695 0.000000 0.510998 0.503367 0.500000
9 0.504230 0.504216 0.498311 0.510998 0.512690 0.428088 0.492386 0.522843 0.000000 0.496633 0.501683
10 0.500000 0.493266 0.484848 0.511784 0.491582 0.491582 0.451178 0.508417 0.493266 0.000000 0.493266
11 0.508417 0.419192 0.398990 0.501683 0.478114 0.500000 0.498316 0.501683 0.489899 0.493266 0.000000
