11
1 0.000000 24.449749 24.393484 24.484924 24.520100 24.462311 24.535175 24.515076 24.522614 24.350000 24.334999
2 24.457287 0.000000 24.015038 24.185930 24.309046 24.158291 24.283920 24.344221 24.120604 24.155001 24.025000
3 24.395990 24.015038 0.000000 24.147869 24.315790 24.185463 24.273184 24.218044 23.546366 24.160000 24.102501
4 24.474874 24.190954 24.132832 0.000000 24.409548 24.246231 24.374372 24.354271 24.266331 24.184999 22.927500
5 24.525126 24.314070 24.315790 24.412060 0.000000 24.143215 24.251257 24.158291 24.369347 24.090000 24.264999
6 24.457287 24.158291 24.187969 24.253769 24.130653 0.000000 22.356785 24.070353 24.213568 22.222500 24.077499
7 24.530151 24.271357 24.260653 24.374372 24.228643 22.371859 0.000000 24.213568 24.301508 20.844999 24.174999
8 24.510050 24.341709 24.215538 24.329145 24.155779 24.072865 24.208542 0.000000 24.359297 24.042500 24.122499
9 24.515076 24.118090 23.551378 24.278894 24.379396 24.211056 24.324121 24.356785 0.000000 24.157499 24.147499
10 24.355000 24.139999 24.152500 24.215000 24.080000 22.242500 20.865000 24.042500 24.165001 0.000000 24.152500
11 24.330000 24.014999 24.082500 22.912500 24.254999 24.065001 24.182501 24.120001 24.139999 24.142500 0.000000
