11
1 0.000000 0.582915 0.581454 0.562814 0.570352 0.577889 0.577889 0.575377 0.572864 0.585000 0.560000
2 0.587940 0.000000 0.305764 0.319095 0.384422 0.321608 0.268844 0.293970 0.341709 0.230000 0.320000
3 0.578947 0.303258 0.000000 0.320802 0.395990 0.288221 0.265664 0.295739 0.353383 0.220000 0.320000
4 0.557789 0.319095 0.320802 0.000000 0.213568 0.298995 0.336683 0.356784 0.155779 0.275000 0.050000
5 0.570352 0.384422 0.395990 0.213568 0.000000 0.371859 0.384422 0.396985 0.140704 0.332500 0.202500
6 0.575377 0.319095 0.288221 0.298995 0.371859 0.000000 0.281407 0.334171 0.324121 0.265000 0.300000
7 0.575377 0.268844 0.265664 0.336683 0.384422 0.281407 0.000000 0.246231 0.349246 0.217500 0.337500
8 0.570352 0.291457 0.295739 0.354271 0.394472 0.331658 0.243719 0.000000 0.376884 0.267500 0.350000
9 0.570352 0.339196 0.355890 0.155779 0.140704 0.324121 0.349246 0.376884 0.000000 0.292500 0.145000
10 0.585000 0.227500 0.220000 0.275000 0.332500 0.265000 0.217500 0.267500 0.290000 0.000000 0.267500
11 0.555000 0.320000 0.322500 0.052500 0.205000 0.300000 0.337500 0.352500 0.147500 0.270000 0.000000
