11
1 0.000000 5.685930 5.674185 5.683417 5.680904 5.685930 5.678392 5.675879 5.678392 5.645000 5.662500
2 5.678392 0.000000 5.573935 5.678392 5.670854 5.678392 5.678392 5.673367 5.680904 5.657500 5.527500
3 5.681704 5.578948 0.000000 5.661654 5.664160 5.674185 5.671679 5.674185 5.666667 5.652500 5.495000
4 5.685930 5.678392 5.664160 0.000000 5.668342 5.690955 5.693467 5.665829 5.693467 5.660000 5.652500
5 5.693467 5.675879 5.664160 5.670854 0.000000 5.680904 5.683417 5.575377 5.690955 5.655000 5.645000
6 5.688442 5.680904 5.674185 5.688442 5.678392 0.000000 5.683417 5.685930 5.532663 5.650000 5.657500
7 5.683417 5.680904 5.664160 5.688442 5.683417 5.688442 0.000000 5.680904 5.688442 5.602500 5.657500
8 5.685930 5.680904 5.669173 5.663317 5.570352 5.683417 5.673367 0.000000 5.685930 5.652500 5.650000
9 5.683417 5.690955 5.671679 5.690955 5.698493 5.537688 5.693467 5.688442 0.000000 5.655000 5.660000
10 5.647500 5.660000 5.647500 5.652500 5.647500 5.655000 5.597500 5.655000 5.655000 0.000000 5.650000
11 5.660000 5.537500 5.495000 5.660000 5.647500 5.660000 5.662500 5.652500 5.662500 5.652500 0.000000
