11
1 0.000000 6.178752 6.192567 6.204082 6.147959 6.345238 6.177966 6.292517 6.165821 6.225589 6.159933
2 6.148398 0.000000 4.947723 5.618887 5.207420 5.951096 5.629005 5.357504 5.627319 5.836700 5.254209
3 6.153716 4.957841 0.000000 5.650338 5.258446 6.003378 5.672297 5.396959 5.673986 5.861953 5.240741
4 6.204082 5.671164 5.682433 0.000000 5.601363 6.053173 5.415254 5.767521 5.451777 5.838384 5.700337
5 6.154762 5.222597 5.260135 5.587734 0.000000 5.947189 5.581356 5.379898 5.588832 5.781145 5.281145
6 6.370749 5.973019 5.986486 6.054889 5.947189 0.000000 6.010170 6.114530 6.020305 5.567340 5.994949
7 6.174576 5.662732 5.689189 5.403390 5.581356 6.018644 0.000000 5.730508 5.197969 5.819865 5.678451
8 6.273809 5.362563 5.383446 5.728205 5.385008 6.094017 5.701695 0.000000 5.693739 5.880471 5.368687
9 6.177665 5.659359 5.694257 5.450085 5.602369 6.005076 5.208122 5.732656 0.000000 5.826599 5.705387
10 6.185185 5.850168 5.865320 5.809764 5.789562 5.565657 5.831650 5.904040 5.816498 0.000000 5.861953
11 6.193603 5.286195 5.277778 5.666667 5.286195 5.996633 5.683502 5.397306 5.713805 5.870370 0.000000
