11
1 0.000000 11.620603 11.649123 11.477386 11.610553 11.640703 11.655779 11.562814 11.547739 11.562500 11.485000
2 11.625628 0.000000 11.295739 11.120603 11.266332 11.560302 11.572865 11.133165 9.628140 11.265000 11.187500
3 11.664161 11.303258 0.000000 11.077694 11.305764 11.461153 11.533834 11.125314 11.320802 11.205000 11.192500
4 11.484924 11.133165 11.070175 0.000000 11.145729 11.407035 11.396985 10.884422 11.097990 10.000000 10.090000
5 11.630653 11.283919 11.300752 11.163317 0.000000 11.592965 11.633165 11.103015 11.216081 11.265000 11.242500
6 11.645729 11.552764 11.451128 11.407035 11.585427 0.000000 9.555276 11.437186 11.572865 11.505000 11.477500
7 11.673367 11.585427 11.538847 11.404523 11.620603 9.562814 0.000000 11.474874 11.600503 11.505000 11.515000
8 11.587939 11.130653 11.115288 10.896985 11.105528 11.444724 11.474874 0.000000 11.072865 10.995000 10.947500
9 11.552764 9.618091 11.290727 11.100503 11.201005 11.575377 11.587939 11.072865 0.000000 11.157500 11.200000
10 11.560000 11.257500 11.192500 9.997500 11.265000 11.520000 11.500000 10.980000 11.150000 0.000000 10.437500
11 11.500000 11.202500 11.192500 10.095000 11.237500 11.500000 11.505000 10.957500 11.205000 10.457500 0.000000
