11
1 0.000000 163.055649 163.484802 165.248306 163.370743 161.090134 162.566101 163.916672 161.906937 160.831650 166.816498
2 163.998306 0.000000 142.160202 150.863403 130.696457 137.408096 140.015182 118.229340 119.863403 139.936020 155.696976
3 163.930740 141.111298 0.000000 150.135132 140.993240 136.423981 135.652023 138.927368 138.168915 138.902359 154.639725
4 167.113953 151.129852 150.667236 0.000000 152.144806 147.003433 150.279663 150.314529 148.742813 147.316498 144.136368
5 164.304428 130.416519 140.488174 150.606476 0.000000 136.752975 139.594910 128.614990 127.172592 137.917511 154.865326
6 161.391159 136.834732 136.555740 146.361923 136.810898 0.000000 135.642380 135.567520 133.620987 123.808083 150.095963
7 165.254242 139.959534 136.589523 149.655930 140.191528 136.522034 0.000000 138.072876 137.351944 137.806396 154.235687
8 165.624146 118.445190 139.875000 151.560684 129.362869 136.333328 138.401688 0.000000 115.517769 137.452866 154.686874
9 163.864639 119.664421 138.846283 148.737732 127.487312 133.888321 137.033844 115.693741 0.000000 136.468018 155.060608
10 163.018524 139.771042 139.905731 147.215485 138.885529 124.572388 138.067337 137.449493 137.119522 0.000000 153.016830
11 168.163300 156.569031 155.430969 143.974747 154.979797 150.629623 154.311447 154.372055 154.217178 153.111115 0.000000
