11
1 0.000000 12.021220 12.029178 11.358090 12.002645 11.209549 12.196286 12.084656 12.092838 12.274406 11.912699
2 12.021220 0.000000 11.676393 11.801061 11.584656 11.748011 12.246684 11.708995 11.676393 12.229551 12.119047
3 12.039788 11.676393 0.000000 11.718833 10.238095 11.625995 12.196286 10.730159 7.403183 11.833773 12.055555
4 11.358090 11.787799 11.726790 0.000000 11.626985 9.029178 11.933687 11.727513 11.689655 12.176781 11.031746
5 11.992064 11.587301 10.230159 11.637567 0.000000 11.579365 12.161376 10.433863 10.166667 11.865436 12.044973
6 11.214854 11.750663 11.625995 9.031830 11.579365 0.000000 11.909814 11.701058 11.644563 12.208444 11.137567
7 12.201591 12.238727 12.190982 11.941645 12.166667 11.917772 0.000000 12.132276 12.161803 12.356200 12.222222
8 12.089947 11.714286 10.735450 11.735450 10.431217 11.708995 12.134921 0.000000 10.746032 11.870712 12.140212
9 12.076923 11.657825 7.403183 11.694961 10.171958 11.644563 12.145888 10.746032 0.000000 11.878628 12.060846
10 12.277045 12.232190 11.846966 12.189974 11.870712 12.221636 12.361478 11.870712 11.891821 0.000000 12.327177
11 11.923281 12.116402 12.066137 11.039682 12.044973 11.137567 12.216931 12.134921 12.066137 12.335093 0.000000
