11
1 0.000000 263.254639 263.183014 263.145874 262.439148 262.575592 263.350128 262.039673 263.119354 261.759888 262.497345
2 263.249329 0.000000 259.204254 259.551727 259.425934 260.692322 247.867371 260.658722 260.005310 257.947235 258.949738
3 263.172424 259.177704 0.000000 254.843506 258.875671 260.554382 260.127319 260.391541 259.684357 252.622696 246.851852
4 263.145874 259.535797 254.838196 0.000000 258.917999 260.368713 260.103455 260.206360 259.477448 233.844330 254.500000
5 262.447083 259.415344 258.883606 258.896820 0.000000 259.809509 259.941803 260.415344 249.730164 257.907654 259.227509
6 262.570282 260.713531 260.559692 260.355438 259.806885 0.000000 261.286469 248.941803 260.522552 258.781006 259.780426
7 263.350128 247.867371 260.159149 260.127319 259.957672 261.289124 0.000000 260.992065 260.405823 258.667542 259.687836
8 262.058197 260.664032 260.410065 260.206360 260.423279 248.973541 261.000000 0.000000 260.425934 259.374664 260.253967
9 263.124664 260.023865 259.687012 259.453583 249.743393 260.525208 260.403198 260.439148 0.000000 258.031677 258.891541
10 261.757263 257.934052 252.635880 233.817947 257.868073 258.759888 258.641174 259.343018 258.034302 0.000000 252.994720
11 262.510590 258.957672 246.870377 254.489410 259.222229 259.777771 259.674591 260.243378 258.888885 253.015839 0.000000
