11
1 0.000000 128.557022 128.700272 128.665787 128.169312 128.549072 128.281174 127.925926 127.472145 127.899734 127.005295
2 128.546417 0.000000 126.220161 126.381966 119.108467 126.159149 118.596817 124.529099 123.801064 127.569923 122.923279
3 128.694962 126.201591 0.000000 119.684349 125.431213 122.114059 125.583557 123.111115 123.893898 127.781006 123.074074
4 128.668442 126.366051 119.694962 0.000000 125.423279 121.978783 125.480103 122.513229 123.572945 127.765175 122.775131
5 128.166672 119.103172 125.457672 125.436508 0.000000 125.113754 116.330688 123.854500 122.597885 127.456467 122.042328
6 128.538467 126.132629 122.122017 121.960213 125.103172 0.000000 125.315651 122.838623 123.453583 127.635887 122.849205
7 128.283813 118.586205 125.607430 125.477455 116.312172 125.318306 0.000000 123.690475 122.403183 127.290237 121.489418
8 127.931213 124.531746 123.124336 122.513229 123.870369 122.846558 123.674606 0.000000 121.193123 127.311348 120.362434
9 127.466843 123.790451 123.907166 123.583557 122.589951 123.464188 122.403183 121.208992 0.000000 126.321899 98.791008
10 127.886543 127.562004 127.775726 127.765175 127.451187 127.638519 127.274406 127.295517 126.316620 0.000000 126.100266
11 127.018517 122.936508 123.111115 122.785713 122.063492 122.851852 121.502647 120.375664 98.785713 126.105537 0.000000
