11
1 0.000000 117.061005 113.750664 113.949600 115.870369 112.732094 112.161804 113.595238 115.034485 116.245384 115.140213
2 117.074272 0.000000 111.488060 112.061005 109.341270 110.883286 109.840851 111.428574 96.936340 114.854881 113.103172
3 113.742706 111.474800 0.000000 104.814323 109.608467 90.994698 101.610077 104.489418 108.257294 108.538261 107.494705
4 113.933685 112.047745 104.819626 0.000000 110.486771 103.721489 96.896553 80.201057 108.668434 109.551453 103.793648
5 115.865082 109.349205 109.595238 110.468254 0.000000 108.642860 107.420631 109.989418 105.105820 113.327179 111.523811
6 112.748009 110.893898 91.007957 103.732094 108.645500 0.000000 100.039787 103.277779 107.403183 107.430077 106.415344
7 112.161804 109.824936 101.604774 96.901855 107.410049 100.031830 0.000000 96.312172 105.816978 107.116096 97.272484
8 113.589951 111.420631 104.489418 80.201057 109.992065 103.259262 96.306877 0.000000 108.222221 109.295517 103.558205
9 115.029175 96.931038 108.267906 108.652519 105.103172 107.387268 105.816978 108.222221 0.000000 112.026382 110.058205
10 116.250656 114.857521 108.538261 109.554092 113.311348 107.432716 107.124008 109.311348 112.031662 0.000000 111.749344
11 115.126984 113.082008 107.489418 103.788361 111.507935 106.404762 97.275131 103.560844 110.047623 111.736145 0.000000
