11
1 0.000000 122.402008 122.779449 123.140701 122.271355 123.263817 122.685928 123.105530 122.909546 122.682503 122.737503
2 122.356781 0.000000 114.518799 116.577888 85.660805 114.698494 115.896988 114.972359 117.291458 116.389999 116.512497
3 122.666664 114.461151 0.000000 119.270676 114.017548 117.744362 119.102760 96.406013 119.716789 118.919998 118.937500
4 123.090454 116.542717 119.278198 0.000000 116.000000 119.570351 119.922112 119.477386 120.474876 119.982498 119.982498
5 122.276382 85.635681 114.070175 116.047737 0.000000 113.912064 115.467339 114.487434 116.879395 115.932503 116.135002
6 123.266335 114.690956 117.844612 119.655777 113.894470 0.000000 119.472359 118.090454 119.992462 119.007500 119.157501
7 122.665833 115.871857 119.145363 119.932159 115.434677 119.439697 0.000000 119.304024 110.994972 119.627502 119.684998
8 122.974876 114.886932 96.398499 119.452263 114.402008 118.007538 119.248741 0.000000 120.095474 119.165001 119.120003
9 122.884422 117.316582 119.794487 120.527641 116.854271 119.987434 111.032661 120.193466 0.000000 119.949997 120.014999
10 122.597504 116.297501 118.902496 119.934998 115.827499 118.900002 119.572502 119.150002 119.867500 0.000000 100.389999
11 122.667503 116.452499 118.964996 119.995003 116.059998 119.070000 119.695000 119.167503 119.970001 100.407501 0.000000
