11
1 0.000000 5.663317 5.621554 5.655779 5.670854 5.653266 5.668342 5.658291 5.660804 5.627500 5.645000
2 5.668342 0.000000 5.543859 5.587940 5.414573 5.489950 5.540201 4.904522 5.037688 5.515000 5.615000
3 5.619048 5.528822 0.000000 5.556391 5.543859 5.473684 5.488722 5.483709 5.498747 5.487500 5.595000
4 5.658291 5.587940 5.558897 0.000000 5.603015 5.560301 5.638191 5.552764 5.562814 5.575000 5.530000
5 5.675879 5.412060 5.546366 5.597990 0.000000 5.555276 5.545226 5.321608 5.334171 5.532500 5.622500
6 5.658291 5.492462 5.463659 5.555276 5.547739 0.000000 5.472362 5.442211 5.464824 5.155000 5.595000
7 5.663317 5.525126 5.486216 5.628141 5.525126 5.474874 0.000000 5.464824 5.487437 5.485000 5.607500
8 5.670854 4.904522 5.488722 5.555276 5.316583 5.449749 5.467337 0.000000 4.851759 5.445000 5.597500
9 5.658291 5.037688 5.496241 5.555276 5.326633 5.472362 5.494975 4.864322 0.000000 5.452500 5.607500
10 5.622500 5.490000 5.490000 5.565000 5.517500 5.152500 5.490000 5.435000 5.450000 0.000000 5.597500
11 5.637500 5.610000 5.590000 5.525000 5.612500 5.590000 5.607500 5.597500 5.595000 5.592500 0.000000
