11
1 0.000000 0.663130 0.663130 0.665783 0.656085 0.665783 0.663130 0.634921 0.644562 0.664908 0.634921
2 0.665783 0.000000 0.655172 0.639257 0.616402 0.647215 0.612732 0.645503 0.652520 0.651715 0.645503
3 0.657825 0.649867 0.000000 0.602122 0.640212 0.633952 0.636605 0.637566 0.628647 0.651715 0.626984
4 0.649867 0.636605 0.602122 0.000000 0.626984 0.631300 0.631300 0.626984 0.618037 0.649077 0.611111
5 0.648148 0.608466 0.637566 0.626984 0.000000 0.624339 0.544974 0.629630 0.621693 0.651715 0.621693
6 0.657825 0.647215 0.636605 0.633952 0.626984 0.000000 0.636605 0.629630 0.633952 0.646438 0.637566
7 0.655172 0.615385 0.644562 0.639257 0.544974 0.636605 0.000000 0.634921 0.633952 0.656992 0.629630
8 0.632275 0.648148 0.640212 0.629630 0.640212 0.634921 0.637566 0.000000 0.613757 0.659631 0.608466
9 0.641910 0.649867 0.631300 0.628647 0.634921 0.639257 0.623342 0.616402 0.000000 0.649077 0.410053
10 0.667546 0.654354 0.656992 0.651715 0.659631 0.649077 0.656992 0.664908 0.659631 0.000000 0.649077
11 0.629630 0.637566 0.629630 0.616402 0.626984 0.642857 0.629630 0.603175 0.412698 0.646438 0.000000
