11
1 0.000000 5.625628 5.649123 5.665829 5.655779 5.685930 5.673367 5.663317 5.645729 5.630000 5.620000
2 5.630653 0.000000 5.566416 5.603015 5.582914 5.618091 5.625628 5.582914 5.565327 5.545000 5.550000
3 5.654135 5.566416 0.000000 5.518797 4.583960 5.626566 5.631579 5.020050 5.596491 5.350000 5.562500
4 5.675879 5.605527 5.533834 0.000000 5.527638 5.673367 5.663317 5.535176 5.643216 5.545000 5.592500
5 5.655779 5.577889 4.583960 5.510050 0.000000 5.648241 5.653266 5.050251 5.597990 5.357500 5.555000
6 5.688442 5.620603 5.619048 5.665829 5.650754 0.000000 5.065327 5.650754 5.643216 5.637500 5.610000
7 5.675879 5.633166 5.644110 5.670854 5.660804 5.072865 0.000000 5.655779 5.633166 5.642500 5.602500
8 5.673367 5.590452 5.012531 5.530151 5.055276 5.663317 5.663317 0.000000 5.635678 5.420000 5.565000
9 5.645729 5.575377 5.606516 5.640704 5.613065 5.640704 5.640704 5.635678 0.000000 5.602500 5.560000
10 5.635000 5.547500 5.350000 5.535000 5.360000 5.640000 5.642500 5.415000 5.597500 0.000000 5.585000
11 5.620000 5.525000 5.542500 5.585000 5.542500 5.597500 5.590000 5.557500 5.547500 5.577500 0.000000
