11
1 0.000000 232.248749 232.939850 233.786438 233.592972 234.306534 233.283920 233.645721 232.791458 232.467499 232.177505
2 232.268845 0.000000 219.954880 220.344223 220.886932 222.399490 220.130646 220.429642 219.690948 219.164993 219.312500
3 232.989975 219.974930 0.000000 224.022552 176.884705 224.393478 221.784454 223.929825 221.872177 223.100006 184.035004
4 233.796478 220.334167 223.959900 0.000000 224.776382 226.012558 223.462311 194.301514 222.889450 184.422501 222.940002
5 233.597992 220.854279 176.834579 224.783920 0.000000 225.238693 222.633163 224.658295 222.670853 223.240005 184.687500
6 234.304016 222.344223 224.320801 225.989944 225.226135 0.000000 214.565323 225.510056 208.751251 224.115005 223.532501
7 233.326630 220.173370 221.824554 223.542709 222.708542 214.638184 0.000000 223.201004 211.286438 221.964996 221.039993
8 233.698486 220.474869 223.964905 194.384415 224.743713 225.600510 223.211060 0.000000 223.165833 193.024994 222.600006
9 232.814072 219.741211 221.844604 222.907028 222.660797 208.821609 211.281403 223.092972 0.000000 221.619995 220.997498
10 232.612503 219.289993 223.187500 184.547501 223.360001 224.240005 222.020004 193.082504 221.697495 0.000000 222.767502
11 232.147507 219.294998 184.012497 222.947495 184.702499 223.535004 220.985001 222.580002 221.017502 222.692505 0.000000
