11
1 0.000000 24.522614 24.458647 24.517588 24.530151 24.452261 24.510050 24.484924 24.487436 24.334999 24.362499
2 24.517588 0.000000 23.779449 24.110552 22.912060 23.683416 23.809046 21.110552 21.298994 23.600000 24.160000
3 24.436090 23.771931 0.000000 23.967419 23.641603 23.363409 23.338346 23.481203 23.551378 23.445000 24.082500
4 24.540201 24.097990 23.992481 0.000000 23.957287 23.663317 24.092964 24.027637 23.984924 23.752501 23.742500
5 24.552763 22.904522 23.639097 23.964825 0.000000 23.482412 23.814070 22.645729 22.537689 23.557501 24.139999
6 24.449749 23.670855 23.393484 23.650753 23.462311 0.000000 23.346733 23.479900 23.243719 21.709999 23.990000
7 24.512564 23.804020 23.330828 24.075377 23.778894 23.351759 0.000000 23.668343 23.530151 23.490000 24.120001
8 24.494974 21.092964 23.506266 24.030151 22.635679 23.484924 23.660805 0.000000 20.346733 23.475000 24.137501
9 24.487436 21.288944 23.576441 23.992462 22.537689 23.266331 23.560301 20.331657 0.000000 23.365000 24.072500
10 24.350000 23.602501 23.465000 23.740000 23.562500 21.705000 23.504999 23.475000 23.365000 0.000000 24.014999
11 24.355000 24.139999 24.092501 23.737499 24.125000 23.980000 24.112499 24.132500 24.072500 24.010000 0.000000
