11
1 0.000000 24.615385 24.013262 24.111406 24.171957 24.474800 24.498674 24.005291 24.045094 24.211082 24.320107
2 24.623343 0.000000 23.779840 23.899204 24.129629 23.562334 23.588860 23.846561 23.816977 24.047493 24.076719
3 24.015915 23.782494 0.000000 22.183023 23.343916 23.628647 23.748011 21.814816 20.875332 23.258575 23.285715
4 24.095491 23.880636 22.188330 0.000000 23.362434 23.594164 23.671087 20.648148 22.257294 23.292875 23.343916
5 24.182539 24.124338 23.354498 23.383598 0.000000 23.936508 23.973545 23.404762 23.428572 23.804749 23.769842
6 24.474800 23.562334 23.631300 23.594164 23.931217 0.000000 22.607428 23.576719 23.687002 23.841688 24.000000
7 24.509283 23.586206 23.761272 23.689655 23.973545 22.612732 0.000000 23.679893 23.793104 24.010553 24.058201
8 23.994709 23.854498 21.812170 20.656084 23.404762 23.589947 23.658730 0.000000 22.031746 23.364117 23.407408
9 24.058355 23.838196 20.872679 22.270557 23.425926 23.692308 23.793104 22.047619 0.000000 23.179420 23.248676
10 24.211082 24.052771 23.261213 23.313984 23.807388 23.833773 24.002638 23.358839 23.168865 0.000000 22.205805
11 24.322752 24.082010 23.301588 23.367725 23.777779 24.000000 24.050264 23.415344 23.240740 22.203167 0.000000
