11
1 0.000000 246.374374 246.338348 246.932159 246.746231 247.030151 245.597992 246.791458 246.404526 245.787506 245.039993
2 246.311554 0.000000 238.807022 242.708542 240.261307 236.788940 239.512558 239.097992 238.002518 235.014999 235.910004
3 246.431076 238.924805 0.000000 243.255646 241.731827 241.325821 240.744354 236.030075 227.979950 240.544998 234.490005
4 246.984924 242.874374 243.338348 0.000000 243.914566 244.188446 242.291458 243.821609 243.434677 242.940002 241.787506
5 246.972366 240.572861 241.952377 244.090454 0.000000 242.743713 241.859299 242.324127 241.507538 241.395004 239.274994
6 247.291458 237.070358 241.491226 244.331665 242.758789 0.000000 241.987442 241.904526 241.133163 231.350006 239.479996
7 245.685928 239.613068 240.761902 242.246231 241.675873 241.761307 0.000000 240.902008 240.344223 240.727493 238.207504
8 246.876877 239.233673 236.055145 243.814072 242.165833 241.801514 240.954773 0.000000 234.628143 240.537506 233.407501
9 246.462311 238.070358 227.962402 243.459793 241.321609 240.944717 240.349243 234.618088 0.000000 239.947495 232.085007
10 245.875000 235.104996 240.509995 242.927505 241.197495 231.207504 240.770004 240.475006 239.922501 0.000000 238.559998
11 245.072495 235.949997 234.417496 241.692505 239.097504 239.229996 238.197495 233.345001 232.017502 238.512497 0.000000
