11
1 0.000000 56.404720 55.170609 56.855442 55.566326 55.603741 55.801697 58.141155 54.971233 54.718857 55.151516
2 56.362564 0.000000 55.165260 49.989883 55.236088 53.740303 54.603710 57.870152 54.822933 54.803032 55.223907
3 55.155407 55.210793 0.000000 55.324326 52.089527 53.920609 54.273647 56.653717 51.668919 51.510101 52.001682
4 56.755100 49.971333 55.179054 0.000000 55.696762 54.660378 54.828815 58.591454 54.930626 54.725590 55.168350
5 55.586735 55.301853 52.126690 55.829643 0.000000 54.345825 54.528812 57.114140 51.741116 51.484848 51.956230
6 55.566326 53.780777 53.880066 54.708405 54.301533 0.000000 53.279659 57.471794 53.585449 53.358585 53.902355
7 55.725422 54.558178 54.189190 54.849152 54.416950 53.261017 0.000000 57.220341 53.956005 53.745792 54.154881
8 58.095238 57.870152 56.572636 58.623932 56.998295 57.441025 57.222034 0.000000 56.384094 56.114479 56.570705
9 55.013535 54.940979 51.660473 55.018612 51.705585 53.598984 54.030457 56.477158 0.000000 49.702019 51.653198
10 54.675083 54.856903 51.530304 54.835018 51.468014 53.417507 53.831650 56.205387 49.717171 0.000000 51.656567
11 55.171719 55.314816 52.025253 55.260944 51.956230 53.917507 54.267677 56.621212 51.661617 51.661617 0.000000
