11
1 0.000000 2.279932 2.261824 2.251701 2.215986 2.261905 2.284746 2.248299 2.214890 2.230640 2.193603
2 2.264755 0.000000 2.288364 2.281619 2.244519 2.281619 2.308600 2.239460 2.249578 2.259259 2.237374
3 2.280406 2.308600 0.000000 2.292230 2.246622 2.288851 2.195946 2.280406 2.246622 2.277778 2.235690
4 2.253401 2.296796 2.280406 0.000000 2.241908 2.283019 2.301695 2.276923 2.241963 2.255892 2.217172
5 2.215986 2.254637 2.238176 2.236797 0.000000 2.241908 2.257627 2.235094 2.196277 2.207071 2.171717
6 2.258503 2.295110 2.278716 2.279588 2.240204 0.000000 2.303390 2.278632 2.235195 2.252525 2.220539
7 2.291525 2.328836 2.192568 2.308475 2.266102 2.313559 0.000000 2.300000 2.269036 2.289562 2.252525
8 2.243197 2.247892 2.268581 2.268376 2.229983 2.275214 2.289830 0.000000 2.223350 2.234007 2.213805
9 2.214890 2.264755 2.233108 2.238579 2.199661 2.236887 2.260575 2.228426 0.000000 2.222222 2.180135
10 2.230640 2.274411 2.267677 2.252525 2.208754 2.255892 2.284512 2.239057 2.223906 0.000000 2.207071
11 2.198653 2.255892 2.230640 2.218855 2.178451 2.227273 2.249158 2.222222 2.185185 2.210438 0.000000
