11
1 0.000000 72.256325 71.853043 72.508507 72.855446 72.335037 73.674576 73.069725 73.331642 71.782829 71.764313
2 72.580101 0.000000 58.768970 59.549747 59.236088 58.126476 67.677910 60.696457 66.849915 60.235691 59.203705
3 72.396957 58.785835 0.000000 58.866554 59.359798 58.616554 67.569260 60.498310 66.898651 59.898991 58.804714
4 72.801018 59.588531 58.809120 0.000000 60.349232 60.078903 68.133896 61.729916 67.170898 60.127945 59.478115
5 73.076530 59.281620 59.478039 60.502556 0.000000 59.448040 68.064407 61.580921 67.786804 60.441078 58.919193
6 72.391159 58.190556 58.680744 60.132076 59.446339 0.000000 67.471184 61.126495 66.964470 59.584175 58.853535
7 73.910172 67.451942 67.410477 67.735596 68.015251 67.293221 0.000000 67.986443 59.800339 67.208755 67.244110
8 72.704079 60.704891 60.435810 61.700855 61.429302 61.085468 67.837288 0.000000 67.145515 59.840069 60.533669
9 73.923859 67.005058 66.922295 67.500847 67.417938 67.103218 59.764805 67.387482 0.000000 66.880470 66.897308
10 72.132996 60.331650 59.944443 60.240742 60.579124 59.548820 67.249161 59.927608 66.500000 0.000000 60.084175
11 72.052185 59.239056 59.018520 59.545456 58.939392 58.831650 67.464645 60.638046 66.895622 60.084175 0.000000
