11
1 0.000000 250.251984 252.501328 251.779846 251.335983 252.045090 252.795761 250.174606 251.721481 248.923477 249.486771
2 250.246689 0.000000 246.588852 245.803711 245.394180 246.307693 247.920425 200.761902 244.546417 221.071243 242.698410
3 252.506638 246.580902 0.000000 248.604782 248.185181 248.716187 250.442978 246.650787 234.474808 245.179413 246.018524
4 251.793106 245.790451 248.602127 0.000000 188.153442 202.228119 244.029175 246.206345 247.267899 244.831131 236.798935
5 251.341263 245.375656 248.190475 188.134918 0.000000 202.629623 243.690475 246.206345 246.791000 244.931396 237.137573
6 252.042435 246.299728 248.702911 202.236069 202.645508 0.000000 244.286469 246.629623 247.371353 245.044861 237.034393
7 252.809021 247.915115 250.445618 244.039795 243.722229 244.305038 0.000000 248.031754 249.108749 246.501312 237.566132
8 250.177246 200.743393 246.645508 246.190475 246.201065 246.608459 248.031754 0.000000 245.044968 223.018463 243.640213
9 251.721481 244.535812 234.485413 247.249344 246.788361 247.371353 249.116714 245.063492 0.000000 243.163589 244.690475
10 248.897095 221.042221 245.155670 244.783646 244.902374 244.997360 246.469650 222.997360 243.142487 0.000000 242.166229
11 249.486771 242.682541 246.005295 236.783066 237.156082 237.021164 237.576721 243.656082 244.695770 242.192612 0.000000
