11
1 0.000000 0.625628 0.629073 0.630653 0.630653 0.623116 0.630653 0.628141 0.625628 0.620000 0.620000
2 0.625628 0.000000 0.596491 0.540201 0.572864 0.595477 0.577889 0.407035 0.577889 0.575000 0.592500
3 0.634085 0.606516 0.000000 0.601504 0.601504 0.593985 0.619048 0.604010 0.588972 0.582500 0.560000
4 0.630653 0.537688 0.601504 0.000000 0.590452 0.605528 0.582915 0.557789 0.585427 0.597500 0.600000
5 0.633166 0.575377 0.598997 0.597990 0.000000 0.577889 0.597990 0.570352 0.520100 0.560000 0.570000
6 0.628141 0.600502 0.588972 0.603015 0.572864 0.000000 0.613065 0.603015 0.557789 0.562500 0.515000
7 0.633166 0.577889 0.619048 0.585427 0.595477 0.610553 0.000000 0.590452 0.595477 0.605000 0.612500
8 0.630653 0.407035 0.601504 0.557789 0.570352 0.603015 0.595477 0.000000 0.580402 0.577500 0.592500
9 0.628141 0.577889 0.586466 0.582915 0.517588 0.560301 0.595477 0.580402 0.000000 0.555000 0.572500
10 0.625000 0.577500 0.575000 0.595000 0.550000 0.562500 0.597500 0.575000 0.555000 0.000000 0.530000
11 0.627500 0.600000 0.565000 0.605000 0.567500 0.522500 0.612500 0.595000 0.567500 0.537500 0.000000
