11
1 0.000000 233.679047 232.615387 234.527847 232.534393 232.596817 233.610077 232.817459 231.957565 233.546173 233.296295
2 233.671082 0.000000 221.737396 230.527847 185.550262 221.793106 229.657822 212.849213 227.588852 229.419525 225.775131
3 232.610077 221.750656 0.000000 229.419098 219.894180 199.946945 227.758621 220.621689 225.970825 228.815308 224.679901
4 234.511932 230.525192 229.397873 0.000000 229.076721 229.427063 201.885941 230.164017 224.145889 226.680740 230.997360
5 232.521164 185.550262 219.886246 229.076721 0.000000 219.997360 228.121689 211.021164 225.693115 228.614777 224.817459
6 232.620697 221.835541 199.973480 229.461533 220.021164 0.000000 228.244034 220.383591 226.493362 228.775726 224.722229
7 233.618042 229.660477 227.761276 201.896545 228.108459 228.230774 0.000000 228.931213 222.442978 225.496048 229.907410
8 232.812164 212.851852 220.637573 230.190475 211.010590 220.365082 228.923279 0.000000 226.716934 229.480209 225.584656
9 231.944290 227.586212 225.952255 224.145889 225.674606 226.466843 222.429703 226.714279 0.000000 213.026382 227.031754
10 233.522430 229.445908 228.820587 226.704483 228.627975 228.757263 225.496048 229.501312 213.052765 0.000000 229.926117
11 233.306885 225.775131 224.679901 230.997360 224.814819 224.706345 229.904755 225.563492 227.047623 229.905014 0.000000
