11
1 0.000000 77.870155 78.581078 78.510201 77.896255 78.629250 77.661018 76.937073 75.609138 78.257576 74.245789
2 77.470490 0.000000 72.426643 72.040474 65.436760 72.539627 64.952782 70.060707 68.608772 77.740738 67.841751
3 78.560814 72.581787 0.000000 66.187500 72.033783 68.214523 71.081078 69.121620 69.486488 77.722221 68.801346
4 78.552719 72.180435 66.315880 0.000000 72.083473 68.945114 71.057625 69.138458 68.499153 77.558922 67.760941
5 78.005104 65.094437 72.011826 72.076660 0.000000 72.195915 63.477966 69.737648 67.844330 76.904037 66.878784
6 78.998299 72.487350 68.304054 69.020584 71.814308 0.000000 71.657631 70.068375 69.218277 77.703705 68.419189
7 77.345764 65.124786 71.500000 71.157631 63.611866 71.752541 0.000000 68.784744 67.434853 76.454544 66.343437
8 77.238098 69.922432 69.108109 69.136749 69.686539 69.834190 68.808472 0.000000 66.742805 75.979797 65.641411
9 75.505920 68.664421 69.462837 68.810493 67.864639 69.467003 67.477158 66.739426 0.000000 74.624580 54.289562
10 78.063972 77.612793 77.531990 77.232323 76.919189 77.865318 76.282829 75.925926 74.614479 0.000000 74.262627
11 74.872055 68.101013 68.895622 67.904037 67.289566 68.755890 66.476433 65.947815 54.356903 74.131310 0.000000
