11
1 0.000000 16.827993 16.564190 16.554422 16.848639 16.457483 17.737288 17.574829 16.382402 17.242424 17.358585
2 17.033728 0.000000 15.654300 16.101181 12.934233 14.898820 17.544687 17.256323 14.961214 16.528620 17.446129
3 16.680744 15.935919 0.000000 15.966216 15.842905 14.552365 17.611486 17.339527 14.440878 16.365320 17.228956
4 16.704082 16.075886 15.758446 0.000000 16.378195 15.066895 17.379662 17.347008 14.989848 16.552189 16.882154
5 16.960884 12.880270 16.013514 16.354343 0.000000 14.952300 17.474577 17.471891 14.832487 16.702021 17.368687
6 16.477892 15.006745 14.594595 15.078902 14.947189 0.000000 17.223728 17.150427 10.192893 15.345118 16.624578
7 17.813559 17.409781 17.498310 17.403389 17.433899 17.201694 0.000000 17.935593 17.319798 17.521885 17.796297
8 17.630953 17.239460 17.260136 17.259829 17.436115 17.023932 17.949152 0.000000 16.979696 17.434343 17.331650
9 16.445009 14.919056 14.569257 15.052453 14.813875 10.162436 17.231810 16.854485 0.000000 15.291245 16.550505
10 17.080809 16.574074 16.388889 16.589226 16.585859 15.205387 17.543772 17.525253 15.191919 0.000000 17.409090
11 17.375422 17.289562 17.254210 17.040403 17.292929 16.574074 17.905724 17.437710 16.638046 17.488216 0.000000
