11
1 0.000000 11.741206 11.741855 11.814071 11.781407 11.746231 11.816583 11.811558 11.763819 11.777500 11.760000
2 11.733668 0.000000 11.115288 11.489950 11.404523 10.698492 11.359297 11.404523 10.952261 11.425000 11.457500
3 11.746867 11.112782 0.000000 11.443609 11.318295 10.829574 10.789474 11.300752 10.984962 11.350000 11.422500
4 11.819096 11.494975 11.426065 0.000000 11.206030 11.366835 11.623116 11.567840 11.434673 11.275000 10.255000
5 11.773870 11.394472 11.325814 11.213568 0.000000 11.248744 11.547739 11.515076 11.329145 11.132500 11.312500
6 11.756282 10.698492 10.822055 11.381909 11.266332 0.000000 11.221106 11.351759 10.130653 11.322500 11.415000
7 11.824121 11.366835 10.804511 11.628140 11.552764 11.221106 0.000000 11.592965 11.379397 11.575000 11.577500
8 11.819096 11.419598 11.300752 11.567840 11.525126 11.351759 11.585427 0.000000 11.386934 11.465000 11.597500
9 11.756282 10.984924 10.987469 11.457287 11.341708 10.135678 11.361809 11.414573 0.000000 11.360000 11.467500
10 11.772500 11.417500 11.342500 11.292500 11.122500 11.325000 11.560000 11.480000 11.357500 0.000000 11.387500
11 11.762500 11.457500 11.415000 10.265000 11.307500 11.402500 11.572500 11.595000 11.467500 11.387500 0.000000
