11
1 0.000000 3.557029 3.522547 3.572944 3.560847 3.580902 3.546419 3.510582 3.639257 3.501319 3.521164
2 3.559682 0.000000 2.901857 2.957560 2.939153 3.015915 2.891247 2.960317 2.978780 2.912929 2.904762
3 3.525199 2.904509 0.000000 2.909814 2.894180 2.931035 2.846154 2.870370 2.954907 2.823219 2.817460
4 3.575597 2.957560 2.909814 0.000000 2.970900 2.952255 2.920424 2.923280 3.007957 2.878628 2.915344
5 3.560847 2.939153 2.891534 2.968254 0.000000 3.005291 2.859788 2.949735 2.989418 2.907652 2.902116
6 3.583554 3.015915 2.933687 2.952255 3.007936 0.000000 2.960212 2.925926 3.066313 2.899736 2.936508
7 3.549072 2.893899 2.846154 2.920424 2.862434 2.957560 0.000000 2.902116 2.941645 2.854881 2.849206
8 3.513227 2.960317 2.870370 2.923280 2.952381 2.923280 2.902116 0.000000 3.005291 2.865435 2.878307
9 3.641910 2.978780 2.954907 3.007957 2.992064 3.066313 2.941645 3.005291 0.000000 2.963061 2.957672
10 3.503958 2.912929 2.823219 2.878628 2.910290 2.899736 2.857520 2.865435 2.963061 0.000000 2.828496
11 3.523809 2.907408 2.817460 2.915344 2.904762 2.936508 2.851852 2.880952 2.957672 2.831135 0.000000
