11
1 0.000000 5.698493 5.684210 5.698493 5.701005 5.698493 5.708543 5.701005 5.703517 5.677500 5.667500
2 5.701005 0.000000 5.050125 5.650754 5.663317 5.660804 5.678392 5.680904 5.673367 5.642500 5.617500
3 5.684210 5.057644 0.000000 5.641604 5.631579 5.631579 5.636591 5.659148 5.664160 5.637500 5.600000
4 5.701005 5.645729 5.641604 0.000000 5.633166 5.570352 5.663317 5.623116 5.630653 5.607500 5.557500
5 5.703517 5.665829 5.654135 5.638191 0.000000 5.645729 5.567839 5.683417 5.675879 5.640000 5.622500
6 5.706030 5.668342 5.651629 5.597990 5.660804 0.000000 5.683417 5.595478 5.653266 5.632500 5.602500
7 5.706030 5.680904 5.649123 5.668342 5.560301 5.683417 0.000000 5.693467 5.668342 5.652500 5.657500
8 5.706030 5.673367 5.666667 5.628141 5.680904 5.587940 5.688442 0.000000 5.680904 5.655000 5.600000
9 5.703517 5.675879 5.671679 5.645729 5.675879 5.648241 5.673367 5.680904 0.000000 5.575000 5.610000
10 5.677500 5.660000 5.652500 5.612500 5.637500 5.635000 5.650000 5.652500 5.567500 0.000000 5.627500
11 5.680000 5.622500 5.612500 5.570000 5.630000 5.602500 5.665000 5.607500 5.622500 5.627500 0.000000
