11
1 0.000000 124.618088 124.182961 124.537689 124.394470 124.170853 124.623116 124.402008 124.489952 123.934998 123.870003
2 124.567841 0.000000 122.566414 123.010048 123.293968 123.402008 117.869347 123.783920 123.288948 122.522499 122.345001
3 124.122810 122.551376 0.000000 120.664162 122.686714 122.922302 122.864662 123.353386 122.749374 120.135002 117.035004
4 124.500000 123.012566 120.686714 0.000000 122.942207 123.140701 123.321609 123.447235 122.949745 111.550003 120.417503
5 124.354271 123.301506 122.731827 122.949745 0.000000 123.203514 123.402008 123.633163 118.886932 122.297501 122.389999
6 124.087936 123.324120 122.907265 123.095474 123.105530 0.000000 123.590454 119.120605 123.113068 122.410004 122.644997
7 124.597992 117.836685 122.894737 123.331657 123.344223 123.685928 0.000000 123.866837 123.459801 122.639999 122.677498
8 124.489952 123.876884 123.478699 123.550255 123.741203 119.185928 123.954773 0.000000 123.771355 122.925003 123.010002
9 124.550255 123.369347 122.852127 123.042717 118.927139 123.286430 123.613068 123.771355 0.000000 122.500000 122.470001
10 123.959999 122.570000 120.167503 111.507500 122.327499 122.462502 122.677498 122.852501 122.485001 0.000000 120.387497
11 123.815002 122.347504 117.040001 120.389999 122.345001 122.644997 122.617500 122.872498 122.379997 120.360001 0.000000
