11
1 0.000000 83.993256 84.162163 86.008507 83.904762 83.054420 84.923729 85.760201 84.730965 84.077438 84.319862
2 84.033730 0.000000 80.976395 82.539627 79.568298 78.349075 81.305229 82.590218 81.116356 81.072388 81.755890
3 84.347977 80.924118 0.000000 82.719597 78.255066 76.665543 76.660477 81.915543 76.157097 72.666664 74.784515
4 85.981293 82.811127 82.579391 0.000000 81.022148 81.351631 83.120338 84.774361 83.008461 82.437714 83.429291
5 83.853745 79.873528 78.665543 81.349236 0.000000 74.492332 79.577965 81.729134 79.434853 78.838387 79.537041
6 83.147957 78.126472 76.486488 81.253860 74.170357 0.000000 77.708473 80.001709 77.228424 76.648148 77.968010
7 84.815254 81.283302 76.552368 83.325424 79.135590 77.805084 0.000000 82.305084 59.844330 77.494949 78.343437
8 85.448982 82.317032 82.035477 84.700851 81.161842 80.058121 82.579659 0.000000 82.343483 82.015152 82.676765
9 84.761421 81.315346 76.842903 83.287651 79.164131 77.502541 59.896786 82.299492 0.000000 77.404037 78.730637
10 83.595963 80.771042 72.664986 82.126259 78.126259 76.944443 77.587540 81.956230 77.444443 0.000000 69.067337
11 84.102692 81.417511 75.138046 82.898987 79.323235 77.782829 78.218857 82.383835 78.205391 68.796295 0.000000
