11
1 0.000000 116.238693 115.764412 113.917084 114.726128 115.386932 116.339195 116.449745 114.045227 115.190002 113.332497
2 116.208542 0.000000 82.052635 88.731155 94.072861 85.404526 85.145729 85.788948 91.437187 79.385002 88.307503
3 115.779449 82.090225 0.000000 85.952377 91.711777 82.275688 81.827065 82.969925 88.842102 75.122498 85.720001
4 113.942207 88.809044 85.994987 0.000000 78.979897 82.072861 88.075378 89.110550 74.361809 84.260002 65.425003
5 114.713570 94.097992 91.731827 78.939697 0.000000 88.366837 93.354271 94.163315 73.638191 90.235001 78.422501
6 115.384422 85.432159 82.280701 82.035179 88.371857 0.000000 84.562813 85.467339 85.160805 80.599998 81.605003
7 116.346733 85.178391 81.839600 88.050255 93.384422 84.567841 0.000000 80.841705 90.728645 80.387497 87.632500
8 116.477386 85.841705 82.989975 89.085426 94.170853 85.474876 80.849243 0.000000 91.698494 80.985001 88.639999
9 114.060303 91.492462 88.862152 74.344223 73.655777 85.180908 90.736183 91.690956 0.000000 87.430000 73.822502
10 115.224998 79.459999 75.162498 84.252502 90.260002 80.635002 80.427498 81.007500 87.442497 0.000000 84.245003
11 113.357498 88.385002 85.762497 65.430000 78.464996 81.644997 87.662498 88.662498 73.845001 84.254997 0.000000
