11
1 0.000000 256.063660 254.986740 256.371338 254.134918 253.806366 253.461533 252.973541 254.472153 252.649078 255.883591
2 256.074280 0.000000 254.000000 255.700272 253.682541 253.026520 252.877991 252.433868 248.785141 252.218994 255.296295
3 254.981430 254.013260 0.000000 247.928375 251.613754 238.925735 251.594162 239.462967 252.225464 251.121368 239.920639
4 256.381958 255.681702 247.960205 0.000000 253.079361 245.445618 253.549072 245.264557 253.997345 252.620056 251.298935
5 254.142853 253.669312 251.613754 253.058197 0.000000 250.021164 250.690475 250.103180 251.912704 250.741425 253.973541
6 253.785141 253.034485 238.920425 245.435013 250.007935 0.000000 249.843506 235.198410 250.872681 249.490768 245.470901
7 253.458893 252.859421 251.586212 253.543762 250.685181 249.814331 0.000000 249.505295 250.305038 215.593674 253.579361
8 252.962967 252.447083 239.444443 245.256607 250.105820 235.232803 249.513229 0.000000 250.193115 249.456467 245.743393
9 254.461533 248.806366 252.230774 254.007965 251.915344 250.885941 250.307693 250.201065 0.000000 249.588394 254.206345
10 252.651718 252.226913 251.126648 252.617416 250.733505 249.485489 215.588394 249.445908 249.598938 0.000000 253.269135
11 255.902115 255.314819 239.915344 251.304230 253.984131 245.494705 253.605820 245.753967 254.195770 253.274399 0.000000
