11
1 0.000000 7.288364 7.375000 7.363945 7.380952 7.403061 7.413559 7.329932 7.394247 7.154882 7.242424
2 7.295110 0.000000 6.881956 6.988195 6.974705 6.897133 7.119730 5.507588 6.898819 5.973064 6.882155
3 7.380067 6.922428 0.000000 7.101351 7.092906 7.116554 7.206081 6.940878 6.462838 6.900673 6.905724
4 7.352041 7.072513 7.099662 0.000000 5.402044 5.665523 6.913559 7.194872 7.113367 7.033670 6.585859
5 7.367347 7.000000 7.081081 5.390119 0.000000 5.599659 6.922034 7.158432 7.206430 7.003367 6.587542
6 7.355442 6.983137 7.141892 5.650086 5.604770 0.000000 6.857627 7.097436 7.060914 6.983165 6.545455
7 7.438983 7.111299 7.222973 6.935593 6.935593 6.915254 0.000000 7.255932 7.241963 7.116162 6.589226
8 7.312925 5.531197 6.967906 7.188034 7.180579 7.157265 7.225424 0.000000 7.040609 6.026936 6.856902
9 7.411168 6.895447 6.484797 7.086295 7.159052 7.103215 7.236887 6.956007 0.000000 6.959596 6.941077
10 7.198653 5.986532 6.936027 7.010101 7.011785 6.973064 7.052188 6.033670 6.951179 0.000000 6.776094
11 7.265993 6.846801 6.927609 6.552188 6.601010 6.579124 6.560606 6.846801 6.959596 6.769360 0.000000
