11
1 0.000000 5.811671 5.814323 5.766578 5.812169 5.814323 5.819629 5.730159 5.809019 5.773087 5.730159
2 5.814323 0.000000 5.639257 5.612732 5.626984 5.748011 5.737401 5.550264 4.769231 5.691293 5.656085
3 5.819629 5.631300 0.000000 5.511936 5.653439 5.705570 5.718833 5.531746 5.636605 5.577837 5.600529
4 5.769231 5.610080 5.517241 0.000000 5.576720 5.652520 5.610080 5.314815 5.559682 5.047493 5.103175
5 5.796296 5.621693 5.650794 5.571429 0.000000 5.743386 5.759259 5.529100 5.613757 5.583114 5.650794
6 5.816976 5.748011 5.713528 5.657825 5.738095 0.000000 4.668435 5.650794 5.761273 5.733509 5.711640
7 5.824934 5.734748 5.713528 5.612732 5.756614 4.668435 0.000000 5.674603 5.745358 5.696570 5.732804
8 5.719577 5.550264 5.523809 5.325397 5.531746 5.642857 5.671957 0.000000 5.484127 5.424802 5.452381
9 5.811671 4.766578 5.644562 5.559682 5.616402 5.758621 5.745358 5.478836 0.000000 5.601583 5.656085
10 5.773087 5.670185 5.572559 5.044855 5.583114 5.728232 5.696570 5.432718 5.591029 0.000000 5.290237
11 5.724868 5.661376 5.605820 5.103175 5.645503 5.714286 5.732804 5.478836 5.664021 5.290237 0.000000
