11
1 0.000000 0.227656 0.206081 0.193878 0.227891 0.187075 0.174576 0.190476 0.197970 0.223906 0.203704
2 0.225970 0.000000 0.215852 0.195616 0.195616 0.214165 0.175379 0.192243 0.141653 0.215488 0.203704
3 0.206081 0.210793 0.000000 0.173986 0.221284 0.145270 0.162162 0.177365 0.192568 0.196970 0.196970
4 0.190476 0.190556 0.175676 0.000000 0.192504 0.152659 0.113559 0.068376 0.162437 0.181818 0.161616
5 0.227891 0.195616 0.217905 0.190801 0.000000 0.197615 0.171186 0.189097 0.162437 0.210438 0.207071
6 0.192177 0.215852 0.150338 0.157804 0.201022 0.000000 0.149153 0.160684 0.169205 0.193603 0.191919
7 0.176271 0.173693 0.165541 0.116949 0.171186 0.145763 0.000000 0.116949 0.142132 0.178451 0.124579
8 0.187075 0.187184 0.175676 0.066667 0.183986 0.153846 0.113559 0.000000 0.159052 0.176768 0.161616
9 0.191201 0.138280 0.187500 0.159052 0.159052 0.160745 0.140440 0.157360 0.000000 0.178451 0.180135
10 0.220539 0.213805 0.200337 0.186869 0.210438 0.188552 0.178451 0.183502 0.185185 0.000000 0.193603
11 0.208754 0.202020 0.200337 0.166667 0.205387 0.193603 0.121212 0.168350 0.185185 0.190236 0.000000
