11
1 0.000000 0.633166 0.631579 0.633166 0.635678 0.635678 0.638191 0.633166 0.638191 0.630000 0.630000
2 0.623116 0.000000 0.619048 0.620603 0.628141 0.623116 0.582915 0.620603 0.620603 0.617500 0.617500
3 0.631579 0.624060 0.000000 0.611529 0.629073 0.624060 0.626566 0.629073 0.629073 0.605000 0.557500
4 0.630653 0.623116 0.611529 0.000000 0.628141 0.630653 0.628141 0.628141 0.610553 0.552500 0.607500
5 0.633166 0.630653 0.631579 0.628141 0.000000 0.638191 0.638191 0.630653 0.592965 0.630000 0.627500
6 0.638191 0.625628 0.626566 0.630653 0.635678 0.000000 0.633166 0.610553 0.638191 0.632500 0.627500
7 0.635678 0.585427 0.621554 0.628141 0.628141 0.630653 0.000000 0.630653 0.620603 0.615000 0.610000
8 0.630653 0.625628 0.626566 0.628141 0.630653 0.603015 0.630653 0.000000 0.633166 0.627500 0.627500
9 0.633166 0.623116 0.624060 0.610553 0.592965 0.633166 0.623116 0.630653 0.000000 0.625000 0.617500
10 0.630000 0.620000 0.602500 0.552500 0.630000 0.632500 0.620000 0.630000 0.622500 0.000000 0.605000
11 0.632500 0.622500 0.562500 0.607500 0.627500 0.625000 0.617500 0.630000 0.622500 0.605000 0.000000
