11
1 0.000000 10.525126 10.187970 10.399497 10.605528 10.432160 10.545226 10.195980 10.565327 10.355000 10.497500
2 10.522614 0.000000 9.601503 9.907035 7.854271 9.899497 8.359297 9.630653 9.173367 9.830000 10.092500
3 10.192983 9.604010 0.000000 8.343358 9.624060 8.689223 9.844611 6.711780 9.832080 8.582500 9.657500
4 10.412061 9.909548 8.333333 0.000000 9.947236 8.934673 10.082914 8.379397 10.062814 8.892500 9.902500
5 10.600503 7.854271 9.619047 9.942211 0.000000 9.899497 8.587939 9.668342 9.281407 9.882500 10.107500
6 10.444724 9.894472 8.684211 8.937186 9.899497 0.000000 10.035176 8.688442 10.037688 8.402500 9.970000
7 10.545226 8.366835 9.837092 10.080402 8.595477 10.035176 0.000000 9.806533 9.361809 10.047500 10.250000
8 10.208543 9.633165 6.714286 8.389447 9.673367 8.685929 9.811558 0.000000 9.798995 8.587500 9.677500
9 10.550251 9.170855 9.822055 10.055276 9.281407 10.040201 9.349246 9.786432 0.000000 9.920000 10.105000
10 10.355000 9.820000 8.580000 8.892500 9.880000 8.407500 10.052500 8.590000 9.930000 0.000000 9.772500
11 10.482500 10.080000 9.662500 9.897500 10.102500 9.985000 10.240000 9.675000 10.105000 9.770000 0.000000
