11
1 0.000000 260.225464 260.442963 260.310333 259.500000 260.307678 260.259949 259.259247 260.217499 259.116089 259.703705
2 260.236084 0.000000 254.180374 245.421753 253.103180 254.129974 248.652527 206.650787 253.485413 252.920837 253.542328
3 260.450928 254.185669 0.000000 254.055710 246.171951 244.753311 254.124664 253.116409 246.214859 243.393143 243.875656
4 260.323608 245.413788 254.066315 0.000000 252.878311 254.190979 248.286469 243.494705 253.352783 252.356201 253.626984
5 259.515869 253.074081 246.219574 252.880951 0.000000 245.854492 252.785721 252.367722 232.359787 245.926117 245.640213
6 260.305054 254.108749 244.742706 254.206894 245.843918 0.000000 254.190979 252.873016 246.533157 242.089706 234.820099
7 260.238739 248.623337 254.129974 248.265259 252.801590 254.180374 0.000000 247.076721 253.389923 252.968338 253.500000
8 259.251312 206.648148 253.105820 243.478836 252.373016 252.888885 247.074081 0.000000 252.285721 252.153030 252.894180
9 260.220154 253.503983 246.225464 253.331558 232.365082 246.554382 253.400528 252.309525 0.000000 245.649078 245.013229
10 259.113464 252.912933 243.403687 252.343002 245.907654 242.084427 252.965698 252.171509 245.654358 0.000000 241.841690
11 259.716919 253.550262 243.886246 253.616409 245.632278 234.835983 253.505295 252.894180 245.007935 241.862793 0.000000
