11
1 0.000000 21.432161 20.939850 21.263819 21.520100 21.178392 21.721106 20.894472 21.399498 21.262501 21.207500
2 21.417086 0.000000 19.661654 19.942211 16.125628 20.067839 16.786432 19.706030 18.736181 20.215000 20.290001
3 20.932331 19.681704 0.000000 17.654135 20.012531 17.862156 20.233082 14.162908 20.150375 18.174999 19.792500
4 21.263819 19.959799 17.641603 0.000000 20.097990 18.213568 20.344221 17.545227 20.419598 18.407499 20.049999
5 21.494974 16.130653 20.002506 20.092964 0.000000 20.281406 17.492462 20.000000 19.203518 20.440001 20.522499
6 21.195980 20.080402 17.874687 18.226131 20.288944 0.000000 20.494974 17.839195 20.487436 17.385000 20.112499
7 21.711056 16.786432 20.215538 20.326633 17.494974 20.487436 0.000000 20.208542 19.590452 20.715000 20.837500
8 20.902010 19.713568 14.170426 17.560301 20.020100 17.829145 20.221106 0.000000 20.115578 18.067499 19.707500
9 21.402010 18.746231 20.135338 20.422110 19.206030 20.469849 19.603016 20.108040 0.000000 20.570000 20.790001
10 21.262501 20.227501 18.170000 18.422501 20.442499 17.365000 20.727501 18.057501 20.555000 0.000000 20.355000
11 21.190001 20.302500 19.797501 20.055000 20.522499 20.097500 20.850000 19.707500 20.777500 20.344999 0.000000
