11
1 0.000000 12.429708 12.411140 12.397878 12.380953 12.424403 12.424403 12.383598 12.427055 12.324538 12.362433
2 12.424403 0.000000 12.244032 12.312998 12.201058 12.379311 12.273210 12.312169 10.835544 12.176781 12.335979
3 12.400531 12.254642 0.000000 12.305039 12.174603 12.283819 12.183023 12.185185 12.251989 10.854881 12.219577
4 12.403183 12.297082 12.297082 0.000000 12.285714 12.339522 12.302387 12.256614 12.302387 12.163589 12.251323
5 12.383598 12.190476 12.166667 12.288360 0.000000 12.243386 12.103174 12.224868 12.224868 12.129288 12.285714
6 12.421751 12.376657 12.257295 12.344828 12.230159 0.000000 12.326260 12.259259 12.336870 12.182058 12.222222
7 12.429708 12.273210 12.190982 12.315650 12.103174 12.323607 0.000000 12.267196 12.278515 12.110818 12.272487
8 12.383598 12.301587 12.177249 12.259259 12.211640 12.253968 12.256614 0.000000 12.293651 12.100264 12.293651
9 12.440318 10.840849 12.251989 12.328913 12.230159 12.352785 12.281167 12.306878 0.000000 12.182058 12.333333
10 12.321899 12.155673 10.852242 12.160950 12.131927 12.171504 12.100264 12.079156 12.155673 0.000000 12.182058
11 12.362433 12.338624 12.235450 12.261905 12.283069 12.230159 12.272487 12.293651 12.325397 12.187335 0.000000
