11
1 0.000000 5.444724 5.403509 5.158291 5.409548 5.135678 5.472362 5.427135 5.442211 5.535000 5.402500
2 5.444724 0.000000 5.240602 5.361809 5.311558 5.339196 5.527638 5.268844 5.266332 5.485000 5.457500
3 5.411027 5.253133 0.000000 5.228070 4.571429 5.210526 5.478697 4.784461 3.208020 5.360000 5.427500
4 5.153266 5.364322 5.230577 0.000000 5.233668 4.025126 5.407035 5.203517 5.238693 5.462500 4.967500
5 5.412060 5.306533 4.568923 5.243719 0.000000 5.211055 5.507538 4.758794 4.557789 5.382500 5.437500
6 5.133166 5.339196 5.203008 4.020101 5.206030 0.000000 5.314070 5.150754 5.231156 5.467500 5.037500
7 5.457286 5.512563 5.471178 5.402010 5.515075 5.319096 0.000000 5.469849 5.482412 5.567500 5.482500
8 5.432161 5.253769 4.781955 5.195980 4.763819 5.153266 5.474874 0.000000 4.809045 5.332500 5.407500
9 5.457286 5.263819 3.210526 5.228643 4.562814 5.233668 5.484925 4.816583 0.000000 5.355000 5.422500
10 5.542500 5.485000 5.362500 5.472500 5.375000 5.477500 5.565000 5.350000 5.365000 0.000000 5.537500
11 5.415000 5.462500 5.435000 4.965000 5.457500 5.035000 5.482500 5.425000 5.427500 5.535000 0.000000
