11
1 0.000000 117.246231 118.293236 119.633163 117.796486 118.864319 118.952263 119.819092 118.208542 119.669998 118.072502
2 117.316582 0.000000 113.854637 115.673370 111.648239 114.854271 114.997490 115.866837 106.947235 117.309998 114.449997
3 118.335838 113.769424 0.000000 117.433586 115.117798 104.360901 116.611526 117.631577 115.598999 118.387497 113.169998
4 119.695976 115.625626 117.406013 0.000000 111.746231 118.050255 118.213570 118.361809 116.600502 119.290001 117.397499
5 117.904526 111.645729 115.187973 111.791458 0.000000 115.788948 115.927139 116.090454 113.437187 117.824997 115.207497
6 118.874374 114.781410 104.358398 118.020103 115.723618 0.000000 117.404526 118.341705 116.429649 118.625000 113.930000
7 119.010048 114.942207 116.621552 118.233665 115.891960 117.482414 0.000000 118.680908 116.304024 115.290001 116.635002
8 119.866837 115.839195 117.706764 118.391960 116.047737 118.442207 118.718590 0.000000 116.922112 119.695000 117.922501
9 118.241203 106.952263 115.606514 116.645729 113.381912 116.510048 116.319092 116.914574 0.000000 118.070000 115.565002
10 119.717499 117.324997 118.387497 119.320000 117.762497 118.714996 115.305000 119.695000 118.102501 0.000000 118.735001
11 118.125000 114.394997 113.165001 117.379997 115.129997 113.927498 116.582497 117.877502 115.552498 118.717499 0.000000
