11
1 0.000000 234.680908 236.611526 234.788940 237.580399 235.155777 237.402008 234.552765 234.550247 234.987503 234.309998
2 234.570358 0.000000 231.225571 221.419601 231.354279 222.756287 232.783920 206.874374 206.263824 212.600006 209.872498
3 236.431076 231.278198 0.000000 231.155396 227.872177 231.964905 235.000000 230.491226 230.385971 232.160004 231.327499
4 234.665833 221.462311 231.192978 0.000000 231.293976 199.987442 232.829147 221.128143 220.500000 224.024994 222.604996
5 237.464828 231.427139 227.892227 231.281403 0.000000 232.462311 235.741211 230.399490 230.854279 232.169998 231.330002
6 235.128143 222.891953 232.007523 200.047745 232.547745 0.000000 233.500000 222.133163 222.140701 224.677505 223.854996
7 237.414566 232.939697 235.072678 232.912064 235.861816 233.494980 0.000000 232.457291 232.286438 233.570007 232.764999
8 234.437180 206.904526 230.471176 221.085434 230.364319 222.072861 232.356781 0.000000 179.447235 205.792496 201.835007
9 234.402008 206.271362 230.365921 220.452255 230.846741 222.047745 232.238693 179.467331 0.000000 205.552505 201.934998
10 234.904999 212.699997 232.225006 224.095001 232.235001 224.667496 233.539993 205.867493 205.607498 0.000000 201.117493
11 234.119995 209.917496 231.277496 222.552505 231.294998 223.747498 232.604996 201.830002 201.929993 201.035004 0.000000
