11
1 0.000000 24.409548 24.498747 24.535175 24.555277 24.542713 24.532663 24.535175 24.525126 24.400000 24.297501
2 24.414574 0.000000 23.964912 24.123116 24.055277 24.201006 24.150753 24.027637 24.022614 23.867500 23.652500
3 24.488722 23.962406 0.000000 23.701754 18.862156 24.313284 24.318296 21.561403 24.165413 22.754999 23.975000
4 24.547739 24.133165 23.726816 0.000000 23.864321 24.417086 24.402010 23.962311 24.366835 23.622499 24.122499
5 24.547739 24.057789 18.859650 23.816584 0.000000 24.399498 24.402010 21.889448 24.203518 22.809999 24.002501
6 24.540201 24.203518 24.318296 24.427135 24.422110 0.000000 21.650753 24.422110 24.304020 24.267500 24.030001
7 24.537689 24.160805 24.325815 24.402010 24.427135 21.645729 0.000000 24.424623 24.381910 24.287500 24.092501
8 24.550251 24.035175 21.553885 23.929647 21.866835 24.419598 24.409548 0.000000 24.253769 22.947500 24.007500
9 24.542713 24.005026 24.165413 24.369347 24.206030 24.316584 24.404522 24.261307 0.000000 24.102501 24.072500
10 24.395000 23.872499 22.782499 23.620001 22.827499 24.277500 24.280001 22.965000 24.102501 0.000000 23.987499
11 24.302500 23.657499 23.962500 24.120001 24.012501 24.037500 24.084999 24.017500 24.062500 23.992500 0.000000
