11
1 0.000000 5.505025 5.406015 5.452261 5.374372 5.429648 5.366834 5.439699 5.356784 5.360000 5.532500
2 5.502512 0.000000 5.388471 5.467337 5.391960 5.256281 5.402010 5.213568 5.341709 5.470000 5.505000
3 5.411027 5.375940 0.000000 5.403509 5.255639 5.140351 5.215539 5.165413 4.854637 5.292500 5.490000
4 5.444724 5.464824 5.398496 0.000000 5.356784 5.399498 5.334171 5.402010 5.396985 5.347500 5.465000
5 5.376884 5.394473 5.268170 5.366834 0.000000 5.329146 5.030151 5.351759 5.266332 5.077500 5.477500
6 5.429648 5.261307 5.147870 5.407035 5.321608 0.000000 5.246231 5.057789 5.120603 5.332500 5.465000
7 5.364322 5.407035 5.223058 5.339196 5.030151 5.253769 0.000000 5.278894 5.236181 5.160000 5.435000
8 5.444724 5.195980 5.170426 5.407035 5.344221 5.055276 5.256281 0.000000 5.256281 5.332500 5.490000
9 5.361809 5.339196 4.862155 5.389447 5.256281 5.120603 5.233668 5.251256 0.000000 5.260000 5.507500
10 5.357500 5.477500 5.312500 5.342500 5.080000 5.337500 5.155000 5.342500 5.270000 0.000000 5.465000
11 5.532500 5.502500 5.502500 5.467500 5.465000 5.465000 5.432500 5.492500 5.500000 5.465000 0.000000
