11
1 0.000000 131.358093 131.745361 131.801056 131.523804 131.596817 131.819626 131.502640 131.692307 131.282318 131.288361
2 131.360748 0.000000 130.992035 131.389923 130.841263 129.986740 131.305038 130.563492 129.336868 130.717682 130.608459
3 131.745361 130.984085 0.000000 130.891251 130.386246 130.854111 130.880630 129.793655 131.424408 131.076523 129.661377
4 131.795761 131.371353 130.909821 0.000000 126.576721 131.095490 124.137932 129.277771 131.697617 131.065964 129.492065
5 131.521164 130.838623 130.412704 126.589951 0.000000 130.632278 126.328041 129.026459 131.224869 131.079163 128.857147
6 131.580902 130.000000 130.867371 131.095490 130.645508 0.000000 131.143234 130.370377 131.106094 129.844330 130.436508
7 131.798401 131.302383 130.909821 124.140587 126.333336 131.140579 0.000000 129.026459 131.628647 131.145126 129.674606
8 131.497360 130.566132 129.777771 129.280426 129.047623 130.362427 129.023804 0.000000 131.140213 131.002640 127.706352
9 131.686996 129.339523 131.429703 131.710876 131.222229 131.111404 131.633957 131.119049 0.000000 131.060684 131.129623
10 131.279678 130.722961 131.068604 131.071243 131.084427 129.841690 131.139847 131.010559 131.052765 0.000000 130.875992
11 131.288361 130.611115 129.674606 129.518524 128.862427 130.444443 129.664017 127.730156 131.137573 130.894455 0.000000
