11
1 0.000000 12.485411 12.286472 12.450929 12.365079 12.448276 12.413794 12.417990 12.466844 12.401055 12.301587
2 12.477453 0.000000 12.148541 12.307693 12.164021 12.241380 12.381963 12.203704 12.183023 12.171504 12.079365
3 12.283819 12.145888 0.000000 12.108753 11.891535 12.034483 12.151194 11.978836 12.198939 12.147758 9.804233
4 12.450929 12.302387 12.108753 0.000000 11.074074 12.230769 12.328913 12.166667 12.408488 12.311346 12.074074
5 12.365079 12.169312 11.896826 11.076719 0.000000 12.142858 12.158731 12.097883 12.240741 12.226912 11.907408
6 12.445623 12.244032 12.053050 12.236074 12.142858 0.000000 12.090186 10.500000 12.352785 12.313984 12.037037
7 12.419098 12.397878 12.145888 12.318302 12.148149 12.071618 0.000000 11.981482 12.360743 12.372031 12.116402
8 12.423281 12.206349 11.978836 12.171958 12.103174 10.502645 11.976191 0.000000 12.346560 12.329815 11.984127
9 12.480106 12.183023 12.214854 12.405835 12.256614 12.355437 12.350133 12.338624 0.000000 10.664907 12.177249
10 12.408971 12.155673 12.145119 12.311346 12.216359 12.324538 12.358839 12.335093 10.664907 0.000000 12.131927
11 12.312169 12.076719 9.806878 12.084656 11.915344 12.029100 12.140212 11.994709 12.174603 12.131927 0.000000
