11
1 0.000000 163.900513 166.520264 169.414963 167.784012 167.852036 163.091522 167.321426 165.636215 165.811447 163.887207
2 164.219223 0.000000 146.355820 155.064087 148.489044 141.954468 146.517700 144.951096 143.951096 141.393936 142.129623
3 166.243240 145.569977 0.000000 157.226349 151.905411 150.709457 149.423981 141.160477 132.717911 149.582489 139.372055
4 169.158157 153.927490 156.927368 0.000000 159.241913 160.704971 154.976273 158.507690 156.030457 157.143097 154.151520
5 166.583328 147.477234 151.445953 158.461670 0.000000 153.752975 151.083054 152.039185 150.010147 151.550507 147.449493
6 167.942184 141.777405 151.006760 160.806168 154.119247 0.000000 152.079666 151.360687 149.055832 136.067337 147.144775
7 163.559326 146.313660 150.016891 155.384750 152.338989 152.291519 0.000000 149.861023 148.830795 151.390579 146.287872
8 166.146255 145.379425 140.680740 158.035904 152.730835 151.900848 149.732208 0.000000 138.619293 148.690231 139.478119
9 165.724197 144.134903 133.020264 155.981384 150.159058 149.472076 148.231812 139.338409 0.000000 147.843430 137.528625
10 164.821548 140.968018 149.042084 156.855225 151.388885 135.821548 150.205383 148.986526 146.920868 0.000000 145.811447
11 163.276093 141.808075 140.000000 154.116165 148.289566 146.579132 145.845123 140.052185 137.695282 146.058929 0.000000
