11
1 0.000000 11.746231 11.543859 11.580402 11.685929 11.703518 11.741206 11.557789 11.613066 11.577500 11.585000
2 11.736181 0.000000 11.528822 11.600503 11.673367 11.474874 11.452261 11.597990 11.567840 11.597500 11.547500
3 11.563910 11.541353 0.000000 10.802005 11.328321 11.511278 11.433584 10.726817 9.914787 11.265000 11.255000
4 11.577889 11.608040 10.802005 0.000000 11.432160 11.502513 11.517588 10.115578 10.839196 11.352500 11.312500
5 11.685929 11.675879 11.323308 11.442211 0.000000 11.640703 11.618091 11.386934 11.414573 11.525000 11.482500
6 11.708543 11.474874 11.491228 11.497487 11.635678 0.000000 11.140703 11.512563 11.535176 11.550000 11.530000
7 11.728643 11.459799 11.428572 11.507538 11.615578 11.153266 0.000000 11.479899 11.517588 11.532500 11.527500
8 11.572865 11.608040 10.711780 10.113066 11.381909 11.522614 11.489950 0.000000 10.786432 11.285000 11.207500
9 11.618091 11.572865 9.914787 10.836683 11.407035 11.532663 11.537688 10.788945 0.000000 11.330000 11.302500
10 11.567500 11.607500 11.265000 11.347500 11.520000 11.545000 11.532500 11.285000 11.342500 0.000000 10.900000
11 11.587500 11.550000 11.262500 11.312500 11.505000 11.532500 11.552500 11.225000 11.312500 10.905000 0.000000
