11
1 0.000000 65.647552 65.701012 65.530609 66.348640 65.406464 66.169495 66.015305 65.497459 64.877106 65.284515
2 65.566612 0.000000 64.258011 64.097809 65.942665 65.070824 65.755478 65.522766 63.865093 65.228958 65.417511
3 65.611488 64.244522 0.000000 64.010132 65.788849 65.114868 65.550674 65.101349 63.766891 64.816498 65.190239
4 65.702377 64.101181 63.967907 0.000000 66.264053 65.699829 65.684746 65.822220 62.155670 64.424240 65.013466
5 66.384354 66.075882 65.807434 66.160133 0.000000 65.897789 60.354237 62.204430 65.730965 62.525253 65.415825
6 65.164963 64.978081 64.864868 65.499146 65.737648 0.000000 65.400002 65.410255 64.802032 64.185188 62.368687
7 65.549156 65.123100 65.121620 65.103394 59.998306 64.855934 0.000000 61.628815 64.937393 61.978115 64.828285
8 65.838432 65.239464 65.302368 65.680344 62.018738 65.370941 61.900002 0.000000 64.956009 61.617844 64.877106
9 65.473770 63.925800 63.804054 62.182739 65.499153 64.661591 65.390862 65.091370 0.000000 64.474747 64.728958
10 64.865318 65.181816 64.661613 64.402359 62.382156 64.114479 62.466331 61.715488 64.442764 0.000000 64.688553
11 65.124580 65.326599 64.996635 64.727272 65.318184 62.333332 65.158249 64.962959 64.735687 64.439392 0.000000
