11
1 0.000000 5.678392 5.681704 5.695980 5.695980 5.690955 5.701005 5.693467 5.695980 5.662500 5.657500
2 5.685930 0.000000 5.598998 5.648241 5.648241 5.419598 5.658291 5.650754 5.660804 5.612500 5.387500
3 5.679198 5.596491 0.000000 5.661654 5.671679 5.593985 5.659148 5.370927 5.664160 5.395000 5.602500
4 5.690955 5.650754 5.664160 0.000000 5.597990 5.658291 4.927135 5.673367 4.824121 5.645000 5.642500
5 5.695980 5.655779 5.656641 5.590452 0.000000 5.663317 5.613065 5.670854 5.592965 5.637500 5.625000
6 5.680904 5.427135 5.591479 5.658291 5.660804 0.000000 5.663317 5.643216 5.653266 5.612500 5.367500
7 5.693467 5.660804 5.661654 4.917086 5.605527 5.668342 0.000000 5.668342 4.628141 5.645000 5.632500
8 5.693467 5.650754 5.375940 5.673367 5.673367 5.645729 5.673367 0.000000 5.670854 5.025000 5.597500
9 5.695980 5.663317 5.666667 4.826633 5.605527 5.660804 4.628141 5.663317 0.000000 5.645000 5.635000
10 5.660000 5.600000 5.395000 5.640000 5.635000 5.607500 5.642500 5.015000 5.645000 0.000000 5.585000
11 5.657500 5.395000 5.600000 5.632500 5.625000 5.370000 5.632500 5.590000 5.637500 5.597500 0.000000
