11
1 0.000000 122.435074 123.562500 127.032310 124.181976 130.129257 122.333900 130.275513 126.494080 128.370377 129.398987
2 122.470490 0.000000 114.981453 120.822937 117.160202 122.000000 110.598648 121.976395 121.288361 120.787880 125.043770
3 123.868240 115.121414 0.000000 121.920609 118.603043 123.709457 114.309120 123.908783 122.388512 122.671715 126.387207
4 127.003403 120.929176 122.135132 0.000000 119.555367 130.538589 120.618645 130.041031 106.490692 127.164986 125.632996
5 124.450684 117.165260 118.474663 119.553665 0.000000 126.383308 116.745766 126.647362 118.910324 124.021889 122.846802
6 130.278915 122.011803 123.760132 130.367065 126.505966 0.000000 121.989830 119.275215 128.881561 116.198654 131.074081
7 122.255936 110.655983 114.275337 120.474579 116.840675 121.662712 0.000000 121.684746 120.654823 120.116165 124.276093
8 129.792511 121.612144 123.445946 129.523071 126.202728 118.652992 121.311867 0.000000 128.871399 109.318184 130.806396
9 126.561760 121.318718 122.251686 106.543144 119.045685 128.873093 120.749580 128.752960 0.000000 127.245789 125.794609
10 127.994949 120.510101 122.052185 126.957916 123.909088 115.836700 119.885521 109.552185 126.983162 0.000000 130.343430
11 129.569031 125.274414 126.380470 125.272728 123.170036 131.195282 124.457916 131.617844 125.592590 130.664978 0.000000
