11
1 0.000000 16.655987 16.621622 16.802721 16.362246 16.897959 16.661016 16.593538 16.700508 16.607744 16.444445
2 16.522766 0.000000 14.247892 13.087689 14.143339 14.263069 13.605396 11.266441 14.197302 14.134680 14.323233
3 16.456081 14.180438 0.000000 14.255068 13.214527 13.087838 14.447635 14.040541 13.253378 12.910774 13.006734
4 16.659864 12.932547 14.116554 0.000000 14.344123 14.562607 13.569491 12.964103 14.285956 14.028620 14.245791
5 16.358843 14.038786 13.334459 14.320272 0.000000 13.458262 14.320339 13.982965 12.203046 12.993266 13.158249
6 16.862246 14.151771 13.180743 14.550600 13.546848 0.000000 14.552543 14.188034 13.489001 12.804714 12.466330
7 16.779661 13.485666 14.599662 13.784746 14.527119 14.579661 0.000000 13.447457 14.468698 14.351851 14.456229
8 16.508503 11.268128 14.123311 13.078632 14.023850 14.367521 13.342373 0.000000 14.094754 13.895623 14.018518
9 16.739424 14.187183 13.405405 14.414552 12.230119 13.434856 14.395939 14.065989 0.000000 13.114478 13.237373
10 16.582491 14.055555 12.944445 14.050505 13.092592 12.808081 14.303030 13.843434 13.010101 0.000000 12.902357
11 16.483166 14.052189 12.991583 14.282828 13.207070 12.474748 14.331650 14.143098 13.225589 13.033670 0.000000
