11
1 0.000000 0.288364 0.310811 0.311224 0.343537 0.328231 0.338983 0.289116 0.292724 0.313131 0.291246
2 0.291737 0.000000 0.274874 0.256324 0.301855 0.269814 0.308600 0.209106 0.200675 0.203704 0.195286
3 0.312500 0.281619 0.000000 0.305743 0.302365 0.326014 0.369932 0.305743 0.287162 0.297980 0.282828
4 0.323129 0.259696 0.305743 0.000000 0.320273 0.169811 0.340678 0.261538 0.260575 0.281145 0.271044
5 0.333333 0.300169 0.293919 0.315162 0.000000 0.335605 0.364407 0.310051 0.313029 0.309764 0.319865
6 0.338435 0.269814 0.322635 0.166381 0.340715 0.000000 0.316949 0.273504 0.277496 0.289562 0.279461
7 0.350847 0.313659 0.351351 0.338983 0.372881 0.313559 0.000000 0.327119 0.321489 0.341751 0.331650
8 0.299320 0.209106 0.290541 0.256410 0.310051 0.273504 0.318644 0.000000 0.155668 0.185185 0.185185
9 0.296108 0.200675 0.285473 0.257191 0.316413 0.275804 0.321489 0.150592 0.000000 0.191919 0.196970
10 0.309764 0.200337 0.284512 0.274411 0.313131 0.282828 0.336700 0.183502 0.191919 0.000000 0.161616
11 0.294613 0.203704 0.281145 0.274411 0.324916 0.281145 0.324916 0.188552 0.202020 0.166667 0.000000
