11
1 0.000000 4.413154 4.405406 4.440476 4.425170 4.445578 4.464407 4.445578 4.373942 4.402357 4.398990
2 4.455312 0.000000 4.145025 4.133221 4.244519 4.249578 3.374368 4.322091 4.192243 4.139730 4.090909
3 4.410473 4.101181 0.000000 3.687500 4.116554 4.116554 4.206081 4.251689 4.042230 3.604377 3.442761
4 4.447279 4.136594 3.630068 0.000000 4.081772 4.188679 4.184746 4.145299 3.910321 3.055556 3.776094
5 4.437075 4.141653 4.091216 4.052811 0.000000 4.267462 4.186440 4.245315 3.395939 4.042088 3.981482
6 4.414966 4.187184 4.184122 4.228130 4.267462 0.000000 4.218644 3.550427 4.191201 4.119529 4.171717
7 4.471187 3.423271 4.251689 4.184746 4.245763 4.313560 0.000000 4.377966 4.087986 4.170033 4.181818
8 4.440476 4.317032 4.211149 4.235898 4.253833 3.581197 4.342373 0.000000 4.241963 4.196970 4.271044
9 4.380711 4.225970 3.978040 4.067682 3.395939 4.218274 4.093062 4.257191 0.000000 4.015152 4.106061
10 4.377104 4.072391 3.552189 3.060606 4.057239 4.117845 4.168350 4.129630 4.047138 0.000000 3.661616
11 4.405724 4.055555 3.405724 3.786195 4.010101 4.198653 4.203704 4.239057 4.168350 3.713805 0.000000
