11
1 0.000000 25.206896 25.122015 25.299734 25.161375 25.137932 25.320955 25.050264 25.254642 25.216358 25.291006
2 25.225464 0.000000 23.511936 24.543766 23.894180 22.185677 24.114058 23.947090 22.923077 24.021109 24.423281
3 25.122015 23.490717 0.000000 24.445623 23.732803 23.050398 22.466843 23.851852 23.562334 23.902374 24.354498
4 25.307692 24.530504 24.450928 0.000000 23.952381 24.294430 24.702917 24.560846 24.543766 24.073879 21.708994
5 25.158730 23.880953 23.738094 23.949736 0.000000 23.484127 24.132275 24.116402 23.917990 23.232189 23.912699
6 25.116711 22.169762 23.039787 24.297083 23.478836 0.000000 23.729443 23.568783 21.236074 23.767811 24.201057
7 25.315649 24.106100 22.466843 24.700266 24.153439 23.726791 0.000000 24.240740 23.941645 24.374670 24.671957
8 25.052910 23.933863 23.843916 24.576719 24.126984 23.558201 24.235449 0.000000 23.875662 24.168865 24.640211
9 25.254642 22.917772 23.570292 24.535809 23.904762 21.246685 23.946949 23.878307 0.000000 24.076517 24.529100
10 25.213720 24.005278 23.910290 24.065964 23.237467 23.767811 24.395779 24.168865 24.063324 0.000000 24.055408
11 25.288361 24.412699 24.375662 21.716930 23.899471 24.238094 24.685184 24.629629 24.537037 24.068602 0.000000
