11
1 0.000000 243.861816 243.127823 244.962311 243.331665 242.778900 244.396988 244.889450 244.314072 242.867493 243.362503
2 243.824127 0.000000 240.601501 243.246231 239.967331 238.756287 241.733673 243.042709 241.891953 240.429993 241.152496
3 243.328323 240.874680 0.000000 242.260651 238.676697 236.583954 237.235596 242.197998 237.213028 232.572495 234.847504
4 244.929642 243.248749 241.992477 0.000000 240.726135 240.492462 243.510056 243.922104 243.414566 241.722504 242.425003
5 243.321609 239.997482 238.463654 240.743713 0.000000 234.138184 240.150757 241.580399 240.155777 238.660004 239.725006
6 242.839203 238.824127 236.416046 240.545227 234.180908 0.000000 238.653259 240.459793 238.633163 236.910004 238.369995
7 244.452255 241.788940 237.072678 243.600510 240.223618 238.678391 0.000000 243.278900 203.414566 237.282501 238.637497
8 244.932159 243.148239 242.040100 244.045227 241.623123 240.489944 243.283920 0.000000 243.361816 241.750000 242.365005
9 244.497482 242.057785 237.152878 243.628143 240.341705 238.773865 203.459793 243.464828 0.000000 237.429993 238.925003
10 242.907501 240.505005 232.419998 241.797501 238.692505 236.917496 237.270004 241.725006 237.335007 0.000000 225.539993
11 243.527496 241.445007 234.857498 242.652496 239.977493 238.512497 238.794998 242.507507 238.967499 225.697495 0.000000
