11
1 0.000000 155.030350 155.934128 155.581635 154.314621 157.445572 154.489838 153.680267 150.159058 156.126266 148.947815
2 153.821243 0.000000 144.128159 143.279938 129.817871 143.949417 129.396286 139.607086 136.703201 154.331650 135.242432
3 154.866547 144.433395 0.000000 130.363174 142.476349 135.025345 141.288849 137.782089 137.689194 153.540405 136.589218
4 156.423462 143.664413 131.442566 0.000000 143.356049 137.168091 142.183044 138.480347 137.690353 153.666672 136.101013
5 154.346939 130.143341 142.613174 143.221466 0.000000 143.764908 126.186440 138.846680 135.578674 152.373734 133.511780
6 156.062927 144.263062 135.697632 136.917664 143.805786 0.000000 142.876266 139.697433 138.612518 154.227280 136.410782
7 153.893219 129.715012 142.027023 141.637283 126.452545 142.493225 0.000000 137.569489 134.529617 152.648148 132.513474
8 153.137756 139.935913 137.643585 138.536758 139.558777 140.422226 137.632202 0.000000 134.115067 151.791245 131.619522
9 149.055832 136.165268 137.760132 136.598984 134.516068 137.862946 133.795258 132.879868 0.000000 147.015152 108.131310
10 155.084167 153.811447 153.936020 153.345123 151.654877 153.658249 151.378784 151.250839 147.031982 0.000000 146.978119
11 147.515152 135.043777 136.922562 135.831650 133.232330 136.422562 132.202026 131.136368 108.488213 146.998322 0.000000
