11
1 0.000000 12.777403 12.763514 12.875851 12.717687 13.066326 12.772882 12.925170 12.773266 12.631313 12.811448
2 12.698145 0.000000 10.114671 11.715009 10.854975 12.273188 11.723440 11.109612 11.777403 11.932660 10.848485
3 12.739865 10.151771 0.000000 11.766891 10.875000 12.280405 11.731419 11.140203 11.807432 12.000000 10.831650
4 12.744898 11.774031 11.788852 0.000000 11.666099 12.473413 11.118644 12.008547 11.209814 11.983165 11.750842
5 12.617347 10.876897 10.869932 11.659285 0.000000 12.277683 11.544067 11.168654 11.649746 11.811448 10.929293
6 13.057823 12.256324 12.207770 12.476844 12.241908 0.000000 12.254237 12.473504 12.321489 11.407408 12.274411
7 12.638983 11.716695 11.687500 11.083051 11.525424 12.301695 0.000000 11.810169 10.631134 11.919192 11.712121
8 12.931973 11.220911 11.194257 12.080342 11.243611 12.586325 11.908475 0.000000 12.021996 12.069023 11.235690
9 12.746193 11.817875 11.832770 11.203046 11.664974 12.368866 10.683587 11.962775 0.000000 12.000000 11.806397
10 12.567340 11.954545 11.939394 11.910774 11.794613 11.392256 11.910774 12.038720 11.981482 0.000000 11.924242
11 12.737373 10.893939 10.841751 11.732324 10.946128 12.345118 11.727273 11.178452 11.801347 11.978114 0.000000
