11
1 0.000000 0.636605 0.639257 0.641910 0.632275 0.631300 0.641910 0.642857 0.647215 0.641161 0.637566
2 0.631300 0.000000 0.480106 0.419098 0.462963 0.453581 0.636605 0.513228 0.615385 0.482850 0.455026
3 0.633952 0.477454 0.000000 0.413793 0.478836 0.440318 0.636605 0.497355 0.628647 0.461741 0.468254
4 0.649867 0.424403 0.413793 0.000000 0.455026 0.477454 0.633952 0.481481 0.631300 0.459103 0.436508
5 0.629630 0.465608 0.481481 0.462963 0.000000 0.484127 0.621693 0.515873 0.621693 0.501319 0.455026
6 0.633952 0.453581 0.448276 0.482759 0.481481 0.000000 0.631300 0.539683 0.625995 0.503958 0.502645
7 0.639257 0.636605 0.639257 0.628647 0.624339 0.628647 0.000000 0.621693 0.496021 0.617414 0.619048
8 0.642857 0.513228 0.500000 0.478836 0.510582 0.537037 0.613757 0.000000 0.621693 0.501319 0.529101
9 0.649867 0.620690 0.633952 0.628647 0.621693 0.628647 0.498674 0.624339 0.000000 0.614776 0.626984
10 0.649077 0.490765 0.464380 0.459103 0.503958 0.506596 0.630607 0.514512 0.614776 0.000000 0.482850
11 0.648148 0.455026 0.470899 0.439153 0.457672 0.505291 0.632275 0.531746 0.634921 0.485488 0.000000
