11
1 0.000000 11.397878 11.429708 11.413794 11.275132 11.673740 11.331565 11.513227 11.363396 11.369393 11.412699
2 11.416446 0.000000 8.103448 10.270557 9.129630 11.135279 10.336870 9.597883 10.427055 10.886543 9.304233
3 11.442971 8.100796 0.000000 10.368700 9.166667 11.119364 10.472149 9.642858 10.469496 10.915567 9.230159
4 11.435013 10.273210 10.376657 0.000000 10.005291 11.076923 9.596817 10.433863 9.851459 10.907652 10.436508
5 11.283069 9.129630 9.169312 10.018518 0.000000 10.896826 10.076719 9.375662 10.142858 10.712401 9.269841
6 11.660478 11.143236 11.127321 11.084881 10.894180 0.000000 10.970822 11.174603 11.031830 10.079156 11.066137
7 11.350133 10.334217 10.474801 9.594165 10.068783 10.970822 0.000000 10.447090 8.917772 10.807388 10.394180
8 11.515873 9.600529 9.645503 10.439154 9.370370 11.182540 10.455027 0.000000 10.502645 10.947229 9.664021
9 11.368700 10.427055 10.472149 9.851459 10.140212 11.039788 8.920424 10.497355 0.000000 10.791556 10.518518
10 11.377309 10.894459 10.915567 10.923483 10.707124 10.081794 10.802111 10.939314 10.788918 0.000000 10.928760
11 11.415344 9.304233 9.235450 10.439154 9.269841 11.063492 10.396826 9.664021 10.521164 10.936675 0.000000
