11
1 0.000000 4.397976 4.388514 4.420068 4.467687 4.421769 4.372881 4.465986 4.402707 4.361953 4.392256
2 4.387858 0.000000 4.086003 3.949410 4.220911 3.912310 3.996627 4.059022 3.993255 3.920875 3.803030
3 4.380067 4.011805 0.000000 4.089527 4.282094 4.016892 4.123311 4.209459 3.564189 4.010101 3.989899
4 4.409864 3.878583 4.133446 0.000000 4.250426 4.214408 4.135593 4.160684 4.175973 4.074074 3.210438
5 4.460885 4.236088 4.342906 4.303237 0.000000 4.219761 4.150847 4.040886 4.274112 4.089226 4.247475
6 4.438776 3.868465 4.114865 4.210978 4.201022 0.000000 3.244068 4.034188 4.093062 3.198653 4.063973
7 4.403390 3.910624 4.231419 4.201695 4.125424 3.213559 0.000000 3.935593 4.072758 2.910774 4.099327
8 4.442177 4.035413 4.238176 4.143590 4.056218 4.006838 3.908475 0.000000 4.228426 3.944444 4.102694
9 4.370558 3.952782 3.614865 4.142132 4.289340 4.076142 4.028765 4.218274 0.000000 3.956229 4.077441
10 4.378788 3.882155 4.107744 4.099327 4.116162 3.180135 2.892256 3.944444 4.180135 0.000000 4.127946
11 4.358586 3.765993 4.053872 3.215488 4.210438 4.053872 4.079124 4.104377 4.106061 4.119529 0.000000
