11
1 0.000000 161.137924 162.201599 154.039795 151.433868 157.750656 162.307693 154.994705 153.039795 154.662262 151.838623
2 161.129974 0.000000 168.305038 161.034485 158.648148 164.395218 168.366043 152.695770 159.851456 160.567276 158.899475
3 162.212204 168.326263 0.000000 161.716187 159.140213 165.161804 149.716187 162.851852 158.901855 162.403687 158.462967
4 154.034485 161.037140 161.700272 0.000000 150.060852 155.450928 161.824936 155.007935 152.525192 154.646439 151.494705
5 151.439148 158.658737 159.132278 150.066132 0.000000 153.830688 159.211639 153.010590 149.550262 152.358841 149.116409
6 157.742706 164.397873 165.145889 155.448273 153.820099 0.000000 165.360748 158.669312 156.188324 157.912933 155.320099
7 162.313004 168.379303 149.710876 161.832886 159.211639 165.371353 0.000000 162.899475 159.055710 162.474930 158.629623
8 155.002640 152.714279 162.851852 155.018524 153.015869 158.685181 162.902115 0.000000 153.849213 154.862793 153.288361
9 153.039795 159.862076 158.893906 152.530502 149.550262 156.196289 159.053055 153.843918 0.000000 153.514511 148.912704
10 154.664902 160.580475 162.398422 154.654358 152.358841 157.923477 162.474930 154.857513 153.514511 0.000000 152.759888
11 151.849213 158.917984 158.462967 151.507935 149.121689 155.335983 158.634918 153.288361 148.917984 152.765167 0.000000
