11
1 0.000000 124.517586 124.147873 124.500000 124.432159 124.427139 124.515076 124.605530 124.489952 123.892502 123.672501
2 124.354271 0.000000 122.403511 122.477386 120.967339 121.178391 121.304024 122.087936 122.482414 120.672501 113.887497
3 123.954887 122.375938 0.000000 114.411026 122.313286 122.320801 122.353386 122.689224 114.671677 121.992500 122.097504
4 124.311562 122.505028 114.423561 0.000000 122.733665 122.605530 122.620605 123.060303 95.505028 122.065002 121.745003
5 124.386932 121.060303 122.413536 122.798996 0.000000 118.487434 118.645729 121.949745 122.650757 118.040001 120.154999
6 124.213570 121.135681 122.310776 122.603012 118.381912 0.000000 118.487434 121.736183 122.545227 118.650002 120.227501
7 124.241203 121.185928 122.280701 122.520103 118.494972 118.444725 0.000000 121.886932 122.432159 118.807503 120.267502
8 124.391960 122.057793 122.714287 123.030151 121.844223 121.718590 121.957283 0.000000 123.070351 121.352501 121.172501
9 124.346733 122.497490 114.649124 95.502510 122.620605 122.580399 122.530151 123.080399 0.000000 122.037498 121.845001
10 123.675003 120.697502 121.972504 122.059998 118.029999 118.629997 118.860001 121.400002 122.029999 0.000000 120.367500
11 123.510002 113.852501 122.112503 121.760002 120.067497 120.264999 120.342499 121.154999 121.857498 120.357498 0.000000
