11
1 0.000000 4.445194 4.444257 4.503401 4.493197 4.506803 4.479661 4.482993 4.467005 4.441077 4.434343
2 4.408094 0.000000 4.198988 4.421585 4.399662 4.286678 4.365936 4.323777 4.229342 4.336700 4.297980
3 4.469594 4.217538 0.000000 4.457770 4.425676 4.353041 4.329392 4.398649 4.268581 4.351852 4.235690
4 4.489796 4.436762 4.434122 0.000000 3.632027 4.509434 4.462712 4.483761 4.461929 4.432660 4.415825
5 4.464286 4.411467 4.400338 3.669506 0.000000 4.441226 4.440678 4.453152 4.431472 4.404040 4.382155
6 4.510204 4.310287 4.373311 4.538593 4.471891 0.000000 4.262712 4.388034 4.375635 4.313131 4.208754
7 4.466102 4.360877 4.324324 4.438983 4.438983 4.271186 0.000000 4.306780 4.362098 4.350168 4.212121
8 4.476191 4.344014 4.393581 4.488889 4.475298 4.307693 4.330509 0.000000 4.407784 3.707071 4.104377
9 4.453469 4.269814 4.250000 4.445008 4.443316 4.306261 4.360406 4.409475 0.000000 4.378788 4.301347
10 4.462963 4.390573 4.402357 4.478115 4.461279 4.324916 4.361953 3.747475 4.405724 0.000000 4.235690
11 4.388889 4.329967 4.252525 4.388889 4.388889 4.207071 4.175084 4.047138 4.360270 4.151515 0.000000
