11
1 0.000000 0.458886 0.458886 0.461538 0.444444 0.450928 0.466844 0.465608 0.466844 0.443272 0.462963
2 0.456233 0.000000 0.445623 0.469496 0.460317 0.453581 0.472149 0.455026 0.450928 0.453826 0.470899
3 0.456233 0.448276 0.000000 0.472149 0.455026 0.458886 0.477454 0.470899 0.456233 0.467018 0.478836
4 0.461538 0.472149 0.472149 0.000000 0.476190 0.450928 0.485411 0.478836 0.453581 0.464380 0.457672
5 0.444444 0.462963 0.457672 0.476190 0.000000 0.470899 0.428571 0.447090 0.476190 0.464380 0.478836
6 0.450928 0.456233 0.458886 0.450928 0.468254 0.000000 0.485411 0.468254 0.456233 0.440633 0.423280
7 0.466844 0.474801 0.477454 0.488064 0.425926 0.488064 0.000000 0.436508 0.482759 0.480211 0.470899
8 0.465608 0.457672 0.470899 0.478836 0.444444 0.468254 0.436508 0.000000 0.462963 0.464380 0.465608
9 0.466844 0.453581 0.458886 0.456233 0.476190 0.458886 0.482759 0.462963 0.000000 0.461741 0.470899
10 0.443272 0.456464 0.467018 0.464380 0.461741 0.443272 0.477573 0.461741 0.459103 0.000000 0.456464
11 0.462963 0.473545 0.478836 0.457672 0.478836 0.425926 0.470899 0.465608 0.470899 0.459103 0.000000
