11
1 0.000000 125.248741 125.010025 125.271355 125.283920 125.115578 125.163315 125.175880 125.198494 124.635002 124.452499
2 125.276382 0.000000 123.849625 125.135681 125.140701 124.522614 124.638191 124.854271 124.128143 124.347504 124.042503
3 125.035088 123.832077 0.000000 124.932327 124.947365 124.358398 124.378448 124.531326 123.446114 124.442497 124.144997
4 125.163315 125.007538 124.796989 0.000000 120.037689 124.871857 124.927139 125.012566 125.097992 124.485001 124.290001
5 125.233665 125.077888 124.834587 120.035179 0.000000 124.929649 125.007538 124.957283 125.095474 124.442497 124.402496
6 125.057793 124.464821 124.280701 124.947235 124.942207 0.000000 123.902008 124.261307 124.577888 124.125000 123.247498
7 125.193466 124.670853 124.390976 125.037689 125.082916 123.947235 0.000000 124.067841 124.751259 123.882500 122.955002
8 125.185928 124.796486 124.473686 125.118088 125.047737 124.314072 124.090454 0.000000 124.806534 121.077499 122.657501
9 125.316582 124.201004 123.491226 125.293968 125.251259 124.701004 124.804024 124.907036 0.000000 124.502502 124.224998
10 124.650002 124.375000 124.477501 124.595001 124.544998 124.207497 123.940002 121.117500 124.419998 0.000000 123.410004
11 124.462502 124.014999 124.077499 124.407501 124.445000 123.275002 122.942497 122.637497 124.117500 123.364998 0.000000
