11
1 0.000000 0.608040 0.591479 0.555276 0.572864 0.580402 0.597990 0.597990 0.580402 0.577500 0.597500
2 0.610553 0.000000 0.561404 0.572864 0.577889 0.532663 0.582915 0.510050 0.562814 0.592500 0.582500
3 0.586466 0.561404 0.000000 0.566416 0.566416 0.563910 0.533835 0.538847 0.476190 0.572500 0.577500
4 0.555276 0.572864 0.561404 0.000000 0.552764 0.537688 0.537688 0.565327 0.562814 0.542500 0.540000
5 0.575377 0.577889 0.563910 0.557789 0.000000 0.567839 0.532663 0.565327 0.567839 0.500000 0.567500
6 0.577889 0.527638 0.558897 0.537688 0.567839 0.000000 0.542714 0.497487 0.530151 0.567500 0.582500
7 0.592965 0.585427 0.533835 0.540201 0.530151 0.545226 0.000000 0.545226 0.547739 0.545000 0.545000
8 0.597990 0.512563 0.541353 0.570352 0.570352 0.505025 0.547739 0.000000 0.527638 0.580000 0.575000
9 0.580402 0.562814 0.478697 0.562814 0.572864 0.537688 0.545226 0.527638 0.000000 0.570000 0.575000
10 0.580000 0.595000 0.572500 0.547500 0.500000 0.567500 0.542500 0.572500 0.567500 0.000000 0.585000
11 0.597500 0.585000 0.577500 0.542500 0.572500 0.582500 0.547500 0.575000 0.582500 0.592500 0.000000
