11
1 0.000000 24.597990 24.536341 24.605528 24.587940 24.587940 24.580402 24.600502 24.585426 24.510000 24.427500
2 24.587940 0.000000 24.195488 24.550251 24.510050 24.346733 24.291458 24.429647 24.354271 24.325001 24.287500
3 24.536341 24.205513 0.000000 24.521303 24.486216 24.333334 24.290728 24.353384 24.215538 24.347500 24.344999
4 24.613066 24.550251 24.526316 0.000000 23.552763 24.520100 24.507538 24.540201 24.572865 24.424999 24.395000
5 24.603016 24.525126 24.501253 23.567839 0.000000 24.474874 24.482412 24.530151 24.535175 24.424999 24.405001
6 24.608040 24.364321 24.358397 24.537689 24.492462 0.000000 24.153267 24.263819 24.412060 24.325001 24.049999
7 24.590452 24.301508 24.263159 24.502512 24.479900 24.143215 0.000000 24.180904 24.487436 24.227501 23.982500
8 24.592964 24.437185 24.355890 24.537689 24.515076 24.261307 24.190954 0.000000 24.457287 23.532499 24.040001
9 24.575377 24.361809 24.192982 24.555277 24.537689 24.404522 24.472363 24.459799 0.000000 24.370001 24.365000
10 24.502501 24.320000 24.352501 24.434999 24.424999 24.309999 24.219999 23.537500 24.372499 0.000000 24.139999
11 24.447500 24.317499 24.352501 24.420000 24.427500 24.045000 23.980000 24.049999 24.367500 24.135000 0.000000
