11
1 0.000000 0.532884 0.530405 0.549320 0.535714 0.539116 0.532203 0.545918 0.529611 0.518519 0.528620
2 0.534570 0.000000 0.463744 0.537943 0.507589 0.536256 0.524452 0.541315 0.522766 0.521886 0.521886
3 0.537162 0.448567 0.000000 0.545608 0.498311 0.533784 0.528716 0.548986 0.533784 0.508417 0.506734
4 0.557823 0.544688 0.550676 0.000000 0.562181 0.555746 0.547458 0.560684 0.377327 0.540404 0.545455
5 0.545918 0.516020 0.515203 0.557070 0.000000 0.540034 0.544068 0.546848 0.544839 0.525253 0.513468
6 0.534014 0.532884 0.533784 0.535163 0.531516 0.000000 0.532203 0.538462 0.531303 0.528620 0.526936
7 0.528814 0.524452 0.521959 0.530508 0.530508 0.537288 0.000000 0.447458 0.519459 0.515152 0.518519
8 0.559524 0.551433 0.545608 0.555556 0.546848 0.552137 0.459322 0.000000 0.541455 0.542088 0.558923
9 0.524535 0.510961 0.516892 0.348562 0.519459 0.529611 0.505922 0.532995 0.000000 0.503367 0.518519
10 0.513468 0.515152 0.506734 0.520202 0.523569 0.525253 0.513468 0.531987 0.503367 0.000000 0.515152
11 0.530303 0.525253 0.508417 0.547138 0.513468 0.533670 0.526936 0.543771 0.525253 0.525253 0.000000
