11
1 0.000000 24.114058 23.989389 23.596817 23.756615 23.832891 24.074270 23.917990 23.660477 23.791557 23.521164
2 24.127321 0.000000 17.217506 18.615385 19.489418 17.888594 17.885942 17.791006 19.151194 16.591028 18.542328
3 24.000000 17.220160 0.000000 17.729443 18.724867 16.933687 16.938992 16.740740 18.334217 15.437995 17.640211
4 23.618036 18.620689 17.732096 0.000000 16.158730 16.923077 18.185677 18.111111 15.236074 17.366755 13.230159
5 23.761906 19.489418 18.724867 16.156084 0.000000 18.068783 19.145502 19.108465 15.071428 18.408972 16.166666
6 23.851460 17.891247 16.936340 16.920424 18.068783 0.000000 17.392572 17.433863 17.554377 16.385223 16.843916
7 24.090185 17.888594 16.938992 18.180372 19.145502 17.389921 0.000000 16.693121 18.740053 16.704485 18.116402
8 23.939154 17.798943 16.746031 18.113756 19.111111 17.439154 16.695766 0.000000 18.711639 16.567282 18.082010
9 23.681698 19.156498 18.339523 15.238727 15.076719 17.559681 18.745358 18.711639 0.000000 18.000000 15.208995
10 23.815304 16.593668 15.440633 17.366755 18.411610 16.387863 16.707125 16.562006 17.997362 0.000000 17.321899
11 23.542328 18.547619 17.642857 13.232804 16.171957 16.846561 18.121693 18.079365 15.208995 17.324539 0.000000
