11
1 0.000000 71.376053 73.037163 72.775513 73.120750 73.000000 73.516953 72.454079 72.519455 71.720535 70.868690
2 71.664421 0.000000 68.632378 68.404724 68.467117 68.495781 69.652611 55.241146 67.623947 59.513470 66.696968
3 73.300674 68.328835 0.000000 69.988174 70.285477 70.390205 71.459457 68.883446 64.099663 68.703705 68.552185
4 72.753403 68.370995 70.069260 0.000000 54.425896 57.066895 68.071190 69.611969 69.345177 68.444443 64.501686
5 73.066330 68.242836 70.087837 54.417377 0.000000 56.597958 68.042374 69.245316 69.570221 68.441078 64.466331
6 73.438774 68.406410 70.770271 56.962265 56.645657 0.000000 68.133896 69.606834 69.776649 68.757576 64.659935
7 73.749153 69.542999 71.599663 67.774574 68.320335 68.076271 0.000000 69.957626 70.697121 69.469696 64.843437
8 72.875847 55.185497 68.969597 69.769234 69.691650 69.682053 70.232201 0.000000 68.087990 59.883839 67.193604
9 72.927238 67.671165 64.268578 69.539764 69.698814 69.627747 70.734352 68.571915 0.000000 67.601013 68.030304
10 71.796295 59.484848 68.575760 68.190239 68.469696 68.446129 69.828285 60.011784 67.400673 0.000000 66.907410
11 71.365318 66.685188 68.651512 64.552185 64.853539 64.639732 65.038719 67.367004 67.984848 67.205391 0.000000
