11
1 0.000000 0.638191 0.636591 0.635678 0.633166 0.633166 0.638191 0.635678 0.638191 0.635000 0.630000
2 0.635678 0.000000 0.596491 0.635678 0.630653 0.628141 0.635678 0.633166 0.628141 0.635000 0.612500
3 0.634085 0.601504 0.000000 0.634085 0.624060 0.619048 0.636591 0.631579 0.621554 0.630000 0.595000
4 0.635678 0.635678 0.636591 0.000000 0.630653 0.635678 0.633166 0.628141 0.633166 0.640000 0.632500
5 0.628141 0.630653 0.619048 0.633166 0.000000 0.628141 0.635678 0.610553 0.635678 0.635000 0.622500
6 0.638191 0.630653 0.621554 0.638191 0.630653 0.000000 0.633166 0.638191 0.618090 0.630000 0.632500
7 0.640703 0.638191 0.636591 0.635678 0.633166 0.630653 0.000000 0.635678 0.635678 0.627500 0.637500
8 0.635678 0.635678 0.629073 0.630653 0.608040 0.633166 0.635678 0.000000 0.635678 0.637500 0.635000
9 0.640703 0.630653 0.624060 0.638191 0.638191 0.618090 0.638191 0.638191 0.000000 0.632500 0.632500
10 0.637500 0.637500 0.630000 0.640000 0.637500 0.630000 0.627500 0.640000 0.632500 0.000000 0.630000
11 0.635000 0.615000 0.595000 0.637500 0.630000 0.637500 0.640000 0.640000 0.637500 0.635000 0.000000
