11
1 0.000000 4.334171 4.308270 4.278894 4.484925 4.180904 4.321608 4.346734 4.261307 4.187500 4.485000
2 4.336683 0.000000 4.080201 4.195980 3.977387 4.128141 4.092965 3.793970 4.180904 4.112500 3.945000
3 4.300752 4.082707 0.000000 4.203008 4.170426 4.122807 3.140351 4.120301 4.170426 4.085000 4.087500
4 4.283920 4.190955 4.203008 0.000000 4.334171 3.678392 4.228643 4.241206 3.396985 3.325000 4.285000
5 4.489950 3.977387 4.170426 4.334171 0.000000 4.228643 4.206030 3.974874 4.226130 4.212500 3.227500
6 4.185930 4.128141 4.117795 3.680905 4.231156 0.000000 4.097990 4.108040 3.597990 3.485000 4.190000
7 4.324121 4.100502 3.142857 4.236181 4.211055 4.097990 0.000000 4.133166 4.216080 4.090000 4.102500
8 4.349246 3.793970 4.117795 4.241206 3.974874 4.108040 4.125628 0.000000 4.170854 4.110000 3.950000
9 4.266332 4.183417 4.167920 3.399498 4.228643 3.600502 4.213568 4.173367 0.000000 3.257500 4.215000
10 4.190000 4.112500 4.082500 3.325000 4.210000 3.485000 4.085000 4.112500 3.255000 0.000000 4.180000
11 4.490000 3.947500 4.095000 4.290000 3.230000 4.192500 4.100000 3.955000 4.217500 4.187500 0.000000
