11
1 0.000000 0.638191 0.629073 0.633166 0.635678 0.633166 0.635678 0.633166 0.630653 0.635000 0.627500
2 0.638191 0.000000 0.604010 0.613065 0.587940 0.567839 0.585427 0.510050 0.517588 0.582500 0.607500
3 0.629073 0.604010 0.000000 0.614035 0.619048 0.593985 0.588972 0.604010 0.606516 0.607500 0.612500
4 0.633166 0.615578 0.614035 0.000000 0.608040 0.608040 0.620603 0.605528 0.613065 0.612500 0.590000
5 0.630653 0.590452 0.611529 0.608040 0.000000 0.600502 0.592965 0.585427 0.572864 0.620000 0.612500
6 0.635678 0.570352 0.593985 0.605528 0.600502 0.000000 0.587940 0.575377 0.582915 0.497500 0.600000
7 0.633166 0.582915 0.578947 0.618090 0.592965 0.580402 0.000000 0.587940 0.575377 0.600000 0.617500
8 0.630653 0.510050 0.598997 0.605528 0.580402 0.570352 0.590452 0.000000 0.489950 0.585000 0.605000
9 0.633166 0.522613 0.606516 0.613065 0.577889 0.580402 0.577889 0.489950 0.000000 0.590000 0.612500
10 0.635000 0.585000 0.607500 0.610000 0.620000 0.495000 0.600000 0.582500 0.587500 0.000000 0.610000
11 0.632500 0.607500 0.612500 0.590000 0.612500 0.600000 0.622500 0.607500 0.612500 0.610000 0.000000
