11
1 0.000000 0.608040 0.611529 0.610553 0.608040 0.608040 0.613065 0.610553 0.605528 0.607500 0.602500
2 0.608040 0.000000 0.583960 0.592965 0.572864 0.603015 0.577889 0.590452 0.424623 0.590000 0.595000
3 0.609023 0.578947 0.000000 0.591479 0.591479 0.588972 0.583960 0.583960 0.583960 0.502500 0.597500
4 0.615578 0.595477 0.598997 0.000000 0.597990 0.597990 0.595477 0.590452 0.595477 0.600000 0.595000
5 0.608040 0.572864 0.593985 0.597990 0.000000 0.595477 0.575377 0.582915 0.585427 0.595000 0.602500
6 0.608040 0.595477 0.591479 0.595477 0.592965 0.000000 0.592965 0.597990 0.595477 0.585000 0.582500
7 0.613065 0.570352 0.586466 0.590452 0.572864 0.595477 0.000000 0.592965 0.572864 0.585000 0.590000
8 0.613065 0.590452 0.583960 0.592965 0.582915 0.600502 0.597990 0.000000 0.597990 0.577500 0.602500
9 0.608040 0.427136 0.588972 0.595477 0.590452 0.600502 0.572864 0.597990 0.000000 0.595000 0.600000
10 0.610000 0.592500 0.507500 0.597500 0.600000 0.590000 0.590000 0.580000 0.595000 0.000000 0.592500
11 0.605000 0.595000 0.595000 0.587500 0.600000 0.587500 0.590000 0.602500 0.597500 0.590000 0.000000
