11
1 0.000000 0.419598 0.436090 0.394472 0.396985 0.424623 0.412060 0.386935 0.424623 0.460000 0.445000
2 0.417085 0.000000 0.210526 0.160804 0.296482 0.155779 0.160804 0.319095 0.208543 0.330000 0.265000
3 0.431078 0.213033 0.000000 0.220551 0.318296 0.197995 0.248120 0.328321 0.270677 0.340000 0.290000
4 0.389447 0.158291 0.218045 0.000000 0.283920 0.183417 0.185930 0.306533 0.228643 0.322500 0.275000
5 0.396985 0.298995 0.318296 0.288945 0.000000 0.304020 0.316583 0.178392 0.331658 0.397500 0.370000
6 0.424623 0.160804 0.200501 0.188442 0.306533 0.000000 0.180905 0.309045 0.253769 0.342500 0.252500
7 0.412060 0.163317 0.250627 0.188442 0.316583 0.178392 0.000000 0.329146 0.233668 0.347500 0.280000
8 0.386935 0.319095 0.328321 0.309045 0.178392 0.306533 0.329146 0.000000 0.351759 0.397500 0.382500
9 0.422111 0.208543 0.268170 0.228643 0.331658 0.248744 0.231156 0.349246 0.000000 0.390000 0.342500
10 0.462500 0.332500 0.342500 0.325000 0.397500 0.337500 0.347500 0.397500 0.392500 0.000000 0.377500
11 0.445000 0.267500 0.290000 0.277500 0.370000 0.252500 0.280000 0.385000 0.345000 0.375000 0.000000
