11
1 0.000000 241.106094 242.233429 246.816971 241.156082 251.310349 239.368698 250.835983 246.931030 249.197891 250.777771
2 241.100800 0.000000 225.485413 239.201599 231.193115 240.310349 212.175064 240.891541 239.981430 238.213715 245.050262
3 242.193634 225.464188 0.000000 240.877991 233.304230 242.856766 222.612732 242.976196 241.411148 240.593674 246.134918
4 246.803711 239.161804 240.880630 0.000000 231.944443 250.209549 237.328918 249.928574 192.915115 248.427444 244.846558
5 241.119049 231.177246 233.306885 231.955032 0.000000 245.751328 228.587296 246.338623 232.537033 244.427444 241.412704
6 251.286469 240.286469 242.883286 250.222809 245.775131 0.000000 239.206894 228.309525 250.403183 224.039581 252.719574
7 239.344833 212.156494 222.625992 237.336868 228.605820 239.204239 0.000000 239.037033 237.835541 236.691299 243.566132
8 250.825394 240.873016 242.968246 249.955032 246.317459 228.320099 239.042328 0.000000 250.121689 204.073883 253.044968
9 246.917770 239.941650 241.395218 192.899200 232.539688 250.395218 237.816971 250.100525 0.000000 248.585754 245.272491
10 249.163589 238.163589 240.588394 248.411606 244.416885 224.013199 236.649078 204.058044 248.562012 0.000000 251.672821
11 250.761902 245.029099 246.129623 244.859787 241.420639 252.722229 243.558197 253.052917 245.306885 251.683380 0.000000
