11
1 0.000000 0.458685 0.454392 0.476190 0.465986 0.465986 0.444068 0.494898 0.448393 0.461279 0.459596
2 0.450253 0.000000 0.403035 0.440135 0.411467 0.404722 0.409781 0.436762 0.409781 0.414141 0.434343
3 0.442568 0.397976 0.000000 0.435811 0.380068 0.368243 0.363176 0.418919 0.363176 0.336700 0.372054
4 0.472789 0.436762 0.430743 0.000000 0.410562 0.442539 0.442373 0.470085 0.445008 0.446128 0.442761
5 0.450680 0.418212 0.393581 0.425894 0.000000 0.386712 0.396610 0.448041 0.416244 0.404040 0.415825
6 0.472789 0.413153 0.378378 0.457976 0.388416 0.000000 0.396610 0.423932 0.399323 0.410774 0.424242
7 0.449153 0.411467 0.364865 0.438983 0.377966 0.381356 0.000000 0.435593 0.204738 0.370370 0.382155
8 0.479592 0.436762 0.429054 0.476923 0.436116 0.406838 0.445763 0.000000 0.441624 0.447811 0.457912
9 0.438240 0.397976 0.359797 0.445008 0.385787 0.379019 0.201354 0.421320 0.000000 0.361953 0.375421
10 0.462963 0.410774 0.343434 0.442761 0.400673 0.407407 0.370370 0.447811 0.373737 0.000000 0.319865
11 0.447811 0.427609 0.370370 0.441077 0.407407 0.400673 0.378788 0.444444 0.375421 0.308081 0.000000
