11
1 0.000000 131.045090 131.684357 131.549072 131.285721 131.663132 131.724136 131.306885 131.514587 130.857513 131.005295
2 131.029175 0.000000 129.628647 129.580902 129.351852 129.798401 129.819626 129.177246 128.952255 128.955139 127.727516
3 131.705566 129.633957 0.000000 128.480103 104.759262 131.111404 131.095490 115.605820 130.538467 123.881264 129.809525
4 131.575592 129.602127 128.498672 0.000000 128.314819 130.981430 130.912460 128.306885 130.625992 127.968338 129.873016
5 131.293655 129.343918 104.753967 128.291000 0.000000 130.822754 130.772491 116.277779 130.304230 123.860161 129.873016
6 131.660477 129.814331 131.111404 130.973480 130.841263 0.000000 115.328911 130.637573 130.721481 130.282318 129.825394
7 131.726791 129.835541 131.076920 130.901855 130.777771 115.334221 0.000000 130.640213 130.885941 130.372025 129.814819
8 131.304230 129.169312 115.608467 128.298935 116.277779 130.656082 130.642853 0.000000 130.187836 123.664909 129.695770
9 131.519897 128.946945 130.541107 130.610077 130.317459 130.716187 130.891251 130.177246 0.000000 129.870712 129.399475
10 130.870712 128.963058 123.865433 127.944588 123.854881 130.277039 130.377304 123.638519 129.860153 0.000000 129.298157
11 131.010590 127.730156 129.812164 129.865082 129.894180 129.825394 129.806885 129.701065 129.386246 129.295517 0.000000
