11
1 0.000000 249.570358 249.604004 250.489944 250.469849 250.020096 250.522614 250.371857 250.188446 249.342499 248.917496
2 249.597992 0.000000 248.150375 249.630646 249.351761 247.060303 249.535172 248.482407 245.967331 248.442505 247.600006
3 249.609024 248.095245 0.000000 248.157898 247.736847 248.027573 248.177948 246.578949 249.002502 248.860001 246.022507
4 250.653259 249.723618 248.398499 0.000000 242.834167 249.497482 237.932159 246.798996 250.339203 249.324997 245.729996
5 250.690948 249.474869 247.907272 242.854279 0.000000 249.306534 241.577896 246.103012 250.070358 249.282501 244.714996
6 249.909546 246.944717 247.957397 249.281403 249.108047 0.000000 249.349243 248.474869 249.017593 246.807495 247.455002
7 250.500000 249.429642 248.182953 237.758789 241.381912 249.359299 0.000000 246.170853 250.037689 249.154999 245.802505
8 250.386932 248.500000 246.598999 246.693466 245.962311 248.560303 246.251251 0.000000 249.695984 248.902496 242.035004
9 249.974869 245.708542 248.832077 249.969849 249.695984 248.881912 249.914566 249.457291 0.000000 248.867493 248.327499
10 249.274994 248.302505 248.779999 249.012497 249.035004 246.727493 249.132507 248.729996 248.937500 0.000000 248.789993
11 248.979996 247.552505 246.117493 245.550003 244.567505 247.597504 245.914993 242.050003 248.585007 248.955002 0.000000
