11
1 0.000000 57.768970 57.907093 58.168365 58.270409 58.353741 57.871185 58.214287 58.076141 57.818180 57.949493
2 57.782463 0.000000 52.261383 54.138279 54.256325 54.428329 49.723438 52.114670 54.185497 56.058922 52.567341
3 57.847973 52.209106 0.000000 54.155407 54.334461 54.423988 52.150337 51.273647 54.271961 56.047138 51.840069
4 58.188774 54.121418 54.207771 0.000000 54.923340 53.185249 54.303391 54.786324 54.130287 56.127945 54.356903
5 58.278912 54.219223 54.364864 54.904598 0.000000 55.139694 54.318645 54.749573 54.730965 56.084175 54.461281
6 58.280613 54.284992 54.405407 53.068611 55.102215 0.000000 54.425423 54.988033 54.358715 56.153198 54.471382
7 57.964405 49.790894 52.287163 54.391525 54.459324 54.596611 0.000000 52.405087 54.331642 55.991581 52.486530
8 58.168365 52.008430 51.221283 54.666668 54.642250 54.960682 52.227119 0.000000 54.267342 55.920876 51.813129
9 58.033840 54.173695 54.275337 54.101524 54.705585 54.367176 54.184433 54.304569 0.000000 56.084175 54.397305
10 57.715488 55.951180 56.050507 56.006733 56.052189 56.198654 55.887207 56.011784 56.077442 0.000000 56.264309
11 57.978115 52.567341 51.900673 54.377106 54.474747 54.543770 52.436028 51.898991 54.449493 56.324917 0.000000
