11
1 0.000000 3.386935 3.345865 3.402010 3.402010 3.409548 3.376884 3.351759 3.464824 3.335000 3.345000
2 3.389447 0.000000 2.756892 2.816583 2.806533 2.871859 2.753769 2.826633 2.836684 2.775000 2.760000
3 3.348371 2.756892 0.000000 2.764411 2.756892 2.784461 2.704261 2.734336 2.804511 2.687500 2.675000
4 3.404523 2.816583 2.764411 0.000000 2.834171 2.811558 2.781407 2.791457 2.864322 2.740000 2.767500
5 3.396985 2.809045 2.756892 2.836684 0.000000 2.871859 2.733668 2.821608 2.856784 2.775000 2.760000
6 3.412060 2.871859 2.784461 2.811558 2.869347 0.000000 2.816583 2.791457 2.917085 2.760000 2.787500
7 3.379397 2.753769 2.701754 2.781407 2.733668 2.816583 0.000000 2.771357 2.801507 2.720000 2.707500
8 3.354271 2.826633 2.734336 2.791457 2.821608 2.791457 2.771357 0.000000 2.869347 2.730000 2.737500
9 3.467337 2.834171 2.804511 2.861809 2.854271 2.917085 2.801507 2.869347 0.000000 2.820000 2.807500
10 3.337500 2.775000 2.687500 2.740000 2.775000 2.760000 2.720000 2.730000 2.822500 0.000000 2.692500
11 3.350000 2.762500 2.675000 2.770000 2.762500 2.790000 2.707500 2.737500 2.810000 2.692500 0.000000
