11
1 0.000000 23.994696 24.363396 23.984085 24.153439 23.944298 24.392572 23.769842 23.957560 23.928761 24.031746
2 24.007957 0.000000 24.135279 22.758621 23.658730 22.896551 24.201591 21.280424 21.254642 21.849604 21.727512
3 24.358089 24.140583 0.000000 24.061008 23.634920 24.098143 24.490717 23.984127 24.071617 24.050133 24.158730
4 24.002653 22.742706 24.053051 0.000000 23.629629 20.286472 24.068966 22.703703 22.766579 23.158312 22.955027
5 24.156084 23.674603 23.629629 23.661375 0.000000 23.788361 24.267197 23.568783 23.719576 23.746702 23.835979
6 23.965517 22.901857 24.087534 20.273209 23.783070 0.000000 24.161804 22.693121 22.819628 23.105541 23.015873
7 24.381964 24.204245 24.480106 24.082228 24.267197 24.164455 0.000000 23.941799 23.976128 24.153034 24.071428
8 23.777779 21.280424 23.957672 22.703703 23.558201 22.693121 23.928572 0.000000 18.267197 20.978891 20.764551
9 23.960213 21.257294 24.071617 22.766579 23.716930 22.824934 23.957560 18.259260 0.000000 21.277044 20.828043
10 23.947229 21.849604 24.047493 23.160950 23.733509 23.105541 24.160950 20.968338 21.266491 0.000000 20.709763
11 24.034391 21.722221 24.150793 22.944445 23.822752 23.002645 24.052910 20.753969 20.828043 20.707125 0.000000
