11
1 0.000000 11.866835 11.877193 11.866835 11.881909 11.899497 11.879397 11.856784 11.874372 11.842500 11.837500
2 11.844221 0.000000 11.533834 11.266332 11.572865 11.600503 11.427135 9.650754 11.547739 11.577500 11.572500
3 11.867167 11.543859 0.000000 11.581453 11.145364 11.230577 11.578947 11.551378 11.205514 11.215000 11.182500
4 11.864322 11.278894 11.586466 0.000000 11.587939 11.678392 11.427135 11.319096 11.605528 11.607500 11.605000
5 11.876884 11.597990 11.150376 11.585427 0.000000 11.334171 11.597990 11.605528 10.733668 11.247500 11.222500
6 11.886934 11.613066 11.225564 11.663317 11.321608 0.000000 11.628140 11.628140 11.243718 11.187500 10.797500
7 11.876884 11.454774 11.588972 11.424623 11.600503 11.630653 0.000000 11.474874 11.595477 11.565000 11.592500
8 11.844221 9.658292 11.561403 11.304020 11.587939 11.623116 11.482412 0.000000 11.610553 11.565000 11.552500
9 11.864322 11.560302 11.190476 11.575377 10.738693 11.241206 11.585427 11.605528 0.000000 11.205000 11.217500
10 11.840000 11.595000 11.195000 11.585000 11.235000 11.177500 11.570000 11.562500 11.210000 0.000000 11.120000
11 11.820000 11.582500 11.162500 11.572500 11.222500 10.802500 11.565000 11.557500 11.212500 11.115000 0.000000
