11
1 0.000000 137.718384 137.750000 135.284012 138.658157 140.146255 139.886444 136.071426 137.670044 136.321548 135.582489
2 138.000000 0.000000 128.642502 125.306915 126.902191 133.888702 134.128159 124.807755 111.499153 127.663300 127.792931
3 137.334457 128.387863 0.000000 124.841217 127.983109 133.538849 134.261826 125.454391 127.459457 126.991585 126.658249
4 135.418365 125.854973 124.976349 0.000000 126.844971 132.325897 131.208481 124.348717 124.844330 115.069023 114.925926
5 138.277206 126.794266 127.961151 126.752983 0.000000 135.078369 135.064407 125.533218 126.521149 127.414139 127.368690
6 140.605438 134.286682 134.096283 132.492279 135.824524 0.000000 112.022034 133.090591 133.925552 132.107742 131.883835
7 139.966095 134.512650 134.055740 130.977966 134.789825 111.923729 0.000000 132.369492 133.862946 132.313126 132.101013
8 136.840134 125.026985 125.694260 124.030769 125.717209 133.135040 132.116943 0.000000 124.465317 124.821548 124.190239
9 137.869705 111.527824 127.672295 124.928932 126.793571 133.874786 134.022003 124.199661 0.000000 126.924240 126.885521
10 135.225586 127.193604 126.533669 114.537041 126.772728 131.306396 131.968018 123.882156 126.087540 0.000000 117.550507
11 136.176773 128.102692 127.109428 114.994949 127.782829 132.121216 132.282822 124.656563 126.984848 118.259262 0.000000
