11
1 0.000000 126.607430 126.389923 124.984085 125.791008 126.748009 126.501328 125.031746 126.480103 125.440636 125.560844
2 126.588860 0.000000 122.419098 120.700264 120.396828 125.641907 125.525200 119.584656 103.978783 121.886543 122.227516
3 126.379311 122.397881 0.000000 119.238724 121.066139 125.156502 124.941643 119.343918 121.758621 120.939316 121.177246
4 125.000000 120.697609 119.251991 0.000000 119.465607 123.005302 122.875328 116.100533 119.702919 109.730873 109.571426
5 125.777779 120.396828 121.089951 119.465607 0.000000 124.960320 124.724869 118.809525 120.330688 120.839050 121.476189
6 126.740051 125.655174 125.159149 123.013260 124.949738 0.000000 102.002655 123.341270 125.291779 124.197891 124.285713
7 126.501328 125.543770 124.962868 122.891243 124.722221 102.015915 0.000000 122.962959 125.180374 123.664909 124.164024
8 125.031746 119.589951 119.357140 116.095238 118.822754 123.365082 122.962959 0.000000 118.854500 118.707123 118.431213
9 126.482758 103.981430 121.766579 119.684349 120.341270 125.312996 125.159149 118.841270 0.000000 121.092346 121.529099
10 125.435356 121.891823 120.968338 109.738785 120.841690 124.200531 123.678101 118.725594 121.073875 0.000000 114.071243
11 125.542328 122.227516 121.187828 109.550262 121.486771 124.288361 124.174606 118.441795 121.531746 114.076515 0.000000
