11
1 0.000000 247.931030 251.244034 253.156494 248.378311 251.525192 251.835541 252.941803 249.506638 253.208450 250.605820
2 247.931030 0.000000 241.907166 244.488068 236.079361 242.761276 243.583557 244.571426 225.206894 247.775726 242.322754
3 251.228119 241.885941 0.000000 248.846161 243.500000 220.392578 247.904510 249.328049 244.973480 250.625336 239.835983
4 253.148544 244.472153 248.843506 0.000000 237.156082 249.575592 250.461533 249.560852 246.846161 252.379944 248.682541
5 248.380951 236.089951 243.534393 237.166672 0.000000 243.928574 245.174606 244.624344 239.732803 249.142487 243.709000
6 251.514587 242.766571 220.400528 249.535812 243.920639 0.000000 248.888596 249.817459 245.997345 250.947235 240.973541
7 251.838196 243.580902 247.933685 250.442978 245.193115 248.915115 0.000000 250.248672 246.135284 244.108185 247.873016
8 252.933868 244.582016 249.330688 249.574081 244.626984 249.804230 250.259262 0.000000 246.724869 253.065964 249.851852
9 249.485413 225.204239 244.986740 246.835541 239.735443 245.997345 246.119370 246.751328 0.000000 249.203171 244.653442
10 253.232193 247.765167 250.654358 252.398422 249.160950 250.957779 244.105545 253.076523 249.205811 0.000000 251.213715
11 250.605820 242.338623 239.851852 248.690475 243.724869 240.992065 247.873016 249.867722 244.648148 251.205811 0.000000
