11
1 0.000000 4.441821 4.449324 4.479592 4.471088 4.482993 4.442373 4.471088 4.448392 4.414141 4.398990
2 4.438448 0.000000 4.102867 4.443508 4.435076 4.418212 4.333896 4.311973 4.114671 4.254209 4.429293
3 4.437500 4.177066 0.000000 4.396959 4.437500 4.310811 3.815878 4.135135 2.983108 3.629630 4.398990
4 4.481293 4.448566 4.405406 0.000000 4.344123 4.507719 4.462712 4.497436 4.433164 4.436027 4.203704
5 4.477891 4.445194 4.432433 4.335605 0.000000 4.495741 4.476271 4.494038 4.461929 4.444445 4.390573
6 4.494898 4.423272 4.283784 4.485420 4.499148 0.000000 4.364407 4.434188 4.255499 4.326599 4.414141
7 4.455932 4.335582 3.903716 4.437288 4.459322 4.398305 0.000000 4.327119 3.773266 3.363636 4.422559
8 4.481293 4.328836 4.152027 4.500854 4.490630 4.458120 4.337288 0.000000 4.079526 4.171717 4.459596
9 4.460237 4.200675 2.984797 4.404399 4.465313 4.341794 3.741117 4.096447 0.000000 3.370370 4.425926
10 4.442761 4.301347 3.658249 4.439394 4.446128 4.341751 3.340067 4.240741 3.405724 0.000000 4.430976
11 4.414141 4.425926 4.424242 4.195286 4.400673 4.420876 4.424242 4.429293 4.422559 4.430976 0.000000
