11
1 0.000000 25.575598 25.652519 25.602121 25.515873 25.594164 25.580902 25.481482 25.604774 25.464380 25.494709
2 25.559681 0.000000 24.952255 23.801062 24.743385 24.732096 24.137932 19.632275 24.761272 24.564644 24.748676
3 25.652519 24.965517 0.000000 24.928383 24.166666 24.031830 24.923077 24.761906 24.326260 23.762533 23.912699
4 25.602121 23.798409 24.909815 0.000000 24.764551 24.785147 24.087534 23.476191 24.814323 24.598944 24.809525
5 25.526455 24.748676 24.166666 24.772488 0.000000 23.960318 24.693121 24.650793 22.558201 23.625330 23.944445
6 25.588860 24.729443 24.026525 24.803713 23.955027 0.000000 24.748011 24.484127 24.140583 23.303431 22.947090
7 25.580902 24.137932 24.925730 24.095491 24.701057 24.769230 0.000000 23.915344 24.665783 24.559366 24.698412
8 25.476191 19.629629 24.759260 23.478836 24.645502 24.486773 23.915344 0.000000 24.587301 24.321899 24.574074
9 25.604774 24.769230 24.310345 24.824934 22.558201 24.129974 24.663130 24.600529 0.000000 23.812664 23.944445
10 25.461740 24.564644 23.775726 24.598944 23.620052 23.332455 24.559366 24.332455 23.807388 0.000000 23.461740
11 25.502645 24.753969 23.915344 24.820107 23.949736 22.968254 24.695766 24.571428 23.936508 23.464380 0.000000
