11
1 0.000000 5.366834 5.488722 5.505025 5.376884 5.454774 5.447236 5.484925 5.459799 5.515000 5.417500
2 5.371859 0.000000 5.245614 5.301507 5.050251 5.296483 5.304020 5.291457 4.914573 5.395000 5.185000
3 5.488722 5.235589 0.000000 5.365915 5.215539 4.827068 5.330827 5.406015 5.308270 5.437500 5.167500
4 5.500000 5.309045 5.370927 0.000000 5.160804 5.369347 5.454774 5.447236 5.432161 5.485000 5.420000
5 5.384422 5.055276 5.215539 5.153266 0.000000 5.258794 5.304020 5.321608 5.263819 5.407500 5.250000
6 5.449749 5.293970 4.822055 5.356784 5.251256 0.000000 5.371859 5.391960 5.311558 5.432500 5.170000
7 5.459799 5.309045 5.333333 5.462312 5.296483 5.369347 0.000000 5.494975 5.386935 5.325000 5.357500
8 5.494975 5.296483 5.406015 5.447236 5.301507 5.386935 5.497488 0.000000 5.391960 5.475000 5.400000
9 5.454774 4.919598 5.308270 5.429648 5.258794 5.311558 5.381909 5.376884 0.000000 5.397500 5.290000
10 5.525000 5.415000 5.442500 5.487500 5.410000 5.430000 5.327500 5.485000 5.412500 0.000000 5.432500
11 5.432500 5.185000 5.175000 5.417500 5.252500 5.175000 5.367500 5.412500 5.292500 5.440000 0.000000
