11
1 0.000000 152.866776 146.363174 146.801025 150.445572 152.250000 152.554230 146.986389 146.201355 150.905731 150.299667
2 151.966278 0.000000 143.512650 143.607086 147.544693 139.607086 139.730179 142.991562 143.290054 148.297974 147.794617
3 145.410477 142.715012 0.000000 124.672295 138.388519 140.422302 141.104736 124.184120 116.866554 137.949493 136.587540
4 146.838440 143.706573 124.560814 0.000000 140.202728 143.584900 142.245758 118.611969 126.235191 138.468018 137.084167
5 149.928574 147.821243 138.423981 139.860306 0.000000 147.010223 145.674576 138.899490 139.846024 144.917511 143.247482
6 151.576538 139.424957 140.347977 143.024017 146.524704 0.000000 131.893219 141.839310 141.917084 146.636368 145.956223
7 152.440674 140.146713 141.138519 142.593216 146.491531 131.928818 0.000000 141.240677 142.585449 147.621216 146.622894
8 146.653061 142.593597 124.326012 118.899147 138.967636 142.442734 140.915253 0.000000 126.013535 137.762619 136.558929
9 147.184433 143.996628 117.008446 126.406090 139.881561 142.274109 142.719116 125.808800 0.000000 139.021881 137.380478
10 150.971375 148.575760 138.277771 138.804718 144.680130 146.796295 147.589218 138.000000 138.429291 0.000000 129.479797
11 148.765991 146.959595 135.814819 136.255890 142.681824 144.824921 144.850174 135.762619 136.579132 129.151520 0.000000
