11
1 0.000000 0.256324 0.258446 0.280612 0.243197 0.290816 0.257627 0.270408 0.260575 0.264310 0.254209
2 0.246206 0.000000 0.043845 0.197302 0.109612 0.219224 0.187184 0.146712 0.187184 0.195286 0.119529
3 0.246622 0.040472 0.000000 0.204392 0.123311 0.234797 0.201014 0.158784 0.187500 0.207071 0.129630
4 0.270408 0.200675 0.209459 0.000000 0.182283 0.248714 0.162712 0.211966 0.172589 0.230640 0.203704
5 0.231293 0.104553 0.121622 0.173765 0.000000 0.216354 0.177966 0.139693 0.179357 0.198653 0.124579
6 0.275510 0.219224 0.233108 0.253859 0.219762 0.000000 0.228814 0.252991 0.238579 0.193603 0.239057
7 0.247458 0.188870 0.202703 0.161017 0.183051 0.228814 0.000000 0.208475 0.131980 0.193603 0.196970
8 0.268707 0.156830 0.168919 0.220513 0.151618 0.258120 0.218644 0.000000 0.225042 0.235690 0.173401
9 0.252115 0.188870 0.197635 0.170897 0.184433 0.235195 0.130288 0.219966 0.000000 0.212121 0.196970
10 0.260943 0.205387 0.212121 0.228956 0.203704 0.198653 0.198653 0.239057 0.217172 0.000000 0.207071
11 0.249158 0.121212 0.134680 0.205387 0.131313 0.250842 0.202020 0.164983 0.200337 0.205387 0.000000
