11
1 0.000000 0.423272 0.454392 0.467687 0.423469 0.469388 0.445763 0.442177 0.453469 0.447811 0.456229
2 0.416526 0.000000 0.271501 0.281619 0.084317 0.296796 0.276560 0.264755 0.306914 0.281145 0.286195
3 0.452703 0.281619 0.000000 0.351351 0.300676 0.363176 0.346284 0.185811 0.368243 0.356902 0.373737
4 0.460884 0.286678 0.334459 0.000000 0.286201 0.351629 0.377966 0.323077 0.395939 0.356902 0.365320
5 0.418367 0.091062 0.297297 0.293015 0.000000 0.306644 0.291525 0.275980 0.338409 0.297980 0.304714
6 0.455782 0.296796 0.356419 0.355060 0.303237 0.000000 0.372881 0.353846 0.409475 0.351852 0.377104
7 0.422034 0.296796 0.341216 0.388136 0.305085 0.384746 0.000000 0.328814 0.275804 0.350168 0.356902
8 0.433673 0.271501 0.182432 0.336752 0.275980 0.348718 0.337288 0.000000 0.355330 0.356902 0.367003
9 0.441624 0.317032 0.363176 0.402707 0.333333 0.412860 0.270728 0.345178 0.000000 0.377104 0.367003
10 0.430976 0.289562 0.353535 0.365320 0.299663 0.365320 0.350168 0.353535 0.377104 0.000000 0.161616
11 0.449495 0.297980 0.368687 0.373737 0.316498 0.382155 0.351852 0.361953 0.372054 0.159933 0.000000
