11
1 0.000000 129.969650 132.427368 136.994904 132.329926 134.217682 134.467804 137.284012 132.287643 138.163300 133.013474
2 129.801010 0.000000 123.910622 126.625633 121.305229 124.664421 126.185501 127.607086 116.463745 130.415833 125.121216
3 132.146957 123.978081 0.000000 130.201019 125.023651 114.785477 129.016891 131.356415 126.089523 132.670029 123.848488
4 136.952377 126.996628 130.836151 0.000000 124.838158 133.276154 133.293213 134.082047 129.387482 136.528625 131.043777
5 132.389450 121.263069 125.567566 124.938675 0.000000 127.729134 128.366104 129.223175 124.296112 131.813126 126.516838
6 134.090134 124.922432 115.146957 133.783875 127.252129 0.000000 130.911865 133.979492 127.683586 133.813126 124.954544
7 134.679657 126.413155 129.177368 133.396606 128.625427 131.542374 0.000000 133.816956 128.622681 128.838379 130.225586
8 137.464279 128.168640 131.756760 134.388031 129.134583 133.647858 133.706787 0.000000 130.458542 137.148148 132.291245
9 132.384094 116.819565 126.694260 129.964462 124.213196 127.881554 128.940781 130.370560 0.000000 132.609421 127.395622
10 137.764313 130.648148 133.370377 136.634674 131.683502 133.425919 128.909088 136.956223 132.533676 0.000000 134.548828
11 133.090912 125.629631 124.493263 130.898987 126.452866 125.015152 130.028625 132.225586 127.272728 134.813126 0.000000
