11
1 0.000000 118.575378 117.453636 118.065323 118.140701 118.351761 118.278893 118.336685 118.439697 117.125000 117.687500
2 118.507538 0.000000 115.025063 116.690956 115.344223 117.030151 115.547737 116.467339 100.477386 114.669998 116.337502
3 117.375938 114.997490 0.000000 115.496239 114.022560 115.370926 114.273186 114.521301 114.741852 102.105003 115.059998
4 117.944725 116.633163 115.476189 0.000000 116.258797 116.572861 116.311562 116.467339 116.635681 115.092499 115.889999
5 118.148239 115.454773 114.085213 116.376884 0.000000 116.507538 114.072861 115.826630 115.336685 113.754997 115.927498
6 118.346733 117.042717 115.388474 116.645729 116.427139 0.000000 116.449745 116.829147 116.937187 115.154999 114.834999
7 118.193466 115.525124 114.268173 116.374374 113.974876 116.404526 0.000000 116.057793 115.321609 113.852501 115.820000
8 118.349243 116.567841 114.598999 116.605530 115.859299 116.886932 116.158295 0.000000 116.522614 114.184998 116.112503
9 118.472359 100.517586 114.837090 116.741203 115.354271 116.977386 115.396988 116.467339 0.000000 114.355003 116.427498
10 117.114998 114.727501 102.122498 115.214996 113.737503 115.192497 113.879997 114.139999 114.347504 0.000000 115.202499
11 117.559998 116.272499 115.047501 115.860001 115.807503 114.769997 115.747498 115.957497 116.292503 115.107498 0.000000
