11
1 0.000000 24.565327 24.431078 24.597990 24.633165 24.630653 24.567839 24.582914 24.620604 24.510000 24.440001
2 24.565327 0.000000 21.746866 24.268845 24.497488 24.452261 24.437185 24.510050 24.467337 24.459999 24.200001
3 24.436090 21.716791 0.000000 24.285715 24.458647 24.373434 24.453634 24.451128 24.413534 24.450001 24.257500
4 24.587940 24.263819 24.283209 0.000000 24.437185 23.886934 24.427135 24.160805 24.195980 24.250000 23.822500
5 24.620604 24.500000 24.451128 24.444723 0.000000 24.520100 23.989950 24.572865 24.502512 24.424999 24.367500
6 24.628141 24.452261 24.385965 23.876884 24.502512 0.000000 24.497488 24.027637 24.404522 24.299999 24.187500
7 24.580402 24.427135 24.441103 24.429647 23.984924 24.502512 0.000000 24.484924 24.497488 24.412500 24.282499
8 24.585426 24.500000 24.461153 24.188442 24.575377 24.015076 24.494974 0.000000 24.386934 24.379999 24.227501
9 24.633165 24.457287 24.421053 24.188442 24.505026 24.396984 24.497488 24.399498 0.000000 24.150000 24.205000
10 24.527500 24.455000 24.442499 24.254999 24.420000 24.299999 24.415001 24.389999 24.150000 0.000000 24.330000
11 24.424999 24.200001 24.262501 23.817499 24.362499 24.174999 24.282499 24.215000 24.212500 24.337500 0.000000
