11
1 0.000000 236.904526 233.203003 221.605530 233.836685 219.281403 238.364319 235.351761 233.989944 240.714996 232.642502
2 236.886932 0.000000 227.431076 231.268845 227.650757 230.434677 240.497482 229.841705 228.412064 238.757507 237.467499
3 233.182953 227.476196 0.000000 226.543854 195.187973 225.348373 238.155396 207.686722 147.308273 231.244995 234.827499
4 221.688446 231.391953 226.573929 0.000000 226.824127 180.716080 233.638184 229.806534 227.371857 238.602493 214.737503
5 233.886932 227.726135 195.192978 226.806534 0.000000 225.457291 238.469849 203.728638 196.040207 230.664993 234.750000
6 219.278900 230.447235 225.330826 180.640701 225.396988 0.000000 232.555283 228.525131 225.989944 238.050003 216.714996
7 238.349243 240.572861 238.132828 233.613068 238.542709 232.592972 0.000000 239.472366 238.570358 243.012497 238.130005
8 235.351761 229.836685 207.659149 229.778900 203.741211 228.555283 239.381912 0.000000 208.771362 230.572495 236.252502
9 234.030151 228.494980 147.313278 227.359299 196.060303 226.030151 238.575378 208.753769 0.000000 231.392502 234.945007
10 240.710007 238.860001 231.262497 238.585007 230.710007 238.077499 243.047501 230.690002 231.417496 0.000000 242.050003
11 232.695007 237.460007 234.794998 214.707504 234.737503 216.702499 238.119995 236.289993 234.910004 242.027496 0.000000
