11
1 0.000000 24.530151 24.408522 24.444723 24.407036 24.391960 24.517588 24.452261 24.422110 24.392500 24.305000
2 24.537689 0.000000 24.363409 24.334171 24.356785 24.409548 23.525126 24.492462 24.409548 24.264999 24.262501
3 24.413534 24.353384 0.000000 23.949875 24.223057 24.348372 24.328321 24.398497 24.248119 23.877501 22.957500
4 24.454773 24.344221 23.964912 0.000000 24.213568 24.369347 24.371859 24.402010 24.271357 22.150000 23.782499
5 24.419598 24.346733 24.253134 24.216080 0.000000 24.336683 24.316584 24.417086 23.668343 24.137501 24.080000
6 24.381910 24.414574 24.350878 24.364321 24.336683 0.000000 24.407036 23.645729 24.326633 24.240000 24.225000
7 24.537689 23.540201 24.323309 24.381910 24.314070 24.399498 0.000000 24.454773 24.386934 24.285000 24.212500
8 24.462311 24.487436 24.388472 24.399498 24.399498 23.650753 24.459799 0.000000 24.417086 24.297501 24.287500
9 24.429647 24.396984 24.263159 24.261307 23.660805 24.319096 24.369347 24.414574 0.000000 24.167500 24.165001
10 24.389999 24.267500 23.879999 22.127501 24.120001 24.232500 24.282499 24.307501 24.174999 0.000000 23.682501
11 24.299999 24.262501 22.945000 23.767500 24.047501 24.222500 24.207500 24.290001 24.152500 23.684999 0.000000
