11
1 0.000000 0.175379 0.177365 0.192177 0.176871 0.197279 0.176271 0.185374 0.177665 0.191919 0.191919
2 0.183811 0.000000 0.101180 0.150084 0.126476 0.148398 0.065767 0.116358 0.145025 0.190236 0.122896
3 0.182432 0.096121 0.000000 0.153716 0.130068 0.145270 0.108108 0.103041 0.145270 0.191919 0.109428
4 0.204082 0.155143 0.158784 0.000000 0.143101 0.114923 0.167797 0.155556 0.165821 0.207071 0.178451
5 0.176871 0.123103 0.126689 0.134583 0.000000 0.129472 0.122034 0.122658 0.131980 0.163300 0.139731
6 0.193878 0.143339 0.143581 0.106346 0.129472 0.000000 0.147458 0.138462 0.157360 0.190236 0.153199
7 0.188136 0.069140 0.116554 0.171186 0.128814 0.161017 0.000000 0.123729 0.150592 0.198653 0.132997
8 0.192177 0.116358 0.103041 0.150427 0.126065 0.143590 0.118644 0.000000 0.160745 0.202020 0.102694
9 0.181049 0.139966 0.146959 0.157360 0.133672 0.160745 0.142132 0.153976 0.000000 0.196970 0.153199
10 0.193603 0.185185 0.186869 0.198653 0.164983 0.193603 0.190236 0.196970 0.198653 0.000000 0.191919
11 0.193603 0.114478 0.106061 0.170034 0.141414 0.153199 0.122896 0.097643 0.153199 0.191919 0.000000
