11
1 0.000000 76.588531 73.028717 74.044220 75.136055 76.076530 76.050850 73.937073 73.670052 75.388885 75.276093
2 76.205734 0.000000 71.607086 71.969643 73.895447 70.279930 70.128159 71.596962 71.956154 74.486534 74.170036
3 73.437500 71.755478 0.000000 62.746620 69.978043 70.359795 70.974663 62.255066 58.853039 69.543770 68.784515
4 73.943878 72.242836 62.618244 0.000000 70.557068 71.888504 71.267799 59.304272 63.421318 69.851852 68.860268
5 75.039116 73.934235 69.768578 70.856903 0.000000 73.444633 73.540680 70.023849 70.478851 72.601013 72.062286
6 76.428574 70.241150 70.584457 71.840477 73.514481 0.000000 66.613556 71.420509 70.854485 73.855217 73.316498
7 75.861015 70.160202 71.087837 71.138985 73.627121 66.718643 0.000000 71.008476 71.411171 74.028618 73.452866
8 73.996597 71.696457 62.184120 59.398289 70.028961 71.370941 70.877968 0.000000 63.329948 69.580811 68.543770
9 73.736038 72.116356 58.844593 63.561760 70.558372 70.840950 71.575294 63.345177 0.000000 69.505051 69.114479
10 75.604378 74.405724 69.390572 69.752525 72.870369 73.481483 74.170036 69.513466 69.575760 0.000000 64.609428
11 75.129631 73.664986 68.673401 68.848488 72.260941 73.114479 73.040405 68.456230 69.079124 64.489899 0.000000
