11
1 0.000000 22.821608 23.050125 22.783920 23.005026 22.753769 23.185930 22.655779 22.763819 22.764999 22.770000
2 22.811558 0.000000 22.867168 21.608040 22.540201 21.751257 22.987436 20.276382 20.221106 20.787500 20.612499
3 23.052631 22.862156 0.000000 22.736841 22.436090 22.791981 23.180450 22.771931 22.794487 22.834999 22.877501
4 22.776382 21.628141 22.779449 0.000000 22.502512 19.286432 22.856785 21.643215 21.640703 22.017500 21.760000
5 23.005026 22.547739 22.423559 22.525126 0.000000 22.648241 23.130653 22.447237 22.620604 22.567499 22.590000
6 22.731155 21.763819 22.827068 19.301508 22.648241 0.000000 22.947237 21.630653 21.680904 21.985001 21.830000
7 23.158291 22.969849 23.187969 22.869347 23.123116 22.937185 0.000000 22.776382 22.746231 22.950001 22.807501
8 22.645729 20.296482 22.779449 21.653267 22.442211 21.613066 22.763819 0.000000 17.434673 19.957500 19.702499
9 22.771357 20.221106 22.822056 21.653267 22.613066 21.698492 22.763819 17.437185 0.000000 20.245001 19.764999
10 22.754999 20.792500 22.855000 22.017500 22.577499 21.967501 22.950001 19.967501 20.230000 0.000000 19.705000
11 22.772499 20.587500 22.887501 21.747499 22.580000 21.820000 22.799999 19.684999 19.754999 19.700001 0.000000
