11
1 0.000000 130.641907 130.294434 129.732101 130.240738 129.374008 131.416443 130.582016 129.442978 130.203171 130.425919
2 130.657822 0.000000 128.962860 129.419098 117.650795 126.856766 131.007965 130.632278 127.063660 129.662262 130.521164
3 130.299728 128.960205 0.000000 129.137924 128.727509 126.604774 130.936340 130.653442 126.625992 129.403687 130.354492
4 129.745361 129.421753 129.151199 0.000000 129.089951 127.530502 131.111404 129.854492 127.697609 129.670181 129.677246
5 130.232803 117.626984 128.724869 129.063492 0.000000 126.629631 130.597885 130.666672 126.793648 129.641159 130.447083
6 129.405838 126.851456 126.615387 127.543770 126.650795 0.000000 130.217514 130.089951 84.222809 127.577835 129.857147
7 131.405838 131.015915 130.938995 131.103455 130.640213 130.254639 0.000000 131.291000 130.241379 130.408966 131.166672
8 130.587296 130.619049 130.653442 129.849213 130.679901 130.082016 131.288361 0.000000 130.126984 130.678101 130.275131
9 129.445618 127.034485 126.639259 127.681694 126.812172 84.209549 130.217514 130.119049 0.000000 127.588394 129.859787
10 130.208450 129.635880 129.393143 129.656998 129.649078 127.588394 130.414246 130.667542 127.601585 0.000000 130.382584
11 130.417984 130.500000 130.351852 129.679901 130.460312 129.843918 131.166672 130.275131 129.849213 130.379944 0.000000
