11
1 0.000000 63.780777 64.658783 64.914963 64.940475 65.471092 64.467796 64.863945 64.426399 64.186867 64.274414
2 63.802700 0.000000 59.806072 59.758854 59.883644 60.438450 59.976391 59.644180 59.613827 59.569023 59.690235
3 64.324326 59.782463 0.000000 60.912163 52.369934 61.111488 60.398647 60.771961 60.250000 60.740742 53.116161
4 64.908165 59.718380 60.917229 0.000000 61.538330 62.264153 60.894917 55.511112 60.698814 53.481480 60.552189
5 65.096939 59.942665 52.454391 61.555367 0.000000 61.833050 60.820339 61.378193 60.439934 60.747475 53.351852
6 65.392860 60.411469 61.277027 62.197254 61.855194 0.000000 59.027119 62.011967 57.695431 61.092594 60.957912
7 64.406776 59.962902 60.434120 60.969490 60.630508 59.015255 0.000000 60.788136 58.047379 60.557240 60.109428
8 65.047623 59.556492 60.787163 55.591454 61.454857 61.883762 60.927120 0.000000 60.602367 54.705387 60.427608
9 64.140442 59.483978 60.309120 60.543148 60.397633 57.656513 57.949238 60.412861 0.000000 60.222221 59.934345
10 64.190239 59.528618 60.648148 53.419193 60.631313 61.126263 60.410774 54.654881 60.252525 0.000000 60.506733
11 64.124580 59.619530 53.146465 60.585857 53.277779 60.947811 60.154881 60.375420 60.018520 60.671719 0.000000
