11
1 0.000000 69.743675 69.717903 68.270409 70.236397 70.462585 70.616951 68.658165 69.267342 68.574074 68.584175
2 69.630692 0.000000 64.718384 62.996628 64.033730 67.440132 67.411469 62.861721 56.030354 64.661613 64.488213
3 69.810814 64.735245 0.000000 62.717907 64.560814 67.614868 67.712837 63.153717 64.486488 64.013466 63.868687
4 68.132652 63.116356 62.770271 0.000000 63.749573 66.133789 65.427116 61.733334 62.451778 57.717171 57.398991
5 70.244896 64.060707 64.533783 63.703579 0.000000 68.195915 68.005081 63.151619 63.712353 64.314812 64.422562
6 70.653061 67.409782 67.444260 66.322472 68.056221 0.000000 55.762711 66.859833 67.094757 66.602692 66.301346
7 70.335594 67.372681 67.810814 65.586441 67.816948 55.747459 0.000000 66.106781 67.297798 66.462959 66.092590
8 68.857140 62.799324 63.091217 61.803417 63.228279 66.550430 65.977966 0.000000 62.636211 62.368687 62.207069
9 69.666664 55.952782 64.180740 62.651440 63.632824 67.247040 67.179359 62.433163 0.000000 63.715488 63.663300
10 68.843437 64.535355 63.912457 57.776093 64.173401 66.314812 66.279465 62.412457 63.892258 0.000000 59.493267
11 68.841751 64.336700 63.883839 57.436028 64.244110 66.217171 66.213806 62.240742 63.698654 59.447811 0.000000
