11
1 0.000000 131.090179 131.079575 131.061005 130.674606 131.018570 131.129974 130.873016 131.076920 130.374664 130.526459
2 131.100800 0.000000 129.352783 129.092834 127.156082 127.684349 127.832893 128.365082 129.066315 127.102905 120.222221
3 131.061005 129.352783 0.000000 120.793106 128.947083 129.286469 129.318298 129.367722 121.082230 128.559372 129.058197
4 131.061005 129.098145 120.798409 0.000000 129.023804 129.246689 129.201599 129.380951 100.485413 128.635880 128.640213
5 130.679901 127.179893 128.978836 129.039688 0.000000 124.433861 124.621696 128.164017 128.862427 124.284958 126.838623
6 131.013260 127.694962 129.283813 129.251984 124.420631 0.000000 124.877983 128.029099 129.175064 124.952507 127.021164
7 131.114059 127.830238 129.313004 129.193634 124.624336 124.893898 0.000000 128.232803 129.087540 125.200531 127.161377
8 130.865082 128.391541 129.386246 129.402115 128.182541 128.026459 128.256607 0.000000 129.412704 127.947227 128.050262
9 131.068970 129.068970 121.098145 100.498672 128.854492 129.167114 129.095490 129.386246 0.000000 128.580475 128.738098
10 130.385223 127.142479 128.564636 128.651718 124.287598 124.947227 125.211082 127.934036 128.606857 0.000000 126.817940
11 130.526459 120.232803 129.066132 128.650787 126.828041 127.007935 127.164024 128.034393 128.746033 126.796837 0.000000
