11
1 0.000000 4.001687 4.277027 4.348639 4.335034 4.426871 4.389831 4.348639 4.297801 4.331650 4.252525
2 4.158516 0.000000 3.888701 3.856661 3.741990 3.890388 3.973019 3.782462 3.750422 3.651515 3.545455
3 4.322635 3.897133 0.000000 3.807432 2.712838 4.195946 4.228041 2.957770 3.930743 3.265993 3.880471
4 4.346939 3.779089 3.724662 0.000000 3.647359 4.315609 4.332203 3.692308 4.206430 3.708754 4.055555
5 4.369048 3.765599 2.734797 3.660988 0.000000 4.226576 4.281356 3.069847 4.000000 3.281145 3.952862
6 4.404762 3.952782 4.175676 4.375643 4.195911 0.000000 3.018644 4.244444 4.184433 4.235690 4.117845
7 4.400000 3.912310 4.146959 4.327119 4.172881 3.010170 0.000000 4.162712 4.201354 4.234007 4.037037
8 4.362245 3.752108 2.959460 3.711111 3.066440 4.285470 4.188136 0.000000 4.086295 3.375421 4.057239
9 4.355330 3.790894 3.945946 4.245347 4.023689 4.238579 4.253807 4.040609 0.000000 4.084175 3.851852
10 4.309764 3.723906 3.265993 3.693603 3.274411 4.242424 4.279461 3.351852 3.989899 0.000000 3.951179
11 4.281145 3.574074 3.865320 4.028620 3.922559 4.075758 4.131313 4.018518 3.888889 3.949495 0.000000
