11
1 0.000000 4.892074 4.875000 4.935374 4.945578 4.945578 4.906780 4.923470 4.925550 4.861953 4.858586
2 4.900506 0.000000 4.622260 4.650928 4.669477 4.684654 4.634064 4.650928 4.644182 4.619529 4.617845
3 4.873311 4.615514 0.000000 4.621622 4.626689 4.650338 4.596284 4.611486 4.631757 4.565657 4.540404
4 4.933673 4.645868 4.623311 0.000000 4.700171 4.727273 4.649153 4.690598 4.675127 4.601010 4.611111
5 4.938776 4.661046 4.626689 4.695060 0.000000 4.727427 4.628814 4.698467 4.680203 4.621212 4.617845
6 4.947279 4.684654 4.653716 4.728988 4.734242 0.000000 4.686440 4.704274 4.708968 4.632997 4.641414
7 4.906780 4.627319 4.597973 4.649153 4.630508 4.686440 0.000000 4.650847 4.651438 4.585859 4.585859
8 4.928571 4.654300 4.621622 4.700855 4.708688 4.709402 4.657627 0.000000 4.676819 4.606061 4.611111
9 4.932318 4.649241 4.643581 4.686971 4.695432 4.717428 4.661591 4.680203 0.000000 4.632997 4.632997
10 4.856902 4.604377 4.555555 4.590909 4.614478 4.622896 4.575758 4.589226 4.612794 0.000000 4.557239
11 4.860270 4.612794 4.540404 4.609427 4.617845 4.639730 4.585859 4.602694 4.622896 4.567340 0.000000
