11
1 0.000000 25.246685 25.273209 25.129974 25.100529 25.119364 25.161804 25.092592 25.310345 25.124010 25.103174
2 25.246685 0.000000 24.355438 24.259947 24.060846 24.095491 24.204245 24.074074 24.551723 24.453825 24.150793
3 25.262600 24.360743 0.000000 24.140583 20.769842 23.830238 23.994696 23.828043 24.456234 24.324539 23.960318
4 25.129974 24.270557 24.140583 0.000000 23.886244 22.411140 22.718832 22.698412 24.193634 23.973616 22.917990
5 25.103174 24.068783 20.756615 23.910053 0.000000 23.571428 23.769842 23.642857 24.288361 24.208443 23.785715
6 25.114058 24.100796 23.816977 22.427055 23.547619 0.000000 20.068966 20.108465 24.095491 23.973616 20.558201
7 25.159151 24.201591 23.989389 22.726791 23.759260 20.066313 0.000000 17.455027 24.220160 24.034300 19.661375
8 25.092592 24.076719 23.830688 22.703703 23.632275 20.095238 17.449736 0.000000 24.187830 24.029024 19.399471
9 25.302387 24.551723 24.421751 24.198938 24.277779 24.092838 24.206896 24.203703 0.000000 21.825857 24.304234
10 25.118734 24.459103 24.319262 23.986807 24.200527 23.965700 24.034300 24.036940 21.828497 0.000000 24.153034
11 25.108465 24.142857 23.968254 22.925926 23.780424 20.552910 19.661375 19.399471 24.293652 24.153034 0.000000
