11
1 0.000000 0.244519 0.244932 0.270408 0.243197 0.270408 0.257627 0.284014 0.253807 0.264310 0.265993
2 0.246206 0.000000 0.212479 0.236088 0.112985 0.227656 0.219224 0.182125 0.224283 0.227273 0.203704
3 0.248311 0.212479 0.000000 0.251689 0.217905 0.168919 0.233108 0.251689 0.228041 0.239057 0.218855
4 0.263605 0.237774 0.246622 0.000000 0.236797 0.250429 0.169492 0.261538 0.225042 0.232323 0.254209
5 0.248299 0.111298 0.222973 0.240204 0.000000 0.233390 0.240678 0.177172 0.236887 0.240741 0.213805
6 0.272109 0.232715 0.168919 0.253859 0.231687 0.000000 0.255932 0.254701 0.247039 0.264310 0.247475
7 0.249153 0.220911 0.229730 0.174576 0.238983 0.254237 0.000000 0.259322 0.203046 0.215488 0.234007
8 0.277211 0.182125 0.246622 0.261538 0.178876 0.271795 0.257627 0.000000 0.241963 0.259259 0.240741
9 0.252115 0.222597 0.243243 0.223350 0.233503 0.258883 0.204738 0.240271 0.000000 0.178451 0.225589
10 0.271044 0.234007 0.240741 0.240741 0.247475 0.274411 0.222222 0.260943 0.175084 0.000000 0.227273
11 0.259259 0.205387 0.217172 0.255892 0.215488 0.247475 0.228956 0.240741 0.223906 0.223906 0.000000
