11
1 0.000000 118.444725 116.619049 110.944725 116.854271 109.635681 118.809044 117.570351 116.949745 120.377502 116.290001
2 118.349243 0.000000 113.566414 115.492462 113.756279 114.854271 120.045227 115.140701 114.203514 119.529999 118.705002
3 116.523811 113.573936 0.000000 113.260651 97.691727 112.611526 118.721802 104.070175 73.511276 115.754997 117.320000
4 110.954773 115.540199 113.320801 0.000000 113.339195 91.000000 116.806534 114.829147 113.733665 119.482498 107.702499
5 116.806534 113.763817 97.711777 113.281410 0.000000 112.427139 118.967339 102.306534 98.334167 115.202499 117.224998
6 109.638191 114.909546 112.654137 90.959801 112.464821 0.000000 116.218590 114.100502 112.974876 119.070000 108.717499
7 118.706032 120.087936 118.789474 116.816582 119.007538 116.178391 0.000000 119.567841 119.045227 121.349998 118.889999
8 117.525124 115.145729 104.062660 114.814072 102.319092 114.097992 119.507538 0.000000 104.924622 115.735001 118.087502
9 116.866837 114.183418 73.496239 113.650757 98.314072 112.886932 118.922112 104.914574 0.000000 115.785004 117.404999
10 120.264999 119.449997 115.752502 119.370003 115.135002 118.915001 121.214996 115.647499 115.757500 0.000000 121.037498
11 116.184998 118.632500 117.277496 107.647499 117.147499 108.625000 118.827499 118.037498 117.377502 121.084999 0.000000
