11
1 0.000000 0.458685 0.486486 0.484694 0.460884 0.467687 0.461017 0.457483 0.477157 0.464646 0.451178
2 0.446880 0.000000 0.431703 0.450253 0.274874 0.263069 0.443508 0.261383 0.424958 0.451178 0.417508
3 0.464527 0.418212 0.000000 0.231419 0.420608 0.427365 0.381757 0.425676 0.381757 0.420875 0.323232
4 0.486395 0.455312 0.250000 0.000000 0.442930 0.476844 0.389830 0.449573 0.404399 0.454545 0.370370
5 0.459184 0.296796 0.442568 0.456559 0.000000 0.296422 0.430508 0.299830 0.429780 0.461279 0.405724
6 0.476190 0.266442 0.432432 0.459691 0.293015 0.000000 0.467797 0.278632 0.446701 0.478114 0.425926
7 0.464407 0.436762 0.376689 0.381356 0.425424 0.455932 0.000000 0.444068 0.247039 0.409091 0.356902
8 0.452381 0.268128 0.430743 0.441026 0.289608 0.285470 0.438983 0.000000 0.434856 0.461279 0.419192
9 0.473773 0.409781 0.378378 0.384095 0.423012 0.448393 0.236887 0.446701 0.000000 0.424242 0.367003
10 0.457912 0.434343 0.414141 0.422559 0.432660 0.452862 0.393939 0.459596 0.397306 0.000000 0.388889
11 0.462963 0.407407 0.321549 0.351852 0.405724 0.425926 0.356902 0.419192 0.367003 0.412458 0.000000
