11
1 0.000000 0.505025 0.483709 0.437186 0.500000 0.432161 0.432161 0.444724 0.464824 0.522500 0.462500
2 0.505025 0.000000 0.503759 0.444724 0.452261 0.484925 0.427136 0.439698 0.349246 0.510000 0.482500
3 0.483709 0.503759 0.000000 0.401002 0.491228 0.348371 0.418546 0.406015 0.491228 0.472500 0.467500
4 0.437186 0.442211 0.401002 0.000000 0.409548 0.346734 0.293970 0.155779 0.386935 0.437500 0.367500
5 0.502513 0.449749 0.491228 0.412060 0.000000 0.442211 0.404523 0.417085 0.412060 0.465000 0.442500
6 0.432161 0.484925 0.345865 0.346734 0.442211 0.000000 0.349246 0.364322 0.391960 0.427500 0.400000
7 0.432161 0.427136 0.416040 0.296482 0.407035 0.349246 0.000000 0.304020 0.402010 0.440000 0.317500
8 0.447236 0.439698 0.406015 0.153266 0.419598 0.366834 0.301508 0.000000 0.404523 0.440000 0.395000
9 0.464824 0.351759 0.488722 0.386935 0.412060 0.391960 0.402010 0.404523 0.000000 0.470000 0.455000
10 0.525000 0.507500 0.470000 0.432500 0.465000 0.432500 0.437500 0.440000 0.472500 0.000000 0.465000
11 0.467500 0.485000 0.467500 0.370000 0.447500 0.402500 0.317500 0.397500 0.457500 0.467500 0.000000
