11
1 0.000000 0.628141 0.626566 0.628141 0.628141 0.625628 0.628141 0.600502 0.603015 0.632500 0.592500
2 0.623116 0.000000 0.619048 0.610553 0.577889 0.615578 0.570352 0.610553 0.605528 0.620000 0.597500
3 0.624060 0.616541 0.000000 0.566416 0.609023 0.593985 0.604010 0.604010 0.596491 0.620000 0.592500
4 0.625628 0.610553 0.573935 0.000000 0.608040 0.603015 0.608040 0.597990 0.592965 0.620000 0.580000
5 0.625628 0.587940 0.611529 0.608040 0.000000 0.600502 0.522613 0.610553 0.597990 0.632500 0.600000
6 0.623116 0.615578 0.593985 0.597990 0.597990 0.000000 0.605528 0.597990 0.600502 0.610000 0.607500
7 0.628141 0.575377 0.606516 0.605528 0.520100 0.610553 0.000000 0.600502 0.605528 0.620000 0.597500
8 0.597990 0.613065 0.606516 0.595477 0.603015 0.597990 0.605528 0.000000 0.577889 0.627500 0.575000
9 0.597990 0.605528 0.593985 0.587940 0.597990 0.603015 0.600502 0.577889 0.000000 0.612500 0.392500
10 0.627500 0.620000 0.620000 0.617500 0.625000 0.615000 0.617500 0.625000 0.612500 0.000000 0.602500
11 0.595000 0.602500 0.590000 0.575000 0.597500 0.607500 0.595000 0.577500 0.392500 0.602500 0.000000
