11
1 0.000000 7.394473 7.275689 7.339196 7.432161 7.376884 7.354271 7.281407 7.447236 7.257500 7.255000
2 7.391960 0.000000 6.215539 6.283920 6.359296 6.404522 6.261307 6.314070 6.314070 6.222500 6.210000
3 7.273183 6.215539 0.000000 6.145363 6.190476 6.258145 6.102757 6.125313 6.233083 6.037500 5.955000
4 7.339196 6.286432 6.147870 0.000000 6.311558 6.288945 6.203517 6.185930 6.326633 6.095000 6.142500
5 7.429648 6.361809 6.192983 6.309045 0.000000 6.447236 6.145729 6.319096 6.366834 6.210000 6.187500
6 7.381909 6.412060 6.268170 6.296483 6.454774 0.000000 6.346734 6.261307 6.467337 6.225000 6.262500
7 7.354271 6.263819 6.107769 6.203517 6.148241 6.341709 0.000000 6.211055 6.281407 6.105000 6.102500
8 7.281407 6.316583 6.127820 6.185930 6.321608 6.253769 6.211055 0.000000 6.351759 6.115000 6.125000
9 7.444724 6.314070 6.233083 6.324121 6.366834 6.457286 6.278894 6.349246 0.000000 6.247500 6.227500
10 7.260000 6.225000 6.042500 6.097500 6.212500 6.220000 6.107500 6.117500 6.250000 0.000000 6.047500
11 7.252500 6.212500 5.955000 6.140000 6.187500 6.255000 6.100000 6.122500 6.227500 6.045000 0.000000
