11
1 0.000000 16.008432 15.837838 16.136055 16.056122 16.226191 16.115253 16.200680 16.099831 15.744108 15.932660
2 16.141653 0.000000 15.057336 15.569983 15.067453 15.549747 15.087689 15.399663 12.403035 15.011785 15.488215
3 15.864865 14.920742 0.000000 15.133446 14.619932 15.326014 14.875000 15.021959 14.787162 12.191919 15.171718
4 16.117348 15.460371 15.096284 0.000000 15.313458 15.602058 15.549152 15.635898 15.399323 15.047138 15.286196
5 16.129251 14.951097 14.599662 15.402044 0.000000 15.586031 14.661017 15.173765 14.940779 14.614478 15.454545
6 16.319727 15.561551 15.432432 15.739280 15.657581 0.000000 15.569491 15.729915 15.666667 15.336700 15.297979
7 16.245762 15.052277 14.929054 15.523728 14.716949 15.561017 0.000000 15.413559 15.030457 14.968014 15.505051
8 16.260204 15.313660 15.003378 15.682052 15.231687 15.753846 15.394916 0.000000 15.367174 15.035354 15.552189
9 16.057529 12.301855 14.824325 15.289340 14.903553 15.483926 15.008460 15.367174 0.000000 14.791245 15.429293
10 15.774411 14.986532 12.185185 15.000000 14.585858 15.198653 14.784512 14.989899 14.850168 0.000000 15.244108
11 15.996633 15.511785 15.129630 15.380471 15.412457 15.301347 15.404040 15.491583 15.430977 15.220539 0.000000
