11
1 0.000000 128.827591 127.066315 128.761276 127.738098 128.750656 128.697617 128.095245 129.103455 128.348282 127.005295
2 128.832886 0.000000 125.225464 127.005302 125.529099 126.604774 126.923080 126.275131 125.880638 125.029022 125.187828
3 127.082230 125.222809 0.000000 124.994698 122.960320 124.920425 125.283821 123.888885 126.297081 125.569923 99.489418
4 128.785141 126.992043 125.007957 0.000000 113.380951 126.814323 126.968170 126.153442 127.758621 126.997360 124.952377
5 127.740738 125.537041 122.965607 113.383598 0.000000 125.235451 125.605820 125.015877 126.402115 126.073875 123.166664
6 128.763931 126.618034 124.907166 126.835541 125.259262 0.000000 124.360741 107.568787 127.594162 126.981529 124.859787
7 128.705566 126.933685 125.297081 126.994698 125.608467 124.350136 0.000000 123.452377 127.867371 127.245384 125.134918
8 128.113754 126.280426 123.883598 126.150795 125.002647 107.544975 123.449738 0.000000 127.108467 126.931396 124.328041
9 129.116714 125.893898 126.310349 127.769234 126.394180 127.596817 127.870026 127.113754 0.000000 107.912926 125.955025
10 128.369400 125.026382 125.580475 127.021111 126.097626 126.957787 127.248024 126.931396 107.907654 0.000000 125.622688
11 127.005295 125.182541 99.481483 124.947090 123.164024 124.841270 125.121696 124.322754 125.955025 125.622688 0.000000
