11
1 0.000000 20.949602 21.358089 20.933687 20.849207 21.156498 21.177719 20.878307 21.543766 21.562006 21.214285
2 20.944298 0.000000 16.578249 16.267904 18.275133 16.071617 15.196286 18.232803 16.400530 17.910290 16.743385
3 21.360743 16.580902 0.000000 17.259947 19.124338 15.870027 17.323606 19.074074 18.042440 18.622692 17.481482
4 20.936340 16.267904 17.254642 0.000000 18.164021 16.835545 16.880636 18.171957 17.562334 18.416887 17.621693
5 20.854498 18.272488 19.116402 18.161375 0.000000 18.862434 18.706348 15.079365 19.317461 19.791557 19.100529
6 21.153847 16.071617 15.867374 16.835545 18.865080 0.000000 16.824934 18.788361 17.628647 18.269129 16.957672
7 21.164455 15.196286 17.315649 16.880636 18.706348 16.822281 0.000000 18.732803 17.098143 18.335093 17.349207
8 20.880953 18.232803 19.068783 18.169312 15.082010 18.788361 18.735449 0.000000 19.259260 19.825857 19.153439
9 21.543766 16.397879 18.034483 17.557030 19.317461 17.628647 17.095491 19.256615 0.000000 18.984169 18.124338
10 21.564644 17.915567 18.622692 18.424803 19.799473 18.271769 18.345646 19.831135 18.997362 0.000000 18.187336
11 21.214285 16.743385 17.478836 17.624338 19.103174 16.957672 17.351852 19.150793 18.129629 18.182058 0.000000
