11
1 0.000000 5.856764 5.880637 5.880637 5.883598 5.854111 5.880637 5.873016 5.875331 5.849604 5.875661
2 5.859416 0.000000 5.541114 5.782494 5.701058 5.376658 5.689655 5.698413 5.464191 5.762533 5.775132
3 5.893899 5.543766 0.000000 5.713528 5.687831 5.421751 5.339522 5.611111 5.557029 5.643799 5.706349
4 5.891247 5.779841 5.716180 0.000000 5.619048 5.708223 5.803713 5.743386 5.740053 5.686016 5.132275
5 5.891534 5.719577 5.682539 5.616402 0.000000 5.648148 5.746032 5.738095 5.669312 5.556728 5.642857
6 5.862069 5.376658 5.419098 5.702918 5.626984 0.000000 5.580902 5.656085 5.010610 5.609499 5.698413
7 5.885942 5.697613 5.352785 5.801061 5.746032 5.588860 0.000000 5.685185 5.700265 5.709763 5.783069
8 5.878307 5.714286 5.613757 5.746032 5.730159 5.658730 5.690476 0.000000 5.695767 5.717678 5.791005
9 5.888594 5.458886 5.564987 5.737401 5.658730 5.013263 5.692307 5.674603 0.000000 5.662269 5.716931
10 5.860158 5.751979 5.630607 5.691293 5.556728 5.606860 5.691293 5.717678 5.670185 0.000000 5.712401
11 5.870370 5.767196 5.701058 5.132275 5.648148 5.706349 5.783069 5.793651 5.722222 5.701847 0.000000
