11
1 0.000000 11.849246 11.651629 11.811558 11.781407 11.826633 11.798995 11.826633 11.846734 11.790000 11.662500
2 11.846734 0.000000 11.491228 11.675879 11.592965 11.620603 11.748744 11.600503 11.565327 11.550000 11.430000
3 11.654136 11.523809 0.000000 11.458647 11.290727 11.398497 11.523809 11.383459 11.566416 11.540000 9.302500
4 11.804020 11.673367 11.441103 0.000000 10.552764 11.608040 11.688442 11.577889 11.768845 11.680000 11.427500
5 11.776381 11.587939 11.288220 10.552764 0.000000 11.557789 11.565327 11.520101 11.643216 11.610000 11.275000
6 11.829145 11.620603 11.395990 11.603015 11.545226 0.000000 11.467337 10.015076 11.723619 11.685000 11.385000
7 11.804020 11.761307 11.503759 11.703518 11.572865 11.479899 0.000000 11.412061 11.741206 11.737500 11.480000
8 11.829145 11.613066 11.373433 11.590452 11.515076 10.020101 11.396985 0.000000 11.741206 11.700000 11.345000
9 11.836683 11.552764 11.558897 11.761307 11.643216 11.721106 11.723619 11.741206 0.000000 10.137500 11.502500
10 11.782500 11.560000 11.530000 11.690000 11.615000 11.697500 11.715000 11.702500 10.140000 0.000000 11.507500
11 11.655000 11.445000 9.317500 11.437500 11.282500 11.397500 11.485000 11.367500 11.530000 11.527500 0.000000
