11
1 0.000000 264.835541 264.888580 264.952240 264.272491 264.498688 264.758606 264.142853 264.710876 263.517151 263.841278
2 264.854126 0.000000 262.612732 264.694946 263.910065 263.257294 263.612732 263.246033 262.413788 262.815308 262.902130
3 264.901855 262.591522 0.000000 264.766571 264.021179 263.644562 263.777191 263.280426 261.994690 262.965698 262.941803
4 264.962860 264.684357 264.761261 0.000000 253.243393 264.392578 264.572937 263.955017 264.748016 263.337738 263.875671
5 264.267181 263.888885 263.986786 253.222229 0.000000 263.708984 263.888885 263.857147 263.936493 263.311340 263.838623
6 264.498688 263.246674 263.620697 264.397888 263.719574 0.000000 262.559692 262.439148 263.570282 262.255951 261.354492
7 264.761261 263.612732 263.750671 264.564972 263.899475 262.546417 0.000000 262.206360 263.936340 262.118744 261.256622
8 264.142853 263.232819 263.275146 263.947083 263.875671 262.428558 262.190491 0.000000 263.304230 256.744049 260.224854
9 264.716187 262.411133 261.992035 264.742706 263.941803 263.564972 263.936340 263.298950 0.000000 262.770447 262.989410
10 263.509247 262.815308 262.944580 263.345642 263.332458 262.245392 262.092346 256.722961 262.775726 0.000000 260.849609
11 263.841278 262.896820 262.917999 263.880951 263.851837 261.354492 261.248688 260.219574 262.970886 260.844330 0.000000
