11
1 0.000000 5.891247 5.909814 5.928382 5.875661 5.904509 5.907162 5.904762 5.925729 5.902375 5.904762
2 5.888594 0.000000 5.663130 5.657825 3.920635 5.610080 5.657825 5.616402 5.734748 5.591029 5.687831
3 5.915119 5.673740 0.000000 5.819629 5.650794 5.716180 5.777188 4.727513 5.830239 5.812665 5.804233
4 5.933687 5.663130 5.819629 0.000000 5.634921 5.795756 5.822281 5.796296 5.846154 5.767810 5.822752
5 5.878307 3.920635 5.632275 5.632275 0.000000 5.613757 5.637566 5.600529 5.701058 5.580475 5.677248
6 5.917772 5.631300 5.708223 5.809019 5.624339 0.000000 5.782494 5.708995 5.870027 5.773087 5.830688
7 5.915119 5.660478 5.779841 5.816976 5.645503 5.790451 0.000000 5.783069 5.509284 5.783641 5.817461
8 5.907407 5.640212 4.732804 5.793651 5.616402 5.714286 5.775132 0.000000 5.838624 5.788918 5.809524
9 5.928382 5.726790 5.830239 5.835544 5.695767 5.856764 5.509284 5.822752 0.000000 5.820580 5.843915
10 5.918206 5.596306 5.815303 5.757256 5.585752 5.775725 5.773087 5.804749 5.839050 0.000000 4.899736
11 5.920635 5.701058 5.817461 5.841270 5.695767 5.841270 5.828043 5.814815 5.857143 4.902375 0.000000
