11
1 0.000000 18.271502 18.190878 17.957483 18.394558 18.440475 18.288136 18.433674 18.211506 18.028620 17.959597
2 18.290051 0.000000 16.296797 18.040472 18.367622 17.753794 16.991568 17.129848 16.033728 16.425926 18.230640
3 18.292231 16.397976 0.000000 17.827703 18.293919 16.457769 14.944257 15.871622 12.347973 14.220539 17.996634
4 18.030613 18.028667 17.673986 0.000000 16.715502 18.130360 17.974577 18.452991 17.722504 17.614479 16.254210
5 18.401361 18.332209 18.221283 16.676321 0.000000 18.441227 18.383051 18.531517 18.182741 18.193604 17.639730
6 18.382652 17.774031 16.618244 18.108061 18.494038 0.000000 17.215254 17.550426 16.140440 16.703703 18.043772
7 18.366102 17.048904 14.766891 17.905085 18.444067 17.106779 0.000000 17.159323 14.472081 13.691919 18.225590
8 18.472790 17.198988 15.951014 18.422222 18.587734 17.625641 16.961018 0.000000 15.781726 16.212122 18.119528
9 18.235195 16.418213 12.331081 17.695431 18.223351 16.324873 14.500846 15.864636 0.000000 13.553872 17.816498
10 18.136364 16.486532 14.213804 17.654882 18.249159 16.489899 13.666667 16.234007 13.577441 0.000000 17.885521
11 17.924242 18.153198 17.962963 16.239058 17.668350 18.114479 18.178452 18.119528 18.003366 17.983166 0.000000
