11
1 0.000000 244.301514 240.651627 244.484924 243.085434 244.040207 244.000000 243.869354 244.904526 243.772507 240.237503
2 244.354279 0.000000 236.839600 241.062820 239.123123 240.587936 241.143219 240.329147 238.733673 237.625000 236.712494
3 240.609024 236.786972 0.000000 236.273178 232.942352 236.175446 236.979950 235.383453 239.112778 238.759995 188.875000
4 244.716080 241.226135 236.451126 0.000000 217.062820 240.592972 241.082916 240.178391 242.804016 241.535004 236.354996
5 243.266327 239.193466 233.077698 217.027634 0.000000 238.396988 239.060303 237.982407 240.982407 239.792496 233.039993
6 244.125626 240.645721 236.268173 240.447235 238.344223 0.000000 236.070358 204.492462 242.341705 241.297501 236.237503
7 244.032669 241.113068 236.979950 240.881912 238.884415 235.984924 0.000000 235.464828 242.550247 241.729996 236.585007
8 244.032669 240.381912 235.516296 240.082916 237.919601 204.467331 235.542709 0.000000 242.165833 241.274994 235.615005
9 245.110550 238.831665 239.240601 242.736176 240.962311 242.442215 242.693466 242.140701 0.000000 204.789993 238.807495
10 243.865005 237.597504 238.804993 241.407501 239.667496 241.285004 241.772507 241.195007 204.802505 0.000000 238.937500
11 240.502502 236.889999 188.962494 236.399994 233.112503 236.440002 236.897507 235.812500 238.972504 239.102493 0.000000
