11
1 0.000000 249.201599 245.724136 245.952255 246.709000 248.620697 248.594162 244.854492 245.713531 247.385223 248.018524
2 249.222809 0.000000 244.538467 244.485413 246.246033 241.204239 241.026520 243.611115 244.819626 246.398422 246.386246
3 245.726791 244.530502 0.000000 226.676392 240.714279 242.856766 243.315643 225.105820 212.665787 240.284958 239.584656
4 245.954910 244.472153 226.665787 0.000000 240.656082 243.270554 243.771881 212.388885 228.458893 240.844330 240.182541
5 246.709000 246.248672 240.701065 240.653442 0.000000 245.373016 245.523804 240.129623 241.259262 244.844330 244.624344
6 248.641907 241.220154 242.872681 243.286469 245.373016 0.000000 233.647217 242.079361 243.164459 245.532974 245.648148
7 248.625992 241.031830 243.318298 243.795761 245.544968 233.641907 0.000000 242.251328 243.803711 245.786285 245.806885
8 244.843918 243.626984 225.103180 212.373016 240.124344 242.082016 242.267197 0.000000 227.425919 240.319260 239.425919
9 245.718826 244.816971 212.671082 228.464188 241.288361 243.172409 243.816971 227.433868 0.000000 240.720322 240.198410
10 247.372025 246.393143 240.290237 240.833771 244.839050 245.517151 245.794189 240.319260 240.717682 0.000000 229.567276
11 248.047623 246.375656 239.595245 240.185181 244.626984 245.637573 245.801590 239.394180 240.177246 229.548813 0.000000
