11
1 0.000000 7.087940 7.080201 6.811558 6.608040 6.864322 7.173367 6.814070 6.630653 6.777500 6.620000
2 7.087940 0.000000 7.448622 7.178392 7.042714 7.291457 7.517588 6.899498 7.042714 7.170000 7.060000
3 7.080201 7.446115 0.000000 7.170426 6.927318 7.210526 6.531328 7.142857 6.939850 7.165000 6.962500
4 6.814070 7.180904 7.172932 0.000000 6.670854 6.866834 7.261307 6.922111 6.703517 6.882500 6.705000
5 6.605527 7.040201 6.924812 6.663317 0.000000 6.741206 7.020101 6.741206 6.520101 6.687500 6.467500
6 6.859296 7.286432 7.208020 6.861809 6.741206 0.000000 7.291457 6.997488 6.801507 6.957500 6.762500
7 7.173367 7.517588 6.533834 7.258794 7.022613 7.296483 0.000000 7.248744 7.045226 7.262500 7.015000
8 6.816583 6.902010 7.145363 6.924623 6.746231 7.002512 7.251256 0.000000 6.768844 6.862500 6.750000
9 6.623116 7.037688 6.934837 6.695980 6.517588 6.798995 7.037688 6.761307 0.000000 6.742500 6.515000
10 6.777500 7.170000 7.167500 6.880000 6.692500 6.960000 7.262500 6.860000 6.750000 0.000000 6.747500
11 6.620000 7.057500 6.962500 6.702500 6.470000 6.767500 7.012500 6.747500 6.520000 6.745000 0.000000
