11
1 0.000000 12.429708 12.480106 12.509284 12.370370 12.474801 12.442971 12.452381 12.461538 12.440633 12.468254
2 12.424403 0.000000 11.787799 11.936339 8.425926 11.798409 11.925730 11.690476 12.050398 11.878628 11.976191
3 12.466844 11.790451 0.000000 12.153846 11.708995 11.997348 12.116711 9.888889 12.212201 12.163589 12.158731
4 12.509284 11.952254 12.167109 0.000000 11.812169 12.188329 12.222812 12.171958 12.270557 12.179420 12.277778
5 12.362433 8.425926 11.708995 11.814815 0.000000 11.690476 11.814815 11.624338 11.957672 11.844327 11.925926
6 12.477453 11.811671 12.000000 12.175066 11.708995 0.000000 12.153846 11.952381 12.267904 12.213720 12.230159
7 12.435013 11.920424 12.119364 12.241380 11.814815 12.156499 0.000000 12.047619 11.437666 12.171504 12.195767
8 12.447090 11.698413 9.883598 12.171958 11.629630 11.947090 12.050264 0.000000 12.182540 12.131927 12.124338
9 12.456233 12.050398 12.214854 12.273210 11.952381 12.270557 11.437666 12.182540 0.000000 12.203166 12.243386
10 12.440633 11.886543 12.174143 12.184696 11.841689 12.189974 12.155673 12.134564 12.197889 0.000000 10.482850
11 12.468254 11.997355 12.174603 12.291005 11.925926 12.227513 12.203704 12.121693 12.253968 10.482850 0.000000
