11
1 0.000000 257.981445 258.400543 258.050385 257.404755 258.039795 258.021210 257.208984 259.116699 257.707123 257.367737
2 257.944305 0.000000 250.692307 249.355438 248.867722 248.912460 249.013260 248.341263 253.018570 251.670181 248.910049
3 258.379303 250.694962 0.000000 248.909821 226.791000 248.275864 248.302383 247.526459 252.469498 251.153030 248.158737
4 258.037140 249.368698 248.915115 0.000000 246.730164 236.793106 237.358093 236.997360 250.395218 249.271774 238.283066
5 257.386230 248.883591 226.825394 246.709000 0.000000 245.629623 245.791000 245.687836 250.849213 250.232193 246.417984
6 258.018555 248.923080 248.302383 236.782486 245.629623 0.000000 214.066315 213.703705 249.824936 248.567276 216.341263
7 258.026520 248.997345 248.297089 237.344833 245.775131 214.066315 0.000000 187.891541 250.002655 248.781006 204.394180
8 257.193115 248.341263 247.507935 236.973541 245.671951 213.695770 187.886246 0.000000 249.611115 248.912933 204.732803
9 259.103455 253.031830 252.469498 250.408493 250.851852 249.848801 250.000000 249.634918 0.000000 233.646439 250.052917
10 257.704498 251.664902 251.168869 249.253296 250.224274 248.569916 248.802109 248.931396 233.641159 0.000000 249.372025
11 257.351837 248.910049 248.164017 238.272491 246.412704 216.335983 204.391541 204.748672 250.050262 249.358841 0.000000
