11
1 0.000000 8.344013 8.459459 8.564626 8.426870 8.448979 8.488135 8.598639 8.355330 8.491583 8.446128
2 8.578415 0.000000 7.468803 6.743676 7.367622 7.413154 6.949410 5.659359 7.379426 7.390573 7.471380
3 8.520270 7.463744 0.000000 7.478041 6.706081 6.682433 7.415541 7.472973 6.746622 6.708754 6.604377
4 8.547619 6.785835 7.434122 0.000000 7.436116 7.648370 7.040678 6.717949 7.382403 7.555555 7.520202
5 8.539116 7.360877 6.667230 7.483816 0.000000 6.839864 7.366102 7.328791 6.228426 6.771044 6.641414
6 8.447279 7.301855 6.635135 7.519725 6.862010 0.000000 7.516949 7.370940 6.688663 6.632997 6.277778
7 8.635593 6.897133 7.295608 7.028813 7.342373 7.562712 0.000000 6.898305 7.272419 7.350168 7.346801
8 8.658163 5.655986 7.336149 6.704274 7.342419 7.374359 6.993220 0.000000 7.291032 7.329967 7.239057
9 8.353638 7.296796 6.685811 7.372251 6.162436 6.695432 7.209814 7.262267 0.000000 6.636364 6.548821
10 8.545455 7.370370 6.651515 7.466330 6.683502 6.595960 7.314815 7.356902 6.712121 0.000000 6.558923
11 8.673401 7.555555 6.627946 7.607744 6.698653 6.316498 7.483165 7.331650 6.624579 6.585859 0.000000
