11
1 0.000000 5.701005 5.684210 5.690955 5.698493 5.703517 5.695980 5.695980 5.698493 5.667500 5.655000
2 5.706030 0.000000 5.593985 5.698493 5.703517 5.685930 5.670854 5.655779 5.638191 5.640000 5.675000
3 5.684210 5.596491 0.000000 5.666667 5.676692 5.649123 5.541353 5.611529 5.017544 5.495000 5.655000
4 5.693467 5.690955 5.661654 0.000000 5.665829 5.680904 5.693467 5.685930 5.680904 5.667500 5.597500
5 5.701005 5.698493 5.679198 5.665829 0.000000 5.695980 5.698493 5.701005 5.703517 5.670000 5.640000
6 5.703517 5.690955 5.646616 5.685930 5.693467 0.000000 5.675879 5.680904 5.668342 5.640000 5.670000
7 5.698493 5.665829 5.556391 5.693467 5.698493 5.675879 0.000000 5.663317 5.512563 5.360000 5.667500
8 5.690955 5.660804 5.619048 5.688442 5.703517 5.670854 5.658291 0.000000 5.625628 5.625000 5.670000
9 5.698493 5.628141 5.015038 5.685930 5.706030 5.675879 5.500000 5.628141 0.000000 5.390000 5.667500
10 5.670000 5.640000 5.505000 5.670000 5.675000 5.652500 5.362500 5.632500 5.387500 0.000000 5.665000
11 5.655000 5.672500 5.662500 5.592500 5.647500 5.675000 5.675000 5.677500 5.670000 5.662500 0.000000
