11
1 0.000000 3.448276 3.400531 3.265252 3.129630 3.289125 3.453581 3.248677 3.177719 3.255937 3.129630
2 3.440318 0.000000 3.580902 3.496021 3.357143 3.506631 3.639257 3.351852 3.397878 3.488127 3.370370
3 3.397878 3.586207 0.000000 3.474801 3.320106 3.477453 3.095491 3.378307 3.326260 3.456464 3.296296
4 3.265252 3.503979 3.477453 0.000000 3.174603 3.315650 3.522547 3.298942 3.254642 3.324538 3.211640
5 3.129630 3.362434 3.320106 3.171958 0.000000 3.195767 3.365079 3.179894 3.116402 3.179420 3.044974
6 3.286472 3.511936 3.477453 3.312997 3.193122 0.000000 3.533156 3.314815 3.259947 3.345646 3.211640
7 3.453581 3.644562 3.095491 3.519894 3.362434 3.533156 0.000000 3.431217 3.397878 3.501319 3.354497
8 3.248677 3.359788 3.380952 3.298942 3.179894 3.314815 3.433862 0.000000 3.211640 3.303430 3.195767
9 3.177719 3.405836 3.326260 3.251989 3.116402 3.259947 3.397878 3.208995 0.000000 3.253298 3.092592
10 3.253298 3.493404 3.456464 3.321900 3.176781 3.343008 3.501319 3.300792 3.253298 0.000000 3.195251
11 3.129630 3.378307 3.296296 3.211640 3.044974 3.214286 3.357143 3.195767 3.092592 3.197889 0.000000
