11
1 0.000000 119.997345 120.639259 122.978783 120.079369 124.936340 119.005302 124.820107 123.071617 124.237465 124.976189
2 119.981430 0.000000 111.973473 119.411140 115.359787 118.946953 105.212204 119.203705 119.846153 118.182060 121.783066
3 120.628647 111.984085 0.000000 120.450928 116.703705 120.636604 111.198936 120.907410 120.647217 119.868073 122.470901
4 122.984085 119.392570 120.453583 0.000000 115.571426 124.480103 118.541115 124.341270 95.732094 123.828499 122.137566
5 120.087303 115.367722 116.701057 115.571426 0.000000 122.153442 114.185188 122.452377 115.682541 121.693932 120.383598
6 124.928383 118.946953 120.633949 124.458885 122.166664 0.000000 118.835541 113.616402 124.472145 111.200531 125.322754
7 119.021217 105.230766 111.204247 118.543770 114.198410 118.840851 0.000000 118.955025 118.774536 117.889183 121.214287
8 124.835976 119.190475 120.880951 124.309525 122.447090 113.619049 118.931213 0.000000 124.378304 101.298157 125.775131
9 123.034485 119.824936 120.633949 95.721489 115.682541 124.442970 118.761276 124.399467 0.000000 123.868073 122.251320
10 124.205803 118.166229 119.860161 123.820580 121.678101 111.197891 117.875992 101.295517 123.878632 0.000000 125.087074
11 124.957672 121.777779 122.484123 122.140213 120.391533 125.338623 121.198410 125.767197 122.272484 125.084435 0.000000
