11
1 0.000000 15.608769 16.364864 16.646259 15.892858 16.340136 15.928814 16.403061 16.247040 16.717173 16.346802
2 15.534570 0.000000 13.118044 13.376054 10.423271 13.165261 13.620573 13.229342 13.925801 13.707070 13.797979
3 16.388514 13.121416 0.000000 14.337838 13.097973 13.915541 14.533784 11.209459 14.869932 14.429293 14.626263
4 16.743196 13.409781 14.435811 0.000000 13.574105 14.447684 14.908475 14.577778 15.225042 14.589226 14.725589
5 15.874149 10.438449 13.170609 13.509370 0.000000 13.253833 13.715254 13.413969 14.000000 13.737373 13.946128
6 16.171768 13.148398 13.974662 14.466553 13.197615 0.000000 14.355932 13.928205 14.646362 14.272727 14.321548
7 16.157627 13.610456 14.520270 14.876271 13.628814 14.396610 0.000000 14.622034 12.989848 14.537037 14.718855
8 16.482994 13.170321 11.258446 14.517949 13.197615 13.981196 14.518644 0.000000 14.771574 14.355219 14.494949
9 16.350254 13.888701 14.822635 15.145516 13.917089 14.598985 12.881557 14.895093 0.000000 14.754209 14.920876
10 16.393940 13.548821 14.454545 14.484848 13.531986 14.297979 14.572391 14.432660 14.774411 0.000000 11.436027
11 16.260942 13.730639 14.609427 14.569023 13.695286 14.409091 14.670033 14.505051 14.964646 11.436027 0.000000
