11
1 0.000000 0.595477 0.588972 0.592965 0.585427 0.585427 0.580402 0.585427 0.585427 0.585000 0.590000
2 0.595477 0.000000 0.571429 0.562814 0.552764 0.557789 0.560301 0.389447 0.570352 0.490000 0.572500
3 0.591479 0.571429 0.000000 0.566416 0.558897 0.566416 0.566416 0.581454 0.533835 0.565000 0.582500
4 0.595477 0.567839 0.566416 0.000000 0.283920 0.396985 0.560301 0.580402 0.555276 0.562500 0.537500
5 0.587940 0.557789 0.558897 0.286432 0.000000 0.366834 0.530151 0.560301 0.555276 0.542500 0.525000
6 0.580402 0.557789 0.568922 0.396985 0.364322 0.000000 0.530151 0.552764 0.527638 0.537500 0.530000
7 0.580402 0.560301 0.563910 0.557789 0.527638 0.532663 0.000000 0.572864 0.567839 0.555000 0.535000
8 0.582915 0.391960 0.581454 0.577889 0.555276 0.552764 0.570352 0.000000 0.560301 0.472500 0.562500
9 0.585427 0.570352 0.538847 0.555276 0.552764 0.530151 0.570352 0.562814 0.000000 0.542500 0.575000
10 0.585000 0.490000 0.565000 0.562500 0.542500 0.537500 0.555000 0.477500 0.540000 0.000000 0.570000
11 0.587500 0.572500 0.585000 0.532500 0.520000 0.532500 0.537500 0.567500 0.577500 0.565000 0.000000
