11
1 0.000000 125.125626 124.744362 124.869347 125.125626 125.153267 125.158295 125.190956 125.090454 124.482498 124.312500
2 125.125626 0.000000 123.200500 125.105530 125.203514 124.768845 123.969849 124.243721 122.944725 123.029999 124.510002
3 124.796989 123.235588 0.000000 124.598999 124.837090 123.834587 122.085213 123.122810 109.223061 119.985001 124.445000
4 124.826630 125.072861 124.581451 0.000000 123.698494 125.050255 125.047737 125.138191 124.894470 124.320000 122.614998
5 125.208542 125.291458 124.884712 123.776382 0.000000 125.341705 125.293968 125.331657 125.226128 124.635002 124.277496
6 125.168343 124.781410 123.766914 125.092964 125.261307 0.000000 124.474876 124.623116 123.748741 123.512497 124.470001
7 125.070351 123.849243 121.932327 124.947235 125.097992 124.376884 0.000000 123.979897 120.881912 117.292503 124.422501
8 125.135681 124.180908 123.022560 125.120605 125.198494 124.592964 124.030151 0.000000 122.796486 122.989998 124.472504
9 125.072861 122.886932 109.170425 124.861809 125.123116 123.713570 120.939697 122.834167 0.000000 117.675003 124.342499
10 124.442497 122.959999 119.952499 124.277496 124.540001 123.504997 117.320000 123.032501 117.672501 0.000000 124.269997
11 124.275002 124.440002 124.349998 122.547501 124.105003 124.392502 124.500000 124.440002 124.292503 124.227501 0.000000
