11
1 0.000000 12.564987 12.575597 12.578249 12.529100 12.602122 12.541114 12.502645 12.564987 12.509234 12.502645
2 12.575597 0.000000 12.392573 12.503979 12.328042 12.122016 12.363396 12.304233 12.334217 12.110818 12.214286
3 12.572945 12.397878 0.000000 12.474801 12.431217 12.374005 12.384615 12.190476 11.904510 12.335093 12.095238
4 12.580902 12.501327 12.480106 0.000000 12.473545 12.506631 12.461538 12.410053 12.464191 12.443272 12.439154
5 12.526455 12.328042 12.436508 12.462963 0.000000 12.359788 12.367724 12.383598 12.373015 12.372031 12.351851
6 12.599469 12.122016 12.376657 12.503979 12.362433 0.000000 12.419098 12.317460 12.339522 11.960423 12.306878
7 12.551724 12.358090 12.384615 12.458886 12.388889 12.419098 0.000000 12.367724 12.379311 12.395779 12.333333
8 12.484127 12.288360 12.193122 12.407408 12.380953 12.328042 12.373015 0.000000 12.087301 12.274406 12.071428
9 12.564987 12.339522 11.893899 12.472149 12.370370 12.318302 12.389920 12.105820 0.000000 12.284961 12.047619
10 12.511873 12.100264 12.321899 12.432717 12.372031 11.957784 12.395779 12.269130 12.279683 0.000000 12.224275
11 12.502645 12.216931 12.097883 12.441799 12.365079 12.304233 12.343915 12.074074 12.047619 12.242744 0.000000
