11
1 0.000000 134.468796 130.285477 133.006805 131.627548 131.119049 128.828812 132.314621 129.746185 131.272720 137.373734
2 134.170319 0.000000 128.618881 132.674530 131.273193 124.376053 128.836426 122.964584 127.598648 131.961273 138.873734
3 129.930740 128.421585 0.000000 128.555740 126.861488 123.319260 124.201012 124.913849 115.371620 127.257576 134.855225
4 133.142853 132.910629 128.528717 0.000000 129.775131 130.950256 126.479660 131.803421 127.917091 128.856903 132.500000
5 131.549316 131.163574 126.918922 129.681427 0.000000 127.609879 119.379662 129.126068 125.876480 120.880470 134.159927
6 131.180267 124.563240 123.364868 131.339630 127.814308 0.000000 124.610168 121.630768 122.407784 127.318184 135.084167
7 128.664413 128.733551 124.037163 126.010170 119.230507 124.332207 0.000000 125.852539 122.868019 119.548820 131.922562
8 131.955780 122.910622 125.089523 131.552139 129.045990 121.512817 126.176270 0.000000 123.830795 128.858582 135.767670
9 129.111679 127.440132 115.228043 127.883247 125.702202 122.191200 123.005074 123.812180 0.000000 126.297981 133.808075
10 130.638046 132.028625 127.387207 129.047134 120.717171 127.074074 119.698654 128.739059 126.006737 0.000000 135.106064
11 137.154877 138.355225 135.237381 132.311447 134.249161 134.639725 131.895630 135.998322 133.671722 135.106064 0.000000
