11
1 0.000000 24.960213 24.899204 24.970821 24.851852 24.992043 24.885942 24.812170 24.708223 24.844328 24.642857
2 24.968170 0.000000 24.687002 24.771883 23.354498 24.700266 23.198938 24.312170 24.161804 24.928761 24.047619
3 24.893900 24.702917 0.000000 23.482759 24.404762 23.663130 24.538462 23.997355 24.132626 24.934036 24.029100
4 24.962864 24.777189 23.477453 0.000000 24.526455 23.673740 24.557030 23.970900 24.137932 24.944592 24.026455
5 24.843916 23.322752 24.391535 24.518518 0.000000 24.375662 22.669312 24.195766 23.870371 24.881266 23.796297
6 24.986738 24.708223 23.655172 23.668434 24.378307 0.000000 24.435013 23.917990 24.137932 24.955145 24.047619
7 24.880636 23.204245 24.533157 24.549072 22.666666 24.432362 0.000000 24.214285 23.949602 24.883905 23.867725
8 24.806879 24.317461 24.000000 23.965609 24.208994 23.915344 24.224867 0.000000 23.788361 24.889181 23.698412
9 24.710875 24.169762 24.124668 24.137932 23.878307 24.145889 23.952255 23.804234 0.000000 24.749340 19.436508
10 24.836412 24.907652 24.928761 24.952507 24.875990 24.949867 24.886543 24.894459 24.767811 0.000000 24.696569
11 24.642857 24.050264 24.015873 24.026455 23.809525 24.039682 23.859789 23.706348 19.433863 24.683378 0.000000
