11
1 0.000000 24.854111 24.822281 24.334217 24.547619 24.771883 24.724138 24.455027 24.771883 24.519789 24.399471
2 24.859417 0.000000 23.660477 23.326260 23.425926 24.615385 24.559681 23.193121 19.689655 23.733509 23.666666
3 24.830238 23.673740 0.000000 23.116711 23.576719 24.506632 24.376657 23.333334 23.554377 23.567282 23.552910
4 24.336870 23.323606 23.124668 0.000000 23.092592 24.010611 24.042440 22.396826 23.196287 21.171503 21.063492
5 24.563492 23.431217 23.574074 23.079365 0.000000 24.367725 24.335979 22.931217 23.478836 23.469658 23.518518
6 24.771883 24.612732 24.496021 24.013262 24.362434 0.000000 19.259947 24.050264 24.440319 24.242744 24.285715
7 24.721485 24.549072 24.379311 24.034483 24.325397 19.262600 0.000000 24.023809 24.464191 24.182058 24.293652
8 24.447090 23.190475 23.333334 22.402117 22.928572 24.047619 24.018518 0.000000 23.055555 23.055408 22.880953
9 24.769230 19.692308 23.549072 23.198938 23.489418 24.453581 24.469496 23.052910 0.000000 23.680738 23.597883
10 24.543535 23.720316 23.572559 21.187336 23.469658 24.250660 24.179420 23.050133 23.678101 0.000000 21.941952
11 24.417990 23.669312 23.550264 21.068783 23.526455 24.285715 24.298943 22.870371 23.589947 21.939314 0.000000
