11
1 0.000000 0.215852 0.190878 0.221088 0.214286 0.224490 0.225424 0.195578 0.223350 0.220539 0.220539
2 0.202361 0.000000 0.128162 0.175379 0.077572 0.177066 0.097808 0.145025 0.143339 0.151515 0.171717
3 0.189189 0.138280 0.000000 0.114865 0.133446 0.119932 0.160473 0.060811 0.152027 0.106061 0.144781
4 0.219388 0.183811 0.111486 0.000000 0.170358 0.137221 0.189831 0.097436 0.186125 0.132997 0.170034
5 0.207483 0.087690 0.133446 0.170358 0.000000 0.175468 0.106780 0.136286 0.153976 0.156566 0.181818
6 0.226190 0.183811 0.118243 0.137221 0.173765 0.000000 0.198305 0.104274 0.187817 0.119529 0.185185
7 0.213559 0.099494 0.146959 0.184746 0.096610 0.188136 0.000000 0.154237 0.155668 0.168350 0.188552
8 0.197279 0.153457 0.059122 0.097436 0.134583 0.107692 0.164407 0.000000 0.157360 0.106061 0.146465
9 0.216582 0.145025 0.141892 0.177665 0.147208 0.181049 0.160745 0.148900 0.000000 0.166667 0.190236
10 0.223906 0.170034 0.109428 0.139731 0.161616 0.126263 0.188552 0.111111 0.181818 0.000000 0.176768
11 0.220539 0.183502 0.143098 0.178451 0.183502 0.188552 0.198653 0.148148 0.196970 0.171717 0.000000
