11
1 0.000000 0.628647 0.607427 0.641910 0.626984 0.623342 0.631300 0.616402 0.625995 0.622691 0.637566
2 0.633952 0.000000 0.527851 0.615385 0.582011 0.485411 0.596817 0.587302 0.535809 0.609499 0.632275
3 0.612732 0.530504 0.000000 0.618037 0.579365 0.514589 0.522546 0.571429 0.557029 0.612137 0.621693
4 0.639257 0.610080 0.602122 0.000000 0.597884 0.607427 0.631300 0.624339 0.618037 0.635884 0.529101
5 0.629630 0.579365 0.579365 0.603175 0.000000 0.550265 0.595238 0.597884 0.597884 0.580475 0.613757
6 0.628647 0.485411 0.514589 0.612732 0.547619 0.000000 0.562334 0.587302 0.442971 0.593668 0.613757
7 0.633952 0.599469 0.522546 0.633952 0.595238 0.564987 0.000000 0.576720 0.602122 0.614776 0.634921
8 0.626984 0.592593 0.568783 0.629630 0.595238 0.587302 0.574074 0.000000 0.608466 0.622691 0.637566
9 0.628647 0.530504 0.557029 0.620690 0.603175 0.442971 0.596817 0.603175 0.000000 0.601583 0.608466
10 0.630607 0.604222 0.601583 0.638522 0.583113 0.591029 0.617414 0.614776 0.598945 0.000000 0.625330
11 0.642857 0.637566 0.619048 0.534392 0.613757 0.613757 0.634921 0.634921 0.613757 0.635884 0.000000
