11
1 0.000000 10.774536 10.938993 10.862069 10.899471 11.018568 10.763926 10.960318 10.798409 10.783641 10.904762
2 10.779840 0.000000 9.151194 9.729443 9.664021 9.904510 7.607427 8.981482 9.607427 10.108179 9.021164
3 10.936339 9.148541 0.000000 9.774536 9.759259 9.915119 8.997348 8.579365 9.708222 10.150395 8.944445
4 10.854112 9.726790 9.774536 0.000000 9.616402 8.883289 9.623343 9.706349 9.549071 10.105541 9.809524
5 10.896826 9.658731 9.759259 9.613756 0.000000 9.769841 9.555555 9.706349 9.640212 10.071240 9.870370
6 11.013263 9.899204 9.912467 8.880636 9.769841 0.000000 9.676393 9.867724 9.750663 10.284961 9.904762
7 10.766579 7.604774 8.997348 9.623343 9.558201 9.676393 0.000000 8.761905 9.503979 10.084433 8.828042
8 10.962963 8.984127 8.584656 9.708995 9.706349 9.873015 8.767196 0.000000 9.563492 10.060686 8.669312
9 10.801061 9.604774 9.710876 9.551724 9.648149 9.753316 9.506631 9.558201 0.000000 10.092348 9.748677
10 10.783641 10.105541 10.150395 10.110818 10.073878 10.284961 10.087071 10.058047 10.089710 0.000000 10.290237
11 10.904762 9.018518 8.947090 9.809524 9.875662 9.910053 8.833333 8.666667 9.748677 10.290237 0.000000
