11
1 0.000000 23.653267 23.471178 23.510050 23.489950 23.457287 23.678392 23.628141 23.547739 23.447500 23.567499
2 23.635679 0.000000 22.824562 22.854271 22.829145 22.723618 23.319096 23.097990 22.809046 22.772499 20.559999
3 23.453634 22.827068 0.000000 21.619047 20.949875 22.325815 22.964912 22.150375 20.573935 21.617500 22.910000
4 23.510050 22.879396 21.639097 0.000000 21.550251 22.422110 23.062815 21.618090 21.552763 20.070000 22.850000
5 23.482412 22.824121 20.964912 21.542713 0.000000 22.258795 23.025126 22.082914 20.680904 21.277500 22.825001
6 23.439699 22.718594 22.315790 22.404522 22.253769 0.000000 22.748743 22.690954 22.346733 22.360001 22.709999
7 23.668343 23.309046 22.957394 23.042713 23.012564 22.738693 0.000000 23.253769 23.005026 23.004999 23.207500
8 23.620604 23.123116 22.160400 21.608040 22.090452 22.708542 23.263819 0.000000 22.082914 21.647499 23.090000
9 23.535175 22.814070 20.568922 21.542713 20.690954 22.344221 23.020100 22.072865 0.000000 21.447500 22.802500
10 23.442499 22.795000 21.617500 20.065001 21.280001 22.375000 22.997499 21.680000 21.450001 0.000000 22.840000
11 23.565001 20.570000 22.912500 22.855000 22.822500 22.719999 23.212500 23.092501 22.822500 22.844999 0.000000
