11
1 0.000000 7.733558 7.658784 7.700680 7.768707 7.545918 7.576271 7.557823 7.653130 7.632997 7.882155
2 7.674536 0.000000 7.640810 7.617201 7.543002 7.396290 7.251265 7.423272 7.013491 7.316498 7.710438
3 7.626689 7.635750 0.000000 6.986486 7.307433 6.486486 7.211149 6.527027 7.238176 7.505051 6.526936
4 7.673470 7.860034 7.008446 0.000000 7.724020 6.885077 7.413559 6.970940 7.499154 7.442761 7.267677
5 7.780612 7.639123 7.373311 7.712095 0.000000 7.408859 7.376271 7.453152 7.532995 7.358586 7.695286
6 7.488095 7.372681 6.457770 6.869640 7.383305 0.000000 7.028813 6.594872 7.060914 7.170033 6.806397
7 7.488136 7.269814 7.184122 7.371186 7.249153 6.981356 0.000000 7.116949 7.038917 5.803030 7.439394
8 7.488095 7.381113 6.510135 6.928205 7.374787 6.560684 7.149153 0.000000 7.230118 7.272727 6.888889
9 7.688663 7.106239 7.253378 7.588832 7.514382 7.074450 7.094755 7.243655 0.000000 7.257576 7.530303
10 7.606061 7.351852 7.430976 7.398990 7.287879 7.230640 5.853535 7.222222 7.232323 0.000000 7.565657
11 7.821549 7.824916 6.590909 7.265993 7.606061 6.824916 7.526936 6.856902 7.518518 7.606061 0.000000
