11
1 0.000000 0.655172 0.655172 0.665783 0.653439 0.657825 0.663130 0.650794 0.652520 0.654354 0.648148
2 0.655172 0.000000 0.641910 0.652520 0.640212 0.649867 0.639257 0.632275 0.639257 0.646438 0.624339
3 0.655172 0.639257 0.000000 0.633952 0.447090 0.652520 0.652520 0.531746 0.652520 0.583113 0.640212
4 0.663130 0.649867 0.647215 0.000000 0.634921 0.665783 0.665783 0.640212 0.655172 0.633245 0.648148
5 0.653439 0.634921 0.447090 0.634921 0.000000 0.653439 0.653439 0.544974 0.650794 0.548813 0.626984
6 0.663130 0.655172 0.655172 0.668435 0.661376 0.000000 0.519894 0.642857 0.649867 0.659631 0.645503
7 0.665783 0.641910 0.657825 0.668435 0.661376 0.527851 0.000000 0.632275 0.652520 0.659631 0.642857
8 0.653439 0.634921 0.531746 0.637566 0.542328 0.640212 0.632275 0.000000 0.650794 0.598945 0.634921
9 0.655172 0.639257 0.657825 0.657825 0.656085 0.649867 0.649867 0.648148 0.000000 0.662269 0.619048
10 0.654354 0.649077 0.588391 0.638522 0.548813 0.656992 0.656992 0.601583 0.664908 0.000000 0.643799
11 0.650794 0.619048 0.642857 0.650794 0.632275 0.642857 0.640212 0.629630 0.621693 0.638522 0.000000
