11
1 0.000000 8.900506 8.932432 8.942177 8.904762 8.814626 8.872881 8.925170 8.874788 8.824916 9.025252
2 8.827993 0.000000 7.568297 8.097808 6.755481 7.102867 7.374368 5.964587 6.038786 7.158249 8.400674
3 8.890203 7.566610 0.000000 8.001689 7.331081 7.042230 6.998311 7.366554 7.344594 7.244108 8.483165
4 8.908163 8.229342 8.086148 0.000000 7.965929 7.847342 7.791525 8.099145 8.060914 7.695286 7.520202
5 8.814626 6.728499 7.250000 7.940375 0.000000 6.979557 7.203390 6.597956 6.472081 7.089226 8.506734
6 8.782313 7.160203 7.064189 7.886793 7.059625 0.000000 7.062712 6.947009 6.886633 6.259259 8.075758
7 8.916949 7.416526 7.001689 7.828814 7.247458 7.028813 0.000000 7.274576 7.104907 7.057239 8.587543
8 9.027211 5.988195 7.476351 8.316239 6.642249 6.993162 7.384746 0.000000 5.862944 7.107744 8.442760
9 8.866328 6.033727 7.309122 8.028765 6.482234 6.873096 7.138748 5.815567 0.000000 6.939394 8.297979
10 8.698653 7.149832 7.309764 7.781145 7.085859 6.254209 7.052188 7.021885 6.942761 0.000000 8.175084
11 9.003367 8.523569 8.447811 7.533670 8.599326 8.163300 8.621212 8.405724 8.476431 8.156566 0.000000
