11
1 0.000000 5.658291 5.674185 5.688442 5.693467 5.675879 5.690955 5.688442 5.673367 5.667500 5.655000
2 5.663317 0.000000 5.654135 5.658291 5.660804 5.587940 5.655779 5.643216 5.618091 5.657500 5.622500
3 5.681704 5.651629 0.000000 5.639098 5.639098 5.639098 5.636591 5.611529 5.666667 5.670000 5.605000
4 5.690955 5.653266 5.639098 0.000000 5.505025 5.660804 5.379397 5.565327 5.675879 5.667500 5.552500
5 5.698493 5.655779 5.639098 5.510050 0.000000 5.655779 5.505025 5.567839 5.675879 5.672500 5.555000
6 5.685930 5.597990 5.631579 5.658291 5.653266 0.000000 5.658291 5.625628 5.653266 5.620000 5.627500
7 5.695980 5.655779 5.644110 5.374372 5.500000 5.668342 0.000000 5.600502 5.680904 5.670000 5.577500
8 5.690955 5.638191 5.611529 5.557789 5.560301 5.633166 5.600502 0.000000 5.663317 5.657500 5.505000
9 5.670854 5.608040 5.656641 5.670854 5.670854 5.663317 5.668342 5.658291 0.000000 5.665000 5.657500
10 5.660000 5.657500 5.665000 5.665000 5.662500 5.632500 5.662500 5.655000 5.665000 0.000000 5.650000
11 5.660000 5.625000 5.597500 5.562500 5.562500 5.637500 5.577500 5.517500 5.660000 5.655000 0.000000
