11
1 0.000000 131.289124 131.183029 131.196289 130.711639 130.856766 131.331558 130.738098 131.148544 130.559372 130.830688
2 131.307693 0.000000 129.493362 129.655167 129.629623 130.013260 124.198936 130.103180 129.933685 129.079163 129.259262
3 131.175064 129.490723 0.000000 127.501328 129.317459 129.920425 129.859421 129.997360 129.679047 126.580475 123.589951
4 131.198944 129.663132 127.482758 0.000000 129.206345 129.750656 129.952255 129.730164 129.554382 117.390503 127.134918
5 130.706345 129.595245 129.309525 129.182541 0.000000 129.465607 129.703705 129.931213 124.920631 128.799469 129.240738
6 130.854111 130.010605 129.923080 129.740051 129.470901 0.000000 130.323608 125.240738 129.811676 129.000000 129.616409
7 131.334213 124.183022 129.848801 129.936340 129.719574 130.294434 0.000000 130.195770 130.140579 129.192612 129.582016
8 130.738098 130.084656 129.997360 129.735443 129.928574 125.216934 130.185181 0.000000 129.960312 129.385223 129.849213
9 131.148544 129.936340 129.694962 129.564987 124.928574 129.824936 130.169754 129.965607 0.000000 128.976257 129.296295
10 130.562012 129.065964 126.585754 117.374672 128.810028 128.981537 129.211075 129.361481 128.941956 0.000000 126.786278
11 130.838623 129.248672 123.587303 127.145500 129.251328 129.611115 129.571426 129.854492 129.283066 126.796837 0.000000
