11
1 0.000000 0.434673 0.433584 0.439698 0.427136 0.432161 0.447236 0.447236 0.444724 0.425000 0.440000
2 0.434673 0.000000 0.423559 0.444724 0.439698 0.432161 0.449749 0.434673 0.427136 0.430000 0.445000
3 0.433584 0.423559 0.000000 0.446115 0.433584 0.436090 0.453634 0.448622 0.431078 0.437500 0.452500
4 0.437186 0.447236 0.446115 0.000000 0.452261 0.432161 0.462312 0.454774 0.429648 0.442500 0.435000
5 0.424623 0.442211 0.433584 0.452261 0.000000 0.449749 0.409548 0.427136 0.452261 0.442500 0.457500
6 0.429648 0.434673 0.436090 0.432161 0.449749 0.000000 0.464824 0.447236 0.434673 0.422500 0.405000
7 0.444724 0.452261 0.453634 0.464824 0.409548 0.464824 0.000000 0.419598 0.457286 0.455000 0.447500
8 0.447236 0.437186 0.448622 0.454774 0.427136 0.449749 0.417085 0.000000 0.442211 0.442500 0.442500
9 0.442211 0.429648 0.431078 0.429648 0.452261 0.434673 0.457286 0.442211 0.000000 0.437500 0.447500
10 0.425000 0.432500 0.440000 0.442500 0.442500 0.422500 0.455000 0.445000 0.437500 0.000000 0.435000
11 0.440000 0.452500 0.455000 0.435000 0.457500 0.405000 0.450000 0.447500 0.450000 0.435000 0.000000
