11
1 0.000000 235.320953 234.984085 233.758621 232.042328 238.087540 234.408493 235.656082 235.607422 234.139847 234.497360
2 235.331558 0.000000 172.339523 215.562332 193.476196 227.880630 215.686996 198.640213 218.145889 222.237473 191.822754
3 234.986740 172.344833 0.000000 215.511932 194.142853 227.816971 215.371353 199.021164 217.785141 222.253296 190.682541
4 233.761276 215.559677 215.511932 0.000000 210.275131 226.912460 199.355438 216.952377 202.827591 221.097626 214.857147
5 232.052917 193.476196 194.150787 210.267197 0.000000 224.222229 209.740738 197.092590 212.629623 218.577835 194.021164
6 238.090179 227.899200 227.809021 226.912460 224.219574 0.000000 226.856766 228.351852 228.395218 206.000000 227.158737
7 234.408493 215.676392 215.371353 199.355438 209.746033 226.840851 0.000000 216.701065 187.679047 220.899734 214.634918
8 235.653442 198.634918 199.002640 216.947083 197.079361 228.351852 216.687836 0.000000 219.066132 223.591034 199.187836
9 235.625992 218.153839 217.790451 202.824936 212.605820 228.395218 187.684357 219.074081 0.000000 222.973618 216.976196
10 234.158310 222.221634 222.253296 221.105545 218.577835 206.002640 220.905014 223.596313 222.984161 0.000000 222.105545
11 234.497360 191.814819 190.671951 214.851852 194.013229 227.174606 214.624344 199.190475 216.973541 222.097626 0.000000
