11
1 0.000000 14.360743 14.230769 14.167109 14.727513 14.514589 14.835544 14.394180 14.477453 14.572559 14.396826
2 14.360743 0.000000 13.774536 13.718833 14.396826 14.029178 14.530504 13.854497 13.944297 14.000000 13.880953
3 14.236074 13.777188 0.000000 13.334217 14.293651 13.928382 14.389920 13.777778 13.864721 14.007915 13.788360
4 14.164456 13.716181 13.326260 0.000000 14.219577 13.883289 14.326260 13.756614 13.822281 13.960423 13.748677
5 14.727513 14.396826 14.291005 14.224868 0.000000 14.584656 14.351851 14.473545 14.529100 14.656992 14.470900
6 14.511936 14.026525 13.923077 13.883289 14.582010 0.000000 14.718833 13.616402 13.692307 14.102902 13.611111
7 14.840849 14.533156 14.389920 14.334217 14.354497 14.724138 0.000000 14.568783 14.673740 14.707124 14.576719
8 14.394180 13.854497 13.772487 13.761905 14.473545 13.619047 14.566137 0.000000 13.589947 13.997361 13.547619
9 14.482759 13.949602 13.864721 13.832891 14.534391 13.700265 14.676393 13.595238 0.000000 14.100264 13.605820
10 14.577836 14.007915 14.010554 13.970976 14.662270 14.113457 14.709763 14.002639 14.100264 0.000000 14.013192
11 14.399471 13.880953 13.785714 13.753968 14.470900 13.616402 14.574074 13.547619 13.600529 14.010554 0.000000
