11
1 0.000000 0.324121 0.358396 0.334171 0.396985 0.329146 0.351759 0.359296 0.344221 0.347500 0.392500
2 0.324121 0.000000 0.275689 0.288945 0.286432 0.266332 0.253769 0.276382 0.281407 0.280000 0.280000
3 0.358396 0.275689 0.000000 0.315789 0.328321 0.320802 0.092732 0.315789 0.310777 0.280000 0.312500
4 0.334171 0.288945 0.315789 0.000000 0.354271 0.223618 0.316583 0.336683 0.188442 0.192500 0.355000
5 0.396985 0.286432 0.328321 0.354271 0.000000 0.351759 0.301508 0.306533 0.374372 0.362500 0.165000
6 0.329146 0.263819 0.320802 0.223618 0.351759 0.000000 0.306533 0.326633 0.218593 0.237500 0.362500
7 0.354271 0.253769 0.092732 0.319095 0.301508 0.309045 0.000000 0.288945 0.311558 0.287500 0.290000
8 0.361809 0.276382 0.315789 0.336683 0.306533 0.329146 0.288945 0.000000 0.346734 0.350000 0.307500
9 0.344221 0.278894 0.308271 0.188442 0.371859 0.216080 0.309045 0.346734 0.000000 0.160000 0.365000
10 0.347500 0.277500 0.277500 0.192500 0.360000 0.235000 0.285000 0.350000 0.160000 0.000000 0.340000
11 0.395000 0.280000 0.312500 0.357500 0.167500 0.365000 0.290000 0.307500 0.367500 0.342500 0.000000
