11
1 0.000000 120.135681 119.686714 118.643219 119.741203 120.278893 120.085426 119.020103 119.997490 119.102501 118.894997
2 120.143219 0.000000 115.932327 114.587936 114.635681 119.233665 119.173370 113.846733 98.839195 115.764999 115.757500
3 119.646614 115.929825 0.000000 112.919800 114.982452 118.483711 118.315788 113.313286 115.340851 114.822502 114.752502
4 118.567841 114.557793 112.912277 0.000000 113.706032 116.716080 116.595474 110.537689 113.623116 104.245003 103.820000
5 119.668343 114.640701 114.962402 113.718590 0.000000 118.874374 118.643219 113.123116 114.555275 114.722504 115.055000
6 120.180908 119.175880 118.471176 116.733665 118.856781 0.000000 96.934677 117.376884 118.876884 117.842499 117.602501
7 119.977386 119.087936 118.265663 116.545227 118.620605 96.914574 0.000000 116.969849 118.738693 117.345001 117.489998
8 119.037689 113.831657 113.328323 110.587936 113.125626 117.422112 117.042717 0.000000 113.185928 112.760002 112.230003
9 119.917084 98.788948 115.275688 113.567841 114.525124 118.829147 118.718590 113.067841 0.000000 114.904999 115.029999
10 119.057503 115.722504 114.849998 104.294998 114.757500 117.902496 117.407501 112.752502 115.007500 0.000000 108.357498
11 118.787498 115.714996 114.775002 103.827499 115.055000 117.614998 117.535004 112.192497 115.067497 108.337502 0.000000
