11
1 0.000000 2.310287 2.297297 2.333333 2.331633 2.331633 2.311864 2.319728 2.326565 2.291246 2.291246
2 2.308600 0.000000 2.136594 2.160202 2.163575 2.180439 2.139966 2.163575 2.160202 2.138047 2.136364
3 2.300676 2.141653 0.000000 2.158784 2.157094 2.165540 2.131757 2.148649 2.155406 2.117845 2.117845
4 2.340136 2.168634 2.163851 0.000000 2.201022 2.212693 2.169492 2.196581 2.189509 2.154882 2.159933
5 2.333333 2.166948 2.155406 2.195911 0.000000 2.207836 2.155932 2.187393 2.181049 2.153199 2.153199
6 2.338435 2.187184 2.168919 2.210978 2.211244 0.000000 2.183051 2.194872 2.201354 2.161616 2.164983
7 2.315254 2.141653 2.130068 2.162712 2.152542 2.177966 0.000000 2.159322 2.159052 2.129630 2.126263
8 2.328231 2.173693 2.155406 2.198291 2.195911 2.198291 2.167797 0.000000 2.187817 2.151515 2.151515
9 2.331641 2.165261 2.155406 2.186125 2.182741 2.199661 2.162436 2.182741 0.000000 2.154882 2.153199
10 2.294613 2.141414 2.119529 2.151515 2.156566 2.159933 2.132997 2.144781 2.154882 0.000000 2.119529
11 2.294613 2.138047 2.117845 2.154882 2.154882 2.161616 2.127946 2.144781 2.151515 2.117845 0.000000
