11
1 0.000000 5.582914 5.553885 5.560301 5.552764 5.552764 5.597990 5.545226 5.557789 5.547500 5.557500
2 5.592965 0.000000 5.513784 5.527638 5.542714 5.512563 5.595478 5.557789 5.520101 5.517500 5.045000
3 5.563910 5.523809 0.000000 5.333333 5.172932 5.338346 5.543859 5.403509 5.060150 5.327500 5.512500
4 5.575377 5.525126 5.328321 0.000000 5.268844 5.389447 5.545226 5.243719 5.213568 4.907500 5.500000
5 5.565327 5.535176 5.167920 5.268844 0.000000 5.399498 5.540201 5.369347 5.097990 5.252500 5.522500
6 5.562814 5.507538 5.338346 5.381909 5.389447 0.000000 5.489950 5.424623 5.334171 5.357500 5.500000
7 5.600502 5.587940 5.531328 5.527638 5.532663 5.477387 0.000000 5.552764 5.525126 5.535000 5.555000
8 5.552764 5.550251 5.393484 5.238693 5.364322 5.422111 5.560301 0.000000 5.306533 5.270000 5.525000
9 5.567839 5.510050 5.045113 5.195980 5.085427 5.329146 5.520101 5.298995 0.000000 5.230000 5.492500
10 5.557500 5.510000 5.320000 4.907500 5.255000 5.357500 5.550000 5.257500 5.250000 0.000000 5.507500
11 5.552500 5.032500 5.505000 5.492500 5.517500 5.507500 5.562500 5.520000 5.507500 5.512500 0.000000
