11
1 0.000000 11.723440 11.618243 11.792517 11.903061 11.812925 11.957627 11.695579 11.898478 11.747475 11.828282
2 11.763912 0.000000 11.079258 11.219224 10.170321 11.311973 10.276560 11.077572 10.861720 11.314815 11.414142
3 11.658784 11.114671 0.000000 10.560811 11.260135 10.631757 11.368243 9.743243 11.334459 10.631313 11.244108
4 11.818027 11.247892 10.540541 0.000000 11.453152 10.898799 11.506780 10.629060 11.460237 10.797979 11.372054
5 11.965986 10.193929 11.246622 11.482113 0.000000 11.531516 10.605084 11.345826 11.081219 11.454545 11.575758
6 11.863946 11.347386 10.640203 10.922813 11.533219 0.000000 11.559322 10.736753 11.507614 10.531986 11.424242
7 12.011865 10.279933 11.349662 11.520339 10.588136 11.564406 0.000000 11.381356 11.209814 11.530303 11.629630
8 11.695579 11.069140 9.714527 10.615385 11.310051 10.694017 11.355932 0.000000 11.311337 10.574074 11.193603
9 11.937394 10.873525 11.314189 11.467005 11.062606 11.478849 11.177665 11.319797 0.000000 11.486532 11.622895
10 11.784512 11.353536 10.643098 10.823233 11.473064 10.531986 11.537037 10.617846 11.505051 0.000000 11.459596
11 11.840067 11.425926 11.220539 11.372054 11.563973 11.415825 11.651515 11.210438 11.656566 11.452862 0.000000
