11
1 0.000000 5.510050 5.511278 5.462312 5.520101 5.522613 5.530151 5.457286 5.517588 5.477500 5.425000
2 5.517588 0.000000 5.335840 5.329146 5.351759 5.449749 5.442211 5.286432 4.540201 5.407500 5.372500
3 5.513784 5.338346 0.000000 5.230577 5.370927 5.398496 5.416040 5.253133 5.340852 5.302500 5.300000
4 5.479899 5.341709 5.225564 0.000000 5.309045 5.369347 5.336683 5.082914 5.291457 4.805000 4.847500
5 5.527638 5.339196 5.358396 5.301507 0.000000 5.449749 5.467337 5.256281 5.331658 5.297500 5.350000
6 5.530151 5.452261 5.390977 5.366834 5.462312 0.000000 4.449749 5.384422 5.462312 5.430000 5.405000
7 5.527638 5.437186 5.393484 5.324121 5.474874 4.447236 0.000000 5.402010 5.447236 5.397500 5.425000
8 5.467337 5.278894 5.240602 5.087940 5.266332 5.371859 5.389447 0.000000 5.216080 5.162500 5.185000
9 5.510050 4.535176 5.330827 5.278894 5.329146 5.462312 5.447236 5.211055 0.000000 5.335000 5.355000
10 5.475000 5.397500 5.290000 4.802500 5.297500 5.417500 5.405000 5.150000 5.327500 0.000000 5.022500
11 5.427500 5.350000 5.287500 4.842500 5.340000 5.395000 5.417500 5.170000 5.342500 5.027500 0.000000
