11
1 0.000000 11.929648 11.919800 11.952261 11.954774 11.944724 11.939698 11.934673 11.952261 11.890000 11.880000
2 11.924623 0.000000 11.654136 11.668342 11.600503 11.645729 11.610553 11.628140 11.726130 11.702500 11.567500
3 11.909775 11.649123 0.000000 11.611528 10.812030 11.619047 11.636592 11.624060 11.759398 11.717500 11.577500
4 11.957287 11.665829 11.626567 0.000000 11.618091 11.145729 11.223619 11.246231 11.743718 11.687500 11.227500
5 11.949749 11.597990 10.817042 11.613066 0.000000 11.577889 11.643216 11.592965 11.753769 11.667500 11.567500
6 11.947236 11.648241 11.616541 11.148241 11.587939 0.000000 10.045226 10.045226 11.736181 11.637500 10.192500
7 11.937186 11.610553 11.651629 11.216081 11.650754 10.037688 0.000000 8.738693 11.718593 11.647500 9.512500
8 11.944724 11.633165 11.644111 11.241206 11.615578 10.047739 8.741206 0.000000 11.693467 11.630000 9.587500
9 11.967337 11.731155 11.761905 11.736181 11.753769 11.726130 11.721106 11.706030 0.000000 11.100000 11.645000
10 11.900000 11.722500 11.717500 11.697500 11.670000 11.650000 11.645000 11.632500 11.092500 0.000000 11.640000
11 11.895000 11.570000 11.605000 11.210000 11.572500 10.177500 9.512500 9.587500 11.650000 11.630000 0.000000
