11
1 0.000000 16.558178 17.261824 17.869047 17.464285 17.879251 17.872881 17.340136 17.504230 17.434343 17.159933
2 16.387857 0.000000 14.367622 14.802698 14.404722 15.185497 15.247892 14.487352 14.898820 14.732324 14.164983
3 17.287163 14.394604 0.000000 14.337838 11.317568 15.699325 16.255068 12.442568 15.697635 13.131313 15.183501
4 17.814627 15.011805 14.515203 0.000000 14.649063 16.744425 16.525423 14.586325 16.247040 14.284512 15.538720
5 17.476191 14.478921 11.339527 14.683135 0.000000 16.090290 16.474577 12.882453 15.901861 13.181818 15.341751
6 17.923470 15.134908 16.162163 16.874786 16.262350 0.000000 12.593221 16.717949 16.126904 16.026936 15.474748
7 17.976271 15.328836 16.322636 16.559322 16.476271 12.647458 0.000000 16.467796 16.439932 16.383839 15.537037
8 17.420069 14.489038 12.533784 14.671795 12.955707 16.634188 16.420340 0.000000 15.878173 13.415825 15.478114
9 17.458546 14.888701 15.542230 16.064299 15.695432 16.045685 16.179358 15.769881 0.000000 16.031986 15.454545
10 17.451178 14.690236 13.163300 14.304714 13.153198 16.437710 16.479797 13.217172 16.109428 0.000000 15.713804
11 17.198652 14.286196 15.461280 15.796296 15.713804 15.565657 15.388889 15.542088 15.523569 15.734007 0.000000
