11
1 0.000000 25.429708 25.411140 25.331566 25.156084 25.376657 25.167109 25.283070 25.421751 25.100264 25.359789
2 25.435013 0.000000 24.578249 25.374004 25.182539 25.397879 25.374004 25.171957 25.442970 25.229551 24.494709
3 25.411140 24.599470 0.000000 25.352785 25.195766 25.421751 25.371353 25.246031 25.498674 25.234829 23.748676
4 25.320955 25.368700 25.339523 0.000000 24.780424 25.220160 25.193634 24.886244 25.273209 25.100264 25.246031
5 25.148148 25.182539 25.193121 24.788361 0.000000 25.240740 25.010582 24.058201 25.248676 24.897099 25.177248
6 25.381964 25.392572 25.429708 25.222811 25.243385 0.000000 25.323606 25.248676 24.037136 25.179420 25.330688
7 25.167109 25.368700 25.374004 25.198938 25.005291 25.315649 0.000000 25.140211 25.355438 24.604221 25.309525
8 25.285715 25.169312 25.251324 24.899471 24.066137 25.240740 25.137566 0.000000 25.280424 25.084433 25.182539
9 25.432362 25.440319 25.509283 25.267904 25.259260 24.034483 25.368700 25.277779 0.000000 25.284960 25.428572
10 25.089710 25.218998 25.229551 25.092348 24.889181 25.174143 24.606859 25.079155 25.266491 0.000000 25.221636
11 25.365080 24.494709 23.730158 25.248676 25.182539 25.335979 25.320107 25.182539 25.433863 25.234829 0.000000
