11
1 0.000000 5.992043 5.992043 5.992043 5.973545 5.989390 5.992043 5.976191 5.994695 5.963061 5.968254
2 5.989390 0.000000 5.901857 5.989390 5.968254 5.986737 5.992043 5.976191 5.989390 5.957784 5.976191
3 5.989390 5.907162 0.000000 5.994695 5.955027 5.992043 5.992043 5.976191 5.994695 5.957784 5.957672
4 5.992043 5.989390 5.992043 0.000000 5.976191 5.992043 5.992043 5.976191 5.779841 5.963061 5.978836
5 5.973545 5.968254 5.955027 5.976191 0.000000 5.970900 5.976191 5.970900 5.976191 5.955145 5.957672
6 5.992043 5.992043 5.994695 5.994695 5.976191 0.000000 5.997347 5.976191 5.994695 5.955145 5.976191
7 5.989390 5.989390 5.986737 5.989390 5.976191 5.992043 0.000000 5.936508 5.986737 5.960422 5.978836
8 5.973545 5.973545 5.973545 5.976191 5.965609 5.978836 5.925926 0.000000 5.976191 5.963061 5.976191
9 5.994695 5.989390 5.992043 5.782494 5.978836 5.994695 5.994695 5.978836 0.000000 5.963061 5.978836
10 5.957784 5.960422 5.952507 5.963061 5.955145 5.949868 5.963061 5.963061 5.960422 0.000000 5.947229
11 5.973545 5.970900 5.962963 5.978836 5.965609 5.976191 5.978836 5.973545 5.978836 5.949868 0.000000
