11
1 0.000000 23.942211 23.784462 24.025126 23.932161 23.856785 24.025126 23.841709 23.959799 23.937500 23.955000
2 23.969849 0.000000 22.270678 23.298994 22.758795 21.065327 22.904522 22.801508 21.768845 22.795000 23.110001
3 23.809525 22.260653 0.000000 23.117794 22.543859 21.814537 21.270678 22.646616 22.303259 22.695000 23.059999
4 24.040201 23.273869 23.155388 0.000000 22.806532 23.077890 23.469849 23.394472 23.311558 22.870001 20.580000
5 23.924623 22.748743 22.548872 22.809046 0.000000 22.366835 22.992462 22.974874 22.748743 22.067499 22.667500
6 23.836683 21.057789 21.807018 23.060301 22.356785 0.000000 22.522614 22.419598 20.180904 22.565001 22.940001
7 24.042713 22.879396 21.280703 23.444723 22.977386 22.510050 0.000000 23.062815 22.741205 23.137501 23.365000
8 23.856785 22.781406 22.641603 23.402010 22.964825 22.417086 23.070353 0.000000 22.731155 22.962500 23.347500
9 23.989950 21.776382 22.333334 23.291458 22.736181 20.188442 22.746231 22.766331 0.000000 22.865000 23.240000
10 23.945000 22.805000 22.695000 22.885000 22.077499 22.575001 23.160000 22.972500 22.860001 0.000000 22.877501
11 23.982500 23.117500 23.087500 20.587500 22.662500 22.952499 23.389999 23.344999 23.235001 22.870001 0.000000
