11
1 0.000000 237.389450 235.318298 236.298996 236.409546 237.055283 236.590454 236.859299 237.402008 234.639999 235.869995
2 237.268845 0.000000 230.230576 233.821609 230.917084 234.748749 231.173370 232.992462 201.256287 229.287506 233.252502
3 235.162903 230.152878 0.000000 230.904755 227.714279 231.350876 228.523804 228.827072 230.315796 205.202499 230.652496
4 236.276382 233.869354 231.062653 0.000000 232.422104 233.494980 232.859299 233.173370 233.974869 230.300003 232.445007
5 236.369354 230.974869 227.847122 232.444717 0.000000 233.130646 227.462311 231.515076 231.012558 226.972504 232.350006
6 236.972366 234.731155 231.453629 233.447235 233.110550 0.000000 233.278900 233.515076 234.713562 230.875000 230.339996
7 236.708542 231.409546 228.794479 233.017593 227.565323 233.479904 0.000000 232.115585 231.391953 227.737503 232.372498
8 236.650757 232.904526 228.824554 233.010056 231.379395 233.447235 231.791458 0.000000 233.080399 227.895004 232.259995
9 237.271362 201.226135 230.333328 233.889450 230.914566 234.690948 231.168335 233.145721 0.000000 229.237503 233.572495
10 234.544998 229.282501 205.270004 230.225006 226.887497 230.865005 227.522507 227.940002 229.277496 0.000000 230.630005
11 235.824997 233.330002 230.764999 232.414993 232.282501 230.387497 232.137497 232.357498 233.645004 230.672501 0.000000
