11
1 0.000000 123.133163 123.102760 123.577888 123.386932 123.402008 122.914574 123.351761 123.123116 122.800003 122.529999
2 123.015076 0.000000 119.215538 121.188438 120.040199 118.311562 119.871857 119.331657 118.844223 117.345001 117.980003
3 123.067673 119.285713 0.000000 121.553886 120.624062 120.503761 120.225563 117.591476 113.350876 120.239998 116.972504
4 123.467339 121.223618 121.456139 0.000000 121.806534 121.768845 121.226128 121.618088 121.437187 121.262497 120.684998
5 123.281410 120.065323 120.566414 121.836685 0.000000 120.984924 120.947235 120.939697 120.444725 120.529999 119.584999
6 123.309044 118.314072 120.468674 121.831657 120.992462 0.000000 120.793968 120.577888 120.180908 114.904999 119.480003
7 122.726128 119.791458 120.105263 121.216080 120.886932 120.701004 0.000000 120.118088 119.949745 120.227501 119.089996
8 123.251259 119.369347 117.586464 121.675880 120.957283 120.585426 120.190956 0.000000 116.615578 119.992500 116.370003
9 123.052765 118.871857 113.308273 121.512566 120.459801 120.221107 120.040199 116.643219 0.000000 119.900002 115.584999
10 122.692497 117.337502 120.162498 121.254997 120.522499 114.927498 120.254997 119.977501 119.860001 0.000000 119.305000
11 122.434998 117.980003 116.907501 120.690002 119.567497 119.442497 119.099998 116.334999 115.555000 119.302498 0.000000
