11
1 0.000000 2.802698 2.756757 2.829932 2.857143 2.846939 2.872881 2.768708 2.862944 2.813131 2.875421
2 2.809443 0.000000 2.625632 2.709949 2.387858 2.723440 2.430017 2.634064 2.564924 2.698653 2.737374
3 2.743243 2.607083 0.000000 2.440878 2.653716 2.496622 2.670608 2.211149 2.653716 2.468014 2.638047
4 2.812925 2.696459 2.459460 0.000000 2.729131 2.590051 2.761017 2.468376 2.732656 2.533670 2.712121
5 2.863945 2.387858 2.673986 2.763203 0.000000 2.785349 2.483051 2.700170 2.658206 2.734007 2.814815
6 2.806123 2.691400 2.484797 2.569468 2.744463 0.000000 2.771186 2.497436 2.739425 2.425926 2.718855
7 2.864407 2.409781 2.672297 2.754237 2.474576 2.789830 0.000000 2.683051 2.612521 2.740741 2.772727
8 2.750000 2.608769 2.204392 2.449573 2.657581 2.494017 2.669492 0.000000 2.641286 2.451179 2.636364
9 2.857868 2.564924 2.662162 2.741117 2.620981 2.769881 2.605753 2.666667 0.000000 2.730640 2.779461
10 2.809764 2.691919 2.486532 2.540404 2.718855 2.457912 2.749158 2.479798 2.754209 0.000000 2.722222
11 2.856902 2.740741 2.653199 2.728956 2.781145 2.750842 2.776094 2.661616 2.781145 2.732323 0.000000
