11
1 0.000000 244.469849 243.558899 245.693466 244.829147 243.871857 245.359299 244.530151 244.474869 244.039993 244.662506
2 244.361816 0.000000 229.223053 237.982407 233.768845 219.065323 234.645721 235.160797 225.193466 234.377502 237.132507
3 243.496246 229.218048 0.000000 237.022552 232.671677 225.987473 220.563904 233.659149 229.912277 233.929993 237.294998
4 245.758789 238.195984 237.187973 0.000000 232.505020 236.693466 240.522614 239.879395 238.844223 233.574997 210.592499
5 244.791458 233.854279 232.721802 232.444717 0.000000 231.635681 237.334167 236.449753 235.178391 227.752502 232.097504
6 243.726135 219.007538 225.907272 236.442215 231.459793 0.000000 231.947235 232.452255 208.927139 232.152496 235.852493
7 245.206024 234.580399 220.496246 240.288940 237.201004 231.967331 0.000000 237.748749 235.062820 237.065002 239.532501
8 244.512558 235.223618 233.764404 239.826630 236.424622 232.582916 237.809052 0.000000 235.896988 236.627502 239.270004
9 244.376877 225.193466 229.924805 238.713562 235.108047 209.027634 235.135681 235.824127 0.000000 234.907501 238.002502
10 243.972504 234.447495 233.962494 233.485001 227.777496 232.297501 237.184998 236.597504 234.967499 0.000000 234.022507
11 244.645004 237.294998 237.422501 210.570007 232.112503 236.074997 239.744995 239.365005 238.110001 234.130005 0.000000
