11
1 0.000000 257.525208 257.435028 258.745361 256.338623 256.360748 258.098145 257.936493 258.063660 256.430084 257.605835
2 257.530518 0.000000 254.697617 256.920410 252.727509 252.055710 255.275864 255.992065 255.440323 253.825851 255.351852
3 257.450928 254.729446 0.000000 256.246674 251.761902 250.175064 250.896545 255.492065 250.909821 245.216354 248.328049
4 258.745361 256.907166 256.241394 0.000000 253.523804 253.973480 257.212189 256.965607 257.103455 255.250656 256.685181
5 256.338623 252.730164 251.746033 253.534393 0.000000 246.468246 252.941803 254.417984 252.925919 251.949875 253.801590
6 256.350128 252.047745 250.172409 253.997345 246.470901 0.000000 251.875336 253.174606 251.877991 249.984161 252.275131
7 258.084869 255.254639 250.875336 257.217499 252.962967 251.867371 0.000000 256.137573 214.313004 250.382584 252.531754
8 257.936493 255.992065 255.465607 256.960327 254.433868 253.161377 256.148163 0.000000 256.288361 255.150391 256.505280
9 258.061005 255.432358 250.880630 257.098145 252.917984 251.838196 214.305038 256.298950 0.000000 250.416885 252.732803
10 256.443268 253.836411 245.200531 255.271774 251.960419 249.994720 250.393143 255.150391 250.422165 0.000000 237.815308
11 257.637573 255.341263 248.314819 256.716919 253.809525 252.288361 252.550262 256.510590 252.746033 237.825851 0.000000
