11
1 0.000000 24.665829 24.604010 24.670855 24.663317 24.653267 24.660805 24.665829 24.653267 24.527500 24.547501
2 24.658291 0.000000 24.095238 24.630653 24.505026 24.618090 24.645729 24.653267 24.633165 24.517500 24.477501
3 24.606516 24.112782 0.000000 24.593985 24.385965 24.563910 24.593985 24.604010 24.583960 24.517500 24.477501
4 24.668343 24.643215 24.586466 0.000000 24.640703 24.645729 24.655779 24.638191 22.979900 24.514999 24.507500
5 24.658291 24.510050 24.380953 24.643215 0.000000 24.633165 24.655779 24.623116 24.592964 24.527500 24.424999
6 24.670855 24.633165 24.571428 24.648241 24.625628 0.000000 24.640703 24.648241 24.643215 24.417500 24.525000
7 24.660805 24.643215 24.601503 24.650753 24.640703 24.640703 0.000000 24.120604 24.633165 24.525000 24.542500
8 24.660805 24.653267 24.591478 24.628141 24.628141 24.650753 24.103016 0.000000 24.580402 24.517500 24.530001
9 24.653267 24.635679 24.578947 22.982412 24.585426 24.640703 24.625628 24.572865 0.000000 24.517500 24.510000
10 24.535000 24.517500 24.527500 24.507500 24.532499 24.402500 24.512501 24.520000 24.530001 0.000000 24.522499
11 24.540001 24.477501 24.482500 24.510000 24.417500 24.520000 24.537500 24.525000 24.510000 24.540001 0.000000
