11
1 0.000000 17.979763 18.197636 18.302721 18.272108 18.059525 18.271187 18.231293 18.238579 18.129629 17.885521
2 17.839798 0.000000 16.951096 17.050591 17.364250 13.866779 17.166948 16.753794 17.092749 16.749159 14.323233
3 18.143581 17.106239 0.000000 17.694256 17.675676 16.756756 17.613176 13.739865 17.763514 14.023569 16.930977
4 18.127550 17.038786 17.493244 0.000000 15.649063 17.056604 12.247458 17.740171 12.385787 17.420876 16.865320
5 18.215986 17.406408 17.510136 15.717206 0.000000 17.359455 15.722034 17.683134 15.739425 17.478115 17.284512
6 18.069727 14.008431 16.625000 17.181818 17.267462 0.000000 17.027119 16.912821 17.076141 16.506735 13.880471
7 18.216949 17.123102 17.619932 12.213559 15.745763 17.049152 0.000000 17.718643 11.944162 17.518518 17.141415
8 18.168367 16.821247 13.775338 17.735043 17.606474 16.719658 17.579660 0.000000 17.489002 12.718855 16.601009
9 18.211506 17.200674 17.608109 12.445008 15.751269 17.067682 11.971235 17.597292 0.000000 17.550505 17.003366
10 18.154882 16.878788 13.983165 17.523569 17.663300 16.548822 17.570707 12.700336 17.569023 0.000000 16.878788
11 17.831650 14.355219 16.764309 17.008417 17.171717 13.700336 17.062290 16.584175 16.993265 16.683502 0.000000
