11
1 0.000000 5.119363 5.127321 5.061008 5.116402 5.129973 5.058355 5.087302 5.050398 5.050132 5.060846
2 5.122016 0.000000 4.262599 4.612732 4.507936 4.644562 3.503979 4.169312 4.570292 4.899736 4.208995
3 5.148541 4.262599 0.000000 4.599470 4.576720 4.639257 4.177719 3.984127 4.620690 4.841689 4.089947
4 5.066313 4.610080 4.599470 0.000000 4.513227 4.095491 4.549072 4.550264 4.456234 4.810026 4.552910
5 5.119048 4.505291 4.574074 4.513227 0.000000 4.579365 4.428571 4.518518 4.478836 4.828496 4.484127
6 5.135279 4.644562 4.639257 4.098143 4.582011 0.000000 4.543766 4.613757 4.543766 4.934037 4.587302
7 5.058355 3.503979 4.177719 4.549072 4.428571 4.541114 0.000000 4.044973 4.474801 4.868074 4.076720
8 5.095238 4.166667 3.981482 4.547619 4.515873 4.608466 4.044973 0.000000 4.510582 4.860158 3.957672
9 5.055703 4.567639 4.618037 4.453581 4.476191 4.541114 4.474801 4.510582 0.000000 4.912929 4.568783
10 5.055409 4.899736 4.839050 4.802111 4.823219 4.931398 4.868074 4.862797 4.912929 0.000000 4.839050
11 5.066138 4.206349 4.087302 4.552910 4.484127 4.584656 4.082011 3.960317 4.568783 4.839050 0.000000
