11
1 0.000000 8.861720 8.819257 8.971088 8.891156 8.843537 8.977966 8.954082 9.005076 8.892256 8.912457
2 8.851602 0.000000 8.070827 8.516020 6.748735 6.397976 8.482293 6.409781 8.532884 8.683501 8.324916
3 8.881757 8.055649 0.000000 6.209459 7.934122 8.216216 7.459459 8.133446 7.456081 7.956229 6.870370
4 8.937075 8.276560 6.207770 0.000000 8.241908 8.456261 7.589830 8.350428 7.529611 7.952862 6.919192
5 8.687075 6.716695 8.054054 8.293015 0.000000 6.787053 8.347458 6.826235 8.138748 8.481482 8.222222
6 8.852041 6.377740 8.244932 8.432247 6.783646 0.000000 8.423729 6.471795 8.324873 8.510101 8.333333
7 8.961017 8.483980 7.410473 7.677966 8.371186 8.428814 0.000000 8.627119 6.260575 7.804714 7.309764
8 8.848639 6.362563 8.158784 8.502564 6.824532 6.425641 8.425424 0.000000 8.561760 8.651515 8.380471
9 8.815567 8.436762 7.439189 7.460237 8.094754 8.438240 6.231811 8.532995 0.000000 8.107744 7.422559
10 8.848485 8.616161 7.858586 8.045455 8.296296 8.494949 7.883838 8.574074 8.069023 0.000000 7.882155
11 8.925926 8.287879 6.845118 6.962963 8.149832 8.409091 7.255892 8.545455 7.387206 8.048821 0.000000
