11
1 0.000000 25.920424 25.915119 25.920424 25.846561 25.915119 25.912466 25.849207 25.923077 25.775726 25.854498
2 25.915119 0.000000 25.440319 25.896551 25.727512 25.883289 25.907162 25.835979 25.891247 25.759895 25.804234
3 25.912466 25.413794 0.000000 25.901857 25.653439 25.883289 25.909815 25.833334 25.891247 25.765171 25.814816
4 25.915119 25.891247 25.904509 0.000000 25.820107 25.899204 25.907162 25.817461 24.180372 25.746702 25.814816
5 25.841270 25.714285 25.645502 25.814816 0.000000 25.796297 25.833334 25.804234 25.767197 25.757256 25.748676
6 25.912466 25.877985 25.877985 25.901857 25.809525 0.000000 25.899204 25.833334 25.885942 25.659630 25.828043
7 25.904509 25.896551 25.912466 25.907162 25.833334 25.907162 0.000000 25.298943 25.885942 25.765171 25.846561
8 25.843916 25.830688 25.833334 25.814816 25.801588 25.838625 25.275133 0.000000 25.753969 25.754618 25.822752
9 25.923077 25.893900 25.896551 24.180372 25.780424 25.904509 25.891247 25.759260 0.000000 25.767811 25.814816
10 25.767811 25.757256 25.773087 25.746702 25.757256 25.656992 25.762533 25.757256 25.765171 0.000000 25.778364
11 25.846561 25.796297 25.806879 25.812170 25.738094 25.830688 25.849207 25.830688 25.809525 25.770449 0.000000
