11
1 0.000000 24.309046 24.230576 24.336683 24.216080 24.354271 24.391960 24.288944 24.369347 24.315001 24.225000
2 24.321608 0.000000 24.182957 24.281406 22.839195 21.309046 24.251257 21.386934 24.238693 24.264999 24.107500
3 24.235588 24.172932 0.000000 20.969925 24.000000 24.150375 23.666666 24.082706 23.571428 23.924999 22.750000
4 24.349247 24.271357 20.984962 0.000000 24.097990 24.261307 23.788944 24.218594 23.748743 23.959999 23.137501
5 24.216080 22.811558 24.002506 24.080402 0.000000 22.889448 24.133165 22.763819 24.143215 23.987499 23.872499
6 24.361809 21.301508 24.147869 24.238693 22.881910 0.000000 24.283920 22.002512 24.248743 24.270000 24.092501
7 24.396984 24.243719 23.649122 23.771357 24.155779 24.306532 0.000000 24.193468 21.178392 23.942499 23.492500
8 24.306532 21.389448 24.085213 24.221106 22.758795 22.007538 24.195980 0.000000 24.188442 24.197500 24.027500
9 24.371859 24.223618 23.568922 23.763819 24.143215 24.233669 21.163317 24.183416 0.000000 24.004999 23.549999
10 24.302500 24.254999 23.917500 23.957500 24.000000 24.272499 23.922501 24.182501 23.982500 0.000000 23.715000
11 24.225000 24.077499 22.754999 23.122499 23.860001 24.097500 23.485001 23.995001 23.532499 23.707500 0.000000
