11
1 0.000000 0.433390 0.434122 0.430272 0.430272 0.433673 0.445763 0.440476 0.441624 0.436027 0.434343
2 0.441821 0.000000 0.387858 0.403035 0.404722 0.401349 0.406408 0.404722 0.392917 0.375421 0.249158
3 0.430743 0.372681 0.000000 0.317568 0.270270 0.322635 0.386824 0.356419 0.228041 0.291246 0.388889
4 0.437075 0.411467 0.324324 0.000000 0.327087 0.349914 0.401695 0.328205 0.307953 0.257576 0.407407
5 0.423469 0.387858 0.266892 0.313458 0.000000 0.323680 0.362712 0.330494 0.260575 0.297980 0.395623
6 0.450680 0.392917 0.329392 0.348199 0.333901 0.000000 0.344068 0.362393 0.311337 0.338384 0.409091
7 0.454237 0.401349 0.383446 0.376271 0.376271 0.340678 0.000000 0.391525 0.370558 0.360269 0.404040
8 0.430272 0.389545 0.353041 0.305983 0.332198 0.357265 0.393220 0.000000 0.321489 0.297980 0.404040
9 0.450085 0.394604 0.241554 0.304569 0.275804 0.319797 0.372250 0.341794 0.000000 0.286195 0.407407
10 0.432660 0.380471 0.291246 0.255892 0.303030 0.348485 0.390572 0.316498 0.286195 0.000000 0.387205
11 0.434343 0.245791 0.400673 0.392256 0.400673 0.404040 0.395623 0.417508 0.400673 0.377104 0.000000
