11
1 0.000000 0.550251 0.581454 0.545226 0.567839 0.572864 0.577889 0.567839 0.565327 0.577500 0.560000
2 0.550251 0.000000 0.536341 0.515075 0.557789 0.527638 0.547739 0.497487 0.474874 0.497500 0.477500
3 0.576441 0.536341 0.000000 0.558897 0.566416 0.578947 0.588972 0.551378 0.546366 0.550000 0.532500
4 0.545226 0.512563 0.566416 0.000000 0.555276 0.359296 0.557789 0.512563 0.532663 0.540000 0.512500
5 0.562814 0.557789 0.563910 0.552764 0.000000 0.570352 0.585427 0.570352 0.565327 0.572500 0.567500
6 0.567839 0.525126 0.571429 0.359296 0.567839 0.000000 0.557789 0.520100 0.540201 0.555000 0.520000
7 0.577889 0.550251 0.588972 0.565327 0.590452 0.567839 0.000000 0.582915 0.587940 0.597500 0.567500
8 0.572864 0.500000 0.548872 0.517588 0.570352 0.525126 0.585427 0.000000 0.351759 0.437500 0.432500
9 0.567839 0.477387 0.546366 0.532663 0.567839 0.545226 0.587940 0.349246 0.000000 0.452500 0.477500
10 0.580000 0.500000 0.552500 0.545000 0.577500 0.557500 0.597500 0.435000 0.452500 0.000000 0.392500
11 0.560000 0.480000 0.527500 0.512500 0.567500 0.522500 0.567500 0.430000 0.477500 0.392500 0.000000
