11
1 0.000000 0.148398 0.135135 0.151361 0.119048 0.151361 0.113559 0.158163 0.118443 0.119529 0.136364
2 0.168634 0.000000 0.153457 0.067454 0.139966 0.172007 0.133221 0.188870 0.141653 0.139731 0.149832
3 0.140203 0.143339 0.000000 0.148649 0.099662 0.153716 0.116554 0.167230 0.082770 0.095960 0.127946
4 0.168367 0.067454 0.157095 0.000000 0.139693 0.161235 0.128814 0.184615 0.150592 0.148148 0.159933
5 0.127551 0.129848 0.103041 0.132879 0.000000 0.148211 0.103390 0.148211 0.072758 0.074074 0.097643
6 0.151361 0.156830 0.148649 0.145798 0.137990 0.000000 0.125424 0.162393 0.138748 0.136364 0.163300
7 0.116949 0.118044 0.113176 0.116949 0.098305 0.130508 0.000000 0.147458 0.098139 0.099327 0.119529
8 0.158163 0.173693 0.160473 0.170940 0.144804 0.170940 0.147458 0.000000 0.148900 0.153199 0.168350
9 0.125212 0.131535 0.082770 0.137056 0.071066 0.145516 0.103215 0.148900 0.000000 0.043771 0.099327
10 0.138047 0.136364 0.102694 0.148148 0.079125 0.149832 0.109428 0.159933 0.053872 0.000000 0.106061
11 0.143098 0.138047 0.126263 0.154882 0.095960 0.170034 0.124579 0.170034 0.101010 0.101010 0.000000
