11
1 0.000000 0.367622 0.336149 0.323129 0.348639 0.346939 0.332203 0.362245 0.324873 0.346801 0.350168
2 0.349073 0.000000 0.278246 0.318718 0.317032 0.276560 0.310287 0.246206 0.274874 0.324916 0.331650
3 0.324324 0.295110 0.000000 0.304054 0.280405 0.293919 0.255068 0.285473 0.192568 0.316498 0.318182
4 0.304422 0.325464 0.280405 0.000000 0.274276 0.288165 0.264407 0.311111 0.289340 0.286195 0.291246
5 0.338435 0.328836 0.270270 0.286201 0.000000 0.308348 0.257627 0.316865 0.279188 0.240741 0.336700
6 0.338435 0.284992 0.287162 0.298456 0.308348 0.000000 0.294915 0.247863 0.285956 0.316498 0.356902
7 0.327119 0.318718 0.241554 0.279661 0.255932 0.289831 0.000000 0.283051 0.270728 0.260943 0.318182
8 0.343537 0.252951 0.282095 0.317949 0.310051 0.242735 0.281356 0.000000 0.274112 0.348485 0.333333
9 0.306261 0.278246 0.184122 0.292724 0.274112 0.277496 0.267343 0.272420 0.000000 0.294613 0.306397
10 0.341751 0.341751 0.301347 0.296296 0.244108 0.329966 0.264310 0.356902 0.308081 0.000000 0.343434
11 0.341751 0.335017 0.303030 0.306397 0.326599 0.361953 0.314815 0.329966 0.324916 0.340067 0.000000
