11
1 0.000000 12.259947 12.326260 12.135279 12.232804 12.267904 12.299735 12.179894 12.190982 12.208444 12.145503
2 12.241380 0.000000 11.931034 11.724138 11.841269 12.177719 12.185677 11.685185 10.116711 11.865436 11.822751
3 12.315650 11.915119 0.000000 11.657825 11.902117 12.095490 12.177719 11.701058 11.933687 11.783641 11.830688
4 12.108753 11.718833 11.671087 0.000000 11.708995 12.005305 12.007957 11.423281 11.708222 10.498681 10.624338
5 12.222222 11.859788 11.896826 11.714286 0.000000 12.185185 12.198413 11.666667 11.780423 11.844327 11.851851
6 12.262600 12.177719 12.100796 12.013263 12.171958 0.000000 10.037135 12.031746 12.201591 12.129288 12.126985
7 12.294430 12.188329 12.172414 12.023872 12.214286 10.034483 0.000000 12.052910 12.217506 12.118733 12.134921
8 12.161376 11.679894 11.693122 11.439154 11.674603 12.029100 12.037037 0.000000 11.626985 11.540897 11.550264
9 12.159151 10.116711 11.957560 11.713528 11.777778 12.233421 12.209549 11.640212 0.000000 11.770449 11.814815
10 12.168865 11.868073 11.796834 10.503958 11.860158 12.129288 12.121372 11.548813 11.759894 0.000000 10.994723
11 12.140212 11.822751 11.820106 10.626985 11.835979 12.132276 12.145503 11.563492 11.820106 11.000000 0.000000
