11
1 0.000000 0.456998 0.454392 0.464286 0.462585 0.442177 0.496610 0.494898 0.433164 0.466330 0.484848
2 0.448567 0.000000 0.369309 0.399663 0.252951 0.340641 0.470489 0.478921 0.325464 0.400673 0.464646
3 0.449324 0.374368 0.000000 0.413851 0.400338 0.366554 0.494932 0.484797 0.347973 0.419192 0.474747
4 0.471088 0.389545 0.417230 0.000000 0.427598 0.356775 0.496610 0.485470 0.350254 0.451178 0.464646
5 0.457483 0.252951 0.415541 0.424191 0.000000 0.367973 0.491525 0.487223 0.355330 0.417508 0.489899
6 0.431973 0.327150 0.354730 0.349914 0.357751 0.000000 0.449153 0.463248 0.093063 0.373737 0.456229
7 0.498305 0.462057 0.491554 0.486441 0.486441 0.454237 0.000000 0.516949 0.438240 0.478114 0.496633
8 0.482993 0.451939 0.449324 0.456410 0.478705 0.468376 0.498305 0.000000 0.460237 0.462963 0.461279
9 0.428088 0.323777 0.337838 0.343486 0.341794 0.096447 0.436548 0.467005 0.000000 0.363636 0.441077
10 0.449495 0.393939 0.405724 0.429293 0.412458 0.368687 0.483165 0.478114 0.348485 0.000000 0.462963
11 0.489899 0.466330 0.473064 0.459596 0.500000 0.474747 0.508417 0.478114 0.444444 0.471380 0.000000
