11
1 0.000000 111.185928 107.786964 108.246231 110.417084 107.105530 106.540199 108.180908 109.263817 110.425003 109.072502
2 111.150757 0.000000 105.636589 106.434677 104.118088 105.354271 104.351761 106.123116 92.125626 109.087502 107.167503
3 107.741852 105.629074 0.000000 99.345863 104.150375 86.300751 96.313286 99.298248 102.601501 103.137497 101.864998
4 108.213570 106.417084 99.338348 0.000000 105.248741 98.555275 92.097992 76.479897 103.208542 104.107498 98.412498
5 110.379395 104.110550 104.132835 105.231155 0.000000 103.479897 102.326630 104.768845 100.110550 107.654999 105.705002
6 107.075378 105.356781 86.313286 98.603012 103.522614 0.000000 95.087936 98.427139 102.077888 102.114998 100.897499
7 106.494972 104.298996 96.323311 92.087936 102.311562 95.050255 0.000000 91.773872 100.537689 101.800003 92.242500
8 108.160805 106.095474 99.298248 76.464821 104.778893 98.389450 91.778893 0.000000 103.097992 103.872498 98.184998
9 109.238693 92.133163 102.598999 103.206032 100.103012 102.017586 100.550255 103.065323 0.000000 106.427498 104.285004
10 110.392502 109.082497 103.157501 104.089996 107.650002 102.095001 101.802498 103.830002 106.422501 0.000000 106.132500
11 109.084999 107.150002 101.887497 98.415001 105.697502 100.892502 92.279999 98.205002 104.290001 106.182503 0.000000
