11
1 0.000000 0.040472 0.037162 0.045918 0.059524 0.051020 0.049153 0.051020 0.040609 0.040404 0.040404
2 0.042159 0.000000 0.018550 0.033727 0.047218 0.040472 0.037099 0.040472 0.025295 0.025253 0.023569
3 0.040541 0.020236 0.000000 0.028716 0.045608 0.033784 0.035473 0.035473 0.020270 0.023569 0.018519
4 0.049320 0.035413 0.028716 0.000000 0.052811 0.034305 0.047458 0.039316 0.033841 0.038721 0.033670
5 0.052721 0.040472 0.037162 0.044293 0.000000 0.049404 0.049153 0.045997 0.037225 0.045455 0.038721
6 0.052721 0.040472 0.032095 0.032590 0.054514 0.000000 0.050847 0.037607 0.032149 0.042088 0.031987
7 0.057627 0.040472 0.037162 0.049153 0.059322 0.054237 0.000000 0.057627 0.040609 0.043771 0.042088
8 0.052721 0.040472 0.033784 0.037607 0.052811 0.037607 0.054237 0.000000 0.030457 0.040404 0.030303
9 0.043993 0.026981 0.018581 0.032149 0.045685 0.032149 0.037225 0.030457 0.000000 0.028620 0.015152
10 0.040404 0.023569 0.021886 0.037037 0.052189 0.040404 0.038721 0.038721 0.026936 0.000000 0.021886
11 0.042088 0.023569 0.018519 0.033670 0.045455 0.033670 0.038721 0.030303 0.015152 0.023569 0.000000
