11
1 0.000000 244.223618 243.884705 244.422104 243.783920 244.409546 243.786438 243.758789 242.256287 242.899994 240.677505
2 244.057785 0.000000 239.032578 239.721100 226.711060 239.633163 226.361816 237.062820 235.484924 242.227493 233.149994
3 243.769424 239.037598 0.000000 226.867172 237.919800 231.250626 237.744354 233.729324 234.934830 242.589996 233.357498
4 244.334167 239.746231 226.854630 0.000000 238.515076 231.663315 238.178391 233.728638 235.203522 242.597504 233.007507
5 243.753769 226.834167 238.000000 238.570358 0.000000 238.221100 221.638184 235.477386 233.206024 241.952499 230.865005
6 244.329147 239.640701 231.288223 231.683411 238.183411 0.000000 238.097992 234.000000 235.140701 242.667496 233.195007
7 243.572861 226.271362 237.659149 238.075378 221.454773 237.989944 0.000000 235.321609 232.668335 241.600006 230.119995
8 243.655777 237.135681 233.802002 233.711060 235.454773 233.964828 235.417084 0.000000 231.613068 241.597504 229.007507
9 242.015076 235.339203 234.839600 235.047745 233.047745 234.977386 232.595474 231.472366 0.000000 239.657501 188.330002
10 242.925003 242.382507 242.695007 242.687500 241.970001 242.750000 241.842499 241.657501 239.889999 0.000000 239.360001
11 240.592499 233.179993 233.347504 232.972504 230.809998 233.142502 230.182495 228.997498 188.442505 239.232498 0.000000
