11
1 0.000000 122.954773 122.809525 123.092964 123.148239 123.070351 122.962311 122.859299 123.168343 122.472504 122.492500
2 123.067841 0.000000 119.972427 116.100502 120.067841 120.075378 117.512566 98.022614 119.806534 119.522499 119.447502
3 122.924812 119.982452 0.000000 119.817039 116.656639 115.904762 119.967415 119.656639 116.330826 115.282501 115.312500
4 123.145729 116.110550 119.756889 0.000000 119.979897 120.097992 117.497490 115.510048 119.786430 119.180000 119.432503
5 123.221107 119.982414 116.586464 119.962311 0.000000 116.989952 120.057793 119.668343 110.595474 116.432503 116.107498
6 123.158295 120.047737 115.877190 120.075378 117.005028 0.000000 120.092964 119.763817 116.932159 114.272499 111.044998
7 122.962311 117.444725 119.877190 117.462311 120.002510 120.022614 0.000000 117.095474 119.814072 119.474998 119.437500
8 122.974876 98.035179 119.629074 115.497490 119.703514 119.738693 117.165833 0.000000 119.565323 119.097504 119.152496
9 123.356781 119.871857 116.315788 119.912064 110.620605 116.974876 119.984924 119.623116 0.000000 116.547501 115.699997
10 122.550003 119.532501 115.242500 119.192497 116.370003 114.297501 119.537498 119.089996 116.470001 0.000000 114.125000
11 122.497498 119.385002 115.237503 119.434998 116.095001 111.017502 119.470001 119.167503 115.607498 114.102501 0.000000
