11
1 0.000000 0.587940 0.566416 0.597990 0.590452 0.590452 0.587940 0.577889 0.600502 0.605000 0.572500
2 0.590452 0.000000 0.578947 0.590452 0.600502 0.605528 0.577889 0.577889 0.587940 0.600000 0.582500
3 0.568922 0.573935 0.000000 0.538847 0.548872 0.553885 0.568922 0.531328 0.576441 0.595000 0.300000
4 0.603015 0.587940 0.541353 0.000000 0.505025 0.587940 0.587940 0.580402 0.608040 0.612500 0.552500
5 0.592965 0.600502 0.551378 0.507538 0.000000 0.572864 0.567839 0.562814 0.605528 0.610000 0.555000
6 0.590452 0.600502 0.558897 0.590452 0.577889 0.000000 0.575377 0.442211 0.592965 0.607500 0.570000
7 0.587940 0.575377 0.573935 0.590452 0.570352 0.577889 0.000000 0.552764 0.603015 0.607500 0.577500
8 0.577889 0.580402 0.536341 0.587940 0.570352 0.444724 0.557789 0.000000 0.597990 0.615000 0.547500
9 0.603015 0.582915 0.576441 0.610553 0.600502 0.597990 0.605528 0.597990 0.000000 0.465000 0.575000
10 0.607500 0.595000 0.597500 0.612500 0.610000 0.607500 0.612500 0.605000 0.465000 0.000000 0.585000
11 0.572500 0.582500 0.300000 0.552500 0.555000 0.565000 0.575000 0.542500 0.577500 0.585000 0.000000
