11
1 0.000000 248.153259 247.135345 247.012558 248.241211 246.351761 249.836685 249.097992 246.489944 247.679993 247.607498
2 247.831665 0.000000 244.458649 245.967331 224.243713 241.464828 248.723618 248.683411 241.793976 245.907501 247.122498
3 247.047623 244.586472 0.000000 245.195496 244.719299 240.258148 248.125320 248.135345 240.486221 245.847504 247.054993
4 246.663315 245.967331 244.997498 0.000000 246.170853 242.590454 248.919601 247.552765 242.849243 246.107498 245.945007
5 248.366837 224.595474 245.010025 246.613068 0.000000 242.374374 249.213562 249.314072 242.728638 246.470001 247.529999
6 246.135681 241.527634 240.132828 242.673370 242.022614 0.000000 247.472366 247.708542 160.512558 242.384995 245.817505
7 249.628143 248.821609 248.072678 249.052765 248.869354 247.510056 0.000000 250.020096 247.557785 247.712494 248.554993
8 249.118088 248.994980 248.343353 247.962311 249.198486 247.994980 250.243713 0.000000 248.067841 248.157501 247.035004
9 246.231155 241.824127 240.375946 242.899490 242.316589 160.474869 247.472366 247.733673 0.000000 242.432495 245.884995
10 247.429993 245.997498 245.789993 246.199997 246.137497 242.395004 247.707504 247.932495 242.529999 0.000000 247.449997
11 247.347504 247.127502 246.865005 245.945007 247.077499 245.764999 248.470001 246.684998 245.899994 247.337494 0.000000
