11
1 0.000000 0.657825 0.663130 0.660477 0.661376 0.663130 0.660477 0.656085 0.668435 0.651715 0.653439
2 0.668435 0.000000 0.665783 0.663130 0.669312 0.665783 0.623342 0.656085 0.657825 0.662269 0.658730
3 0.663130 0.660477 0.000000 0.641910 0.664021 0.657825 0.660477 0.661376 0.657825 0.633245 0.603175
4 0.665783 0.657825 0.647215 0.000000 0.661376 0.668435 0.660477 0.664021 0.644562 0.591029 0.640212
5 0.664021 0.666667 0.666667 0.658730 0.000000 0.669312 0.669312 0.658730 0.626984 0.662269 0.661376
6 0.668435 0.660477 0.660477 0.668435 0.669312 0.000000 0.663130 0.632275 0.668435 0.664908 0.661376
7 0.668435 0.620690 0.663130 0.663130 0.669312 0.665783 0.000000 0.664021 0.660477 0.651715 0.650794
8 0.661376 0.656085 0.658730 0.661376 0.661376 0.634921 0.664021 0.000000 0.661376 0.656992 0.658730
9 0.671088 0.655172 0.657825 0.644562 0.632275 0.671088 0.663130 0.666667 0.000000 0.659631 0.658730
10 0.662269 0.654354 0.638522 0.591029 0.659631 0.662269 0.649077 0.659631 0.654354 0.000000 0.633245
11 0.658730 0.650794 0.603175 0.642857 0.656085 0.666667 0.650794 0.658730 0.656085 0.641161 0.000000
