11
1 0.000000 0.130653 0.100251 0.090452 0.070352 0.090452 0.143216 0.125628 0.080402 0.122500 0.065000
2 0.128141 0.000000 0.132832 0.138191 0.118090 0.138191 0.185930 0.143216 0.128141 0.172500 0.117500
3 0.097744 0.132832 0.000000 0.107769 0.087719 0.107769 0.100251 0.135338 0.097744 0.150000 0.085000
4 0.087940 0.140704 0.107769 0.000000 0.077889 0.097990 0.160804 0.113065 0.077889 0.137500 0.077500
5 0.070352 0.120603 0.090226 0.080402 0.000000 0.080402 0.140704 0.115578 0.070352 0.102500 0.052500
6 0.087940 0.138191 0.107769 0.097990 0.077889 0.000000 0.160804 0.133166 0.085427 0.135000 0.077500
7 0.140704 0.185930 0.100251 0.158291 0.138191 0.158291 0.000000 0.180905 0.148241 0.197500 0.137500
8 0.125628 0.145729 0.137845 0.115578 0.115578 0.135678 0.183417 0.000000 0.125628 0.170000 0.115000
9 0.077889 0.130653 0.097744 0.077889 0.067839 0.085427 0.150754 0.123116 0.000000 0.132500 0.067500
10 0.122500 0.175000 0.152500 0.140000 0.102500 0.137500 0.200000 0.170000 0.135000 0.000000 0.110000
11 0.067500 0.122500 0.090000 0.082500 0.055000 0.082500 0.142500 0.117500 0.070000 0.110000 0.000000
