11
1 0.000000 11.434673 11.345864 11.354271 11.429648 11.359297 11.512563 11.334171 11.369347 11.395000 11.357500
2 11.454774 0.000000 11.240602 10.849246 11.268845 10.874372 11.266332 10.040201 10.030150 10.462500 10.330000
3 11.328321 11.235589 0.000000 11.203008 11.150376 11.208020 11.401003 11.177945 11.182958 11.317500 11.250000
4 11.341708 10.854271 11.197995 0.000000 11.261307 9.768845 11.218593 10.678392 10.726130 10.890000 10.895000
5 11.434673 11.278894 11.162908 11.271357 0.000000 11.223619 11.449749 11.165829 11.193467 11.315000 11.302500
6 11.364322 10.891960 11.235589 9.771357 11.241206 0.000000 11.283919 10.670855 10.758794 10.940000 10.932500
7 11.510050 11.278894 11.406015 11.226130 11.442211 11.266332 0.000000 11.243718 11.218593 11.295000 11.332500
8 11.331658 10.040201 11.192983 10.675879 11.148241 10.658292 11.248744 0.000000 8.437186 9.862500 9.700000
9 11.371860 10.025126 11.192983 10.731155 11.195980 10.743718 11.223619 8.437186 0.000000 9.950000 9.805000
10 11.405000 10.472500 11.327500 10.912500 11.320000 10.947500 11.285000 9.847500 9.942500 0.000000 9.825000
11 11.380000 10.332500 11.262500 10.895000 11.305000 10.915000 11.347500 9.702500 9.815000 9.825000 0.000000
