11
1 0.000000 3.421585 3.364865 3.052721 3.397959 3.030612 3.538983 3.409864 3.372250 3.804714 3.308081
2 3.465430 0.000000 3.143339 3.268128 3.193929 3.241147 3.686341 3.182125 3.146712 3.715488 3.479798
3 3.412162 3.133221 0.000000 3.163851 2.763514 3.131757 3.542230 2.868243 2.266892 3.324916 3.537037
4 3.049320 3.242833 3.123311 0.000000 3.180579 2.560892 3.406780 3.205128 3.138748 3.582492 2.917508
5 3.416667 3.161889 2.753378 3.194208 0.000000 3.172061 3.594915 2.834753 2.759729 3.372054 3.437711
6 3.010204 3.177066 3.091216 2.538594 3.166951 0.000000 3.327119 3.157265 3.101523 3.553872 2.983165
7 3.610169 3.664418 3.530406 3.391526 3.627119 3.340678 0.000000 3.554237 3.561760 4.047138 3.649832
8 3.472789 3.185498 2.868243 3.249573 2.862010 3.210256 3.579661 0.000000 2.881557 3.343434 3.481482
9 3.399323 3.131535 2.280406 3.153976 2.766497 3.128596 3.590524 2.883249 0.000000 3.313131 3.417508
10 3.836700 3.676768 3.309764 3.570707 3.407408 3.601010 3.964647 3.311448 3.324916 0.000000 3.829966
11 3.294613 3.474747 3.447811 2.904040 3.412458 2.968014 3.639731 3.414141 3.365320 3.771044 0.000000
