11
1 0.000000 13.112985 13.092905 12.908163 12.989796 13.120749 13.276271 13.241497 12.847715 12.971380 12.765993
2 13.116358 0.000000 10.192243 10.571670 10.811130 10.423271 10.362563 10.367622 10.706576 10.077441 10.531986
3 13.101352 10.231029 0.000000 10.388514 10.655405 10.263514 10.226352 10.189189 10.525338 9.841751 10.335017
4 12.862245 10.590219 10.359797 0.000000 10.085179 10.367067 10.516949 10.642735 9.832487 10.276094 9.301347
5 12.957483 10.819562 10.613175 10.064736 0.000000 10.557070 10.777966 10.856899 9.761421 10.528620 9.951179
6 13.127551 10.465430 10.256757 10.401372 10.601363 0.000000 10.379661 10.526496 10.399323 10.112795 10.205387
7 13.247458 10.409781 10.222973 10.537288 10.791526 10.372881 0.000000 10.232203 10.661591 10.141414 10.466330
8 13.176870 10.342327 10.135135 10.608547 10.831346 10.482051 10.181355 0.000000 10.642978 10.095960 10.439394
9 12.776649 10.686340 10.466216 9.798646 9.741117 10.328258 10.598985 10.637902 0.000000 10.383839 9.735690
10 13.075758 10.126263 9.851851 10.306397 10.558923 10.122895 10.158249 10.149832 10.441077 0.000000 10.287879
11 12.703704 10.542088 10.299664 9.299664 9.944445 10.168350 10.430977 10.462963 9.764310 10.237373 0.000000
