11
1 0.000000 11.937186 11.904762 11.947236 11.917086 11.934673 11.929648 11.932160 11.927135 11.892500 11.882500
2 11.929648 0.000000 11.857142 11.902010 11.248744 10.972362 11.881909 10.904523 11.894472 11.852500 11.840000
3 11.899750 11.852130 0.000000 10.659148 11.759398 11.824561 11.626567 11.839599 11.659148 11.765000 11.387500
4 11.932160 11.912061 10.649123 0.000000 11.856784 11.869347 11.706030 11.891960 11.698492 11.795000 11.402500
5 11.907035 11.256282 11.769423 11.851759 0.000000 11.251256 11.841708 11.316583 11.846734 11.807500 11.810000
6 11.934673 10.964824 11.837092 11.876884 11.258794 0.000000 11.894472 10.886934 11.891960 11.880000 11.840000
7 11.947236 11.886934 11.619047 11.716081 11.849246 11.891960 0.000000 11.889447 10.685929 11.772500 11.610000
8 11.934673 10.909548 11.842105 11.907035 11.331658 10.894472 11.884422 0.000000 11.881909 11.875000 11.830000
9 11.934673 11.891960 11.661654 11.706030 11.839196 11.881909 10.675879 11.879397 0.000000 11.767500 11.625000
10 11.900000 11.862500 11.772500 11.800000 11.812500 11.875000 11.780000 11.882500 11.762500 0.000000 11.767500
11 11.885000 11.840000 11.392500 11.417500 11.805000 11.835000 11.607500 11.822500 11.627500 11.765000 0.000000
