11
1 0.000000 16.082228 15.931034 15.907162 16.312170 16.114058 16.058355 16.000000 16.164455 15.905013 15.920635
2 16.092838 0.000000 13.724138 13.724138 14.179894 14.031830 13.864721 13.859788 13.801061 13.725594 13.690476
3 15.925730 13.713528 0.000000 13.488064 13.933863 13.785146 13.620689 13.600529 13.785146 13.416886 13.272487
4 15.912467 13.721485 13.496021 0.000000 13.941799 13.793103 13.633952 13.597883 13.774536 13.519789 13.486773
5 16.314816 14.174603 13.939154 13.941799 0.000000 14.240741 13.748677 14.076719 14.224868 13.997361 13.976191
6 16.114058 14.021220 13.787799 13.787799 14.235450 0.000000 13.938993 13.645503 14.137931 13.773088 13.793651
7 16.063660 13.862069 13.631300 13.633952 13.751323 13.946950 0.000000 13.751323 13.933687 13.630607 13.634921
8 15.994709 13.843915 13.597883 13.587301 14.066137 13.640212 13.740741 0.000000 13.947090 13.617414 13.637567
9 16.172413 13.801061 13.795756 13.777188 14.230159 14.145888 13.936339 13.960318 0.000000 13.807388 13.780423
10 15.902374 13.712401 13.416886 13.511873 13.992085 13.773088 13.622691 13.622691 13.796834 0.000000 13.445910
11 15.925926 13.687831 13.280423 13.486773 13.976191 13.801587 13.632276 13.648149 13.775132 13.451187 0.000000
