11
1 0.000000 14.293424 13.788852 12.736395 13.938775 12.457483 14.496611 14.132653 13.890017 15.104377 13.654882
2 14.258010 0.000000 13.021922 13.418213 12.942664 13.328836 14.809443 13.247892 13.102867 14.671718 14.259259
3 13.815878 12.964587 0.000000 13.015203 11.432432 12.944257 14.521959 11.939189 9.976352 13.868687 14.003367
4 12.688775 13.404722 13.125000 0.000000 13.059626 10.972556 13.942373 13.288889 13.093062 14.666667 12.144781
5 13.925170 12.989882 11.457770 12.977854 0.000000 13.054515 14.671186 11.942079 11.445008 13.688552 14.018518
6 12.574830 13.340641 12.964527 10.979417 13.086883 0.000000 13.883051 13.198291 12.972927 14.535354 12.474748
7 14.588136 14.757167 14.694257 13.969492 14.820339 13.915255 0.000000 14.855932 14.763113 15.651515 14.781145
8 14.227891 13.256324 11.945946 13.370940 11.994889 13.261539 14.708474 0.000000 11.952622 13.867003 14.227273
9 13.690355 13.026981 9.981419 13.098139 11.463621 13.028765 14.690355 11.944162 0.000000 13.937711 13.988215
10 15.242424 14.548821 13.942760 14.513468 13.754209 14.594276 15.489899 13.713804 13.925926 0.000000 15.395623
11 13.654882 14.232324 13.939394 12.164983 13.868687 12.466330 14.552189 14.141414 14.033670 15.274411 0.000000
