11
1 0.000000 0.386172 0.373311 0.392857 0.396259 0.403061 0.420339 0.392857 0.426396 0.383838 0.393939
2 0.387858 0.000000 0.175379 0.190556 0.193929 0.195616 0.354132 0.234401 0.347386 0.200337 0.190236
3 0.381757 0.182125 0.000000 0.197635 0.202703 0.197635 0.351351 0.238176 0.341216 0.186869 0.193603
4 0.389456 0.182125 0.187500 0.000000 0.207836 0.198971 0.340678 0.234188 0.357022 0.198653 0.203704
5 0.382653 0.197302 0.201014 0.216354 0.000000 0.218058 0.350847 0.247019 0.351946 0.225589 0.188552
6 0.396259 0.193929 0.189189 0.204117 0.212947 0.000000 0.355932 0.256410 0.355330 0.217172 0.215488
7 0.411864 0.352445 0.349662 0.350847 0.338983 0.342373 0.000000 0.352542 0.219966 0.331650 0.336700
8 0.397959 0.231029 0.219595 0.230769 0.236797 0.256410 0.338983 0.000000 0.348562 0.225589 0.247475
9 0.411168 0.335582 0.334459 0.351946 0.348562 0.340102 0.225042 0.357022 0.000000 0.336700 0.346801
10 0.373737 0.196970 0.176768 0.198653 0.220539 0.212121 0.331650 0.232323 0.336700 0.000000 0.193603
11 0.382155 0.185185 0.183502 0.202020 0.183502 0.212121 0.336700 0.247475 0.346801 0.186869 0.000000
