11
1 0.000000 24.188442 24.110275 24.105528 23.962311 24.138191 23.937185 24.103016 24.173367 23.885000 24.070000
2 24.195980 0.000000 23.318296 24.153267 24.027637 24.168343 24.145729 24.017588 24.213568 24.022499 23.242500
3 24.110275 23.320803 0.000000 24.052631 23.962406 24.125313 24.065163 24.005013 24.197994 23.990000 22.514999
4 24.103016 24.150753 24.042606 0.000000 23.638191 23.984924 23.964825 23.758795 24.025126 23.879999 23.952499
5 23.974874 24.010050 23.974937 23.633165 0.000000 24.072865 23.854271 22.942211 24.067839 23.690001 23.905001
6 24.128141 24.165829 24.120300 23.992462 24.062815 0.000000 24.082914 24.080402 22.866835 23.950001 24.037500
7 23.939699 24.140703 24.090225 23.962311 23.854271 24.070353 0.000000 23.979900 24.113066 23.424999 24.032499
8 24.110552 24.005026 24.030075 23.763819 22.939699 24.077890 23.984924 0.000000 24.105528 23.882500 23.902500
9 24.170855 24.188442 24.175438 24.030151 24.062815 22.854271 24.108040 24.100502 0.000000 24.027500 24.107500
10 23.875000 24.010000 24.000000 23.882500 23.677500 23.937500 23.400000 23.872499 24.030001 0.000000 24.002501
11 24.067499 23.242500 22.510000 23.950001 23.900000 24.025000 24.014999 23.895000 24.117500 24.004999 0.000000
