11
1 0.000000 216.319092 216.062653 216.123123 215.924622 216.969849 215.650757 216.175873 216.273865 214.762497 216.514999
2 216.331665 0.000000 179.047623 194.032669 194.688446 196.188446 154.796478 179.351761 194.246231 204.432495 181.542496
3 216.032578 179.045120 0.000000 193.706772 194.102753 195.558899 177.847122 170.095245 193.721802 204.842499 176.005005
4 216.070358 193.994980 193.674179 0.000000 194.758789 177.695984 193.120605 194.228638 192.550247 204.755005 195.877502
5 215.826630 194.618088 193.994980 194.701004 0.000000 196.271362 193.783920 194.595474 195.140701 204.610001 196.264999
6 216.989944 196.201004 195.593979 177.758789 196.384415 0.000000 194.851761 196.047745 194.613068 205.845001 197.509995
7 215.540207 154.690948 177.741852 193.072861 193.768845 194.763824 0.000000 178.319092 192.954773 203.934998 180.339996
8 216.110550 179.266327 170.012527 194.201004 194.610550 195.962311 178.341705 0.000000 194.228638 204.367493 175.934998
9 216.188446 194.185928 193.646622 192.527634 195.163315 194.525131 192.984924 194.223618 0.000000 205.417496 196.065002
10 214.684998 204.372498 204.740005 204.720001 204.597504 205.729996 203.934998 204.362503 205.360001 0.000000 206.382507
11 216.494995 181.552505 176.007507 195.912506 196.365005 197.485001 180.437500 176.002502 196.112503 206.449997 0.000000
