11
1 0.000000 24.188330 24.427055 24.384615 24.399471 24.480106 24.604774 24.238094 24.435013 24.116095 24.208994
2 24.206896 0.000000 23.793104 23.748011 23.830688 23.851460 24.029179 19.539682 23.726791 21.168865 23.537037
3 24.437666 23.803713 0.000000 23.986738 23.986773 24.063660 24.251989 23.888889 22.814323 23.686016 23.822752
4 24.400530 23.729443 23.984085 0.000000 17.965609 19.687002 23.583555 23.859789 23.896551 23.693932 22.788361
5 24.402117 23.830688 23.978836 17.973545 0.000000 19.206348 23.558201 23.952381 23.917990 23.744062 22.970900
6 24.488064 23.864721 24.068966 19.697613 19.216930 0.000000 23.610079 23.986773 23.952255 23.791557 22.732803
7 24.594164 24.031830 24.246685 23.564987 23.550264 23.607428 0.000000 23.997355 24.169762 23.839050 23.169312
8 24.246031 19.550264 23.886244 23.857143 23.933863 23.968254 23.986773 0.000000 23.788361 21.506596 23.677248
9 24.429708 23.724138 22.806366 23.885942 23.907408 23.938992 24.175066 23.783070 0.000000 23.461740 23.738094
10 24.124010 21.174143 23.693932 23.675461 23.741425 23.791557 23.828497 21.514511 23.493404 0.000000 23.398417
11 24.222221 23.542328 23.820107 22.791006 22.973545 22.732803 23.174603 23.690475 23.756615 23.411610 0.000000
