11
1 0.000000 59.013493 58.283783 59.010204 59.889454 59.284012 59.744068 58.637756 59.605755 58.863636 59.072392
2 58.902191 0.000000 55.458683 55.956154 51.274872 56.306915 51.952782 55.423271 54.281620 56.314816 56.671719
3 58.229729 55.544689 0.000000 52.658783 56.221283 53.062500 56.349663 48.951012 56.332771 53.102695 55.680134
4 58.955784 55.949409 52.626690 0.000000 57.170357 54.468269 56.877968 53.167522 56.786800 53.632996 56.146465
5 59.812923 51.247890 56.238174 57.136288 0.000000 57.463371 53.137287 56.683136 55.319798 56.883839 57.292931
6 59.338436 56.416527 53.157093 54.603775 57.587734 0.000000 57.347458 53.728207 57.142132 52.383839 56.515152
7 59.686440 51.952782 56.282093 56.886440 53.149151 57.249153 0.000000 56.425423 55.416245 56.951180 57.311447
8 58.571430 55.433388 48.902027 53.170940 56.643951 53.611965 56.396610 0.000000 56.318104 52.979797 55.617844
9 59.620983 54.301853 56.339527 56.844330 55.401016 57.104908 55.436546 56.426395 0.000000 56.993267 57.373737
10 58.776093 56.415825 53.210438 53.723907 57.025253 52.404041 57.117844 53.116161 57.018520 0.000000 56.622894
11 58.969696 56.735691 55.696968 56.215488 57.361954 56.462963 57.365318 55.673401 57.356903 56.580807 0.000000
