11
1 0.000000 19.934673 20.263159 19.912060 19.884422 20.113066 20.133165 19.922110 20.492462 20.517500 20.135000
2 19.934673 0.000000 15.746867 15.497487 17.444723 15.309045 14.479899 17.402010 15.623116 17.062500 15.910000
3 20.255640 15.741855 0.000000 16.385965 18.192982 15.072681 16.448622 18.145363 17.122807 17.719999 16.594999
4 19.894472 15.492462 16.388472 0.000000 17.324121 16.030151 16.072865 17.334171 16.716080 17.532499 16.735001
5 19.884422 17.442211 18.195488 17.336683 0.000000 18.000000 17.859297 14.412061 18.432161 18.842501 18.142500
6 20.097990 15.296482 15.065163 16.025126 17.989950 0.000000 16.017588 17.919598 16.773869 17.387501 16.100000
7 20.135679 14.479899 16.451128 16.077890 17.859297 16.022614 0.000000 17.879396 16.278894 17.462500 16.485001
8 19.904522 17.396984 18.142857 17.331657 14.404523 17.924623 17.864321 0.000000 18.371859 18.860001 18.177500
9 20.484924 15.620603 17.122807 16.718594 18.434673 16.776382 16.276382 18.376884 0.000000 18.075001 17.217501
10 20.500000 17.049999 17.719999 17.532499 18.847500 17.397499 17.462500 18.875000 18.065001 0.000000 17.309999
11 20.125000 15.902500 16.587500 16.730000 18.137501 16.102501 16.480000 18.184999 17.215000 17.307501 0.000000
