11
1 0.000000 130.785141 130.671082 130.514587 129.722229 130.572937 130.058350 129.812164 130.525192 129.379944 130.386246
2 130.769226 0.000000 127.031830 130.554382 130.013229 130.737396 130.535812 129.997360 130.864716 129.757263 126.656082
3 130.668442 127.061005 0.000000 130.604782 129.978836 130.726791 130.572937 129.965607 130.915115 129.767807 123.677246
4 130.527847 130.551727 130.602127 0.000000 128.653442 130.352783 130.318298 129.018524 130.538467 129.379944 130.227509
5 129.719574 130.013229 129.960312 128.637573 0.000000 129.886246 129.523804 124.298943 130.039688 128.878632 130.010590
6 130.580902 130.740051 130.732101 130.334213 129.904755 0.000000 130.366043 129.984131 124.283821 129.482849 130.386246
7 130.047745 130.538467 130.572937 130.326263 129.534393 130.360748 0.000000 129.653442 130.251984 127.432716 130.248672
8 129.798935 129.997360 129.952377 129.005295 124.283066 129.994705 129.653442 0.000000 129.994705 129.124008 129.947083
9 130.527847 130.870026 130.901855 130.525192 130.060852 124.278511 130.249344 129.986771 0.000000 129.548813 130.523804
10 129.379944 129.757263 129.762527 129.382584 128.881271 129.477570 127.432716 129.118729 129.543533 0.000000 129.802109
11 130.386246 126.656082 123.677246 130.219574 130.021164 130.375656 130.246033 129.947083 130.534393 129.812668 0.000000
