11
1 0.000000 22.381964 22.217506 22.421751 22.201057 22.286472 22.480106 22.357143 22.167109 22.150396 22.537037
2 22.389921 0.000000 20.856764 22.031830 17.592592 21.013262 22.002653 20.050264 21.588860 21.823219 21.571428
3 22.225464 20.864721 0.000000 21.848806 20.695766 18.827587 21.877985 20.917990 21.551723 21.707125 21.571428
4 22.427055 22.053051 21.848806 0.000000 21.822752 21.973475 19.435013 22.034391 21.384615 21.601583 22.206348
5 22.227512 17.589947 20.701057 21.825397 0.000000 20.984127 21.843916 19.992064 21.415344 21.691294 21.465609
6 22.283819 21.013262 18.819628 21.965517 20.986773 0.000000 21.984085 21.134920 21.811670 21.852243 21.679893
7 22.477453 22.013262 21.883289 19.432362 21.835979 21.973475 0.000000 22.071428 21.342175 21.696569 22.222221
8 22.357143 20.052910 20.912699 22.026455 19.989418 21.124338 22.076719 0.000000 21.616402 21.912930 21.666666
9 22.169762 21.596817 21.554377 21.387268 21.407408 21.811670 21.342175 21.624338 0.000000 20.437994 21.992064
10 22.147757 21.817942 21.693932 21.604221 21.688654 21.836412 21.680738 21.915567 20.424803 0.000000 22.221636
11 22.550264 21.563492 21.568783 22.216930 21.449736 21.674603 22.224867 21.664021 21.997355 22.226913 0.000000
