11
1 0.000000 0.440318 0.456233 0.411141 0.412698 0.442971 0.432361 0.404762 0.445623 0.485488 0.468254
2 0.440318 0.000000 0.222812 0.167109 0.312169 0.161804 0.169761 0.330688 0.220159 0.348285 0.277778
3 0.456233 0.222812 0.000000 0.230769 0.335979 0.206897 0.259947 0.346561 0.283820 0.361478 0.306878
4 0.411141 0.167109 0.230769 0.000000 0.298942 0.190981 0.193634 0.322751 0.241379 0.340369 0.293651
5 0.415344 0.312169 0.335979 0.301587 0.000000 0.317460 0.330688 0.182540 0.349206 0.419525 0.388889
6 0.442971 0.161804 0.206897 0.190981 0.314815 0.000000 0.183024 0.317460 0.259947 0.353562 0.261905
7 0.432361 0.169761 0.259947 0.193634 0.328042 0.183024 0.000000 0.343915 0.244032 0.364116 0.291005
8 0.404762 0.330688 0.346561 0.322751 0.182540 0.320106 0.343915 0.000000 0.367725 0.414248 0.404762
9 0.445623 0.220159 0.286472 0.241379 0.349206 0.262599 0.244032 0.367725 0.000000 0.414248 0.359788
10 0.485488 0.348285 0.361478 0.340369 0.419525 0.356201 0.364116 0.416887 0.414248 0.000000 0.406332
11 0.470899 0.277778 0.306878 0.296296 0.388889 0.264550 0.293651 0.404762 0.359788 0.406332 0.000000
