11
1 0.000000 86.784149 87.636826 88.889458 89.302719 87.139458 88.623726 88.037415 88.585449 87.700340 86.528618
2 87.357506 0.000000 79.698143 81.730186 82.951096 67.770660 81.887016 79.190559 82.694771 78.840065 69.062286
3 88.201012 79.290054 0.000000 83.429054 83.518578 78.297295 83.998314 66.935814 83.554054 67.035355 78.589226
4 88.926872 81.811127 83.108109 0.000000 74.882454 82.101204 60.261017 83.478630 60.021996 82.410774 80.590912
5 89.200684 82.662735 83.815880 74.964226 0.000000 82.349236 75.235596 84.187393 75.385788 83.181816 81.735687
6 86.979591 67.374367 77.908783 82.358490 82.410561 0.000000 81.184746 78.632477 81.282570 77.525253 66.833336
7 88.252541 81.718384 82.701012 60.269493 75.154236 80.766098 0.000000 83.103394 58.825718 81.996635 81.301346
8 87.848640 78.499153 67.059120 84.109406 83.797272 78.350426 82.959320 0.000000 83.488998 62.016834 78.070709
9 88.478851 81.824623 82.498314 60.069374 75.302879 80.678513 58.932320 82.932320 0.000000 82.141411 81.000000
10 86.976433 78.803032 66.919189 82.346802 83.555557 77.474747 82.651512 61.888889 82.601013 0.000000 78.437714
11 86.153198 68.855217 78.643097 80.424240 82.050507 66.589226 81.109428 78.015152 80.927612 78.084175 0.000000
