11
1 0.000000 24.851460 24.721485 24.702917 24.626984 24.652519 24.893900 24.775133 24.750664 24.654354 24.841270
2 24.854111 0.000000 24.061008 24.039787 23.941799 23.901857 24.525200 24.238094 24.005304 23.960423 21.685184
3 24.724138 24.047745 0.000000 22.809019 22.037037 23.535809 24.198938 23.301588 21.671087 22.717678 24.148148
4 24.708223 24.053051 22.819628 0.000000 22.608465 23.575598 24.249336 22.650793 22.655172 21.097626 24.076719
5 24.626984 23.936508 22.044973 22.600529 0.000000 23.341270 24.145502 23.150793 21.674603 22.358839 24.055555
6 24.636604 23.907162 23.535809 23.564987 23.343916 0.000000 23.931034 23.817461 23.511936 23.530342 23.949736
7 24.885942 24.522547 24.206896 24.249336 24.140211 23.931034 0.000000 24.396826 24.204245 24.197889 24.486773
8 24.761906 24.235449 23.291006 22.648148 23.145502 23.783070 24.391535 0.000000 23.158730 22.762533 24.333334
9 24.755968 24.000000 21.684351 22.649868 21.674603 23.506632 24.196287 23.148148 0.000000 22.543535 24.052910
10 24.641161 23.965700 22.730871 21.084433 22.353561 23.532982 24.189974 22.765171 22.546175 0.000000 24.010553
11 24.822752 21.679893 24.156084 24.084656 24.058201 23.947090 24.494709 24.341270 24.060846 24.018469 0.000000
