11
1 0.000000 0.615578 0.624060 0.628141 0.613065 0.623116 0.608040 0.615578 0.625628 0.620000 0.617500
2 0.613065 0.000000 0.556391 0.550251 0.241206 0.550251 0.540201 0.532663 0.570352 0.537500 0.565000
3 0.619048 0.558897 0.000000 0.588972 0.561404 0.583960 0.581454 0.418546 0.593985 0.590000 0.595000
4 0.628141 0.555276 0.593985 0.000000 0.545226 0.590452 0.603015 0.582915 0.613065 0.597500 0.597500
5 0.615578 0.241206 0.563910 0.545226 0.000000 0.565327 0.550251 0.510050 0.587940 0.532500 0.565000
6 0.620603 0.550251 0.578947 0.590452 0.565327 0.000000 0.595477 0.582915 0.613065 0.582500 0.595000
7 0.610553 0.540201 0.578947 0.597990 0.547739 0.595477 0.000000 0.560301 0.512563 0.590000 0.582500
8 0.615578 0.535176 0.421053 0.577889 0.512563 0.585427 0.555276 0.000000 0.595477 0.582500 0.587500
9 0.620603 0.565327 0.593985 0.608040 0.580402 0.613065 0.515075 0.592965 0.000000 0.602500 0.595000
10 0.620000 0.532500 0.587500 0.597500 0.527500 0.585000 0.587500 0.577500 0.600000 0.000000 0.387500
11 0.620000 0.565000 0.597500 0.597500 0.560000 0.600000 0.585000 0.592500 0.597500 0.390000 0.000000
