11
1 0.000000 10.935919 10.979730 11.066326 11.227891 10.947279 11.076271 11.064626 10.937394 10.880471 11.084175
2 10.924114 0.000000 10.561551 10.775717 10.615515 10.585160 10.637437 10.293424 10.682968 10.651515 10.538720
3 10.976352 10.556493 0.000000 10.849662 10.839527 10.662162 9.807432 10.652027 10.712838 10.680135 10.725589
4 11.098639 10.792580 10.861486 0.000000 11.115843 10.519726 10.981356 10.991453 10.089679 9.914142 10.947811
5 11.210884 10.613828 10.826014 11.119250 0.000000 10.928450 10.940678 10.816013 10.915398 10.873737 9.944445
6 10.948979 10.583474 10.662162 10.502573 10.931857 0.000000 10.767797 10.846154 10.267344 10.210438 10.764310
7 11.108475 10.667791 9.820946 10.972881 10.952542 10.793221 0.000000 10.801695 10.830795 10.777778 10.809764
8 11.052721 10.269814 10.630068 10.952137 10.800681 10.813675 10.747458 0.000000 10.790186 10.703704 10.626263
9 10.961082 10.715009 10.738175 10.093062 10.934011 10.287648 10.835872 10.829103 0.000000 9.905724 10.833333
10 10.898990 10.631313 10.656566 9.885522 10.845118 10.202021 10.742424 10.715488 9.875421 0.000000 10.787879
11 11.107744 10.570707 10.735690 10.937711 9.951179 10.769361 10.828282 10.673401 10.816499 10.813131 0.000000
