11
1 0.000000 5.938992 5.957560 5.952255 5.941799 5.949602 5.946949 5.931217 5.970822 5.934037 5.928571
2 5.933687 0.000000 5.798409 5.832891 5.730159 5.771883 5.721486 5.722222 5.848806 5.791557 5.727513
3 5.946949 5.785146 0.000000 5.824934 5.317461 5.763926 5.782494 5.761905 5.840849 5.783641 5.780423
4 5.957560 5.814323 5.824934 0.000000 5.801587 5.509284 5.594164 5.574074 5.877984 5.807388 5.592593
5 5.941799 5.732804 5.325397 5.806878 0.000000 5.727513 5.748677 5.724868 5.833333 5.754617 5.753968
6 5.954907 5.777188 5.761273 5.519894 5.724868 0.000000 5.026525 4.957672 5.838196 5.762533 5.134921
7 5.946949 5.721486 5.790451 5.607427 5.735450 5.026525 0.000000 4.105820 5.827586 5.741425 4.682539
8 5.933862 5.714286 5.772487 5.579365 5.730159 4.955027 4.105820 0.000000 5.814815 5.722955 4.664021
9 5.968170 5.848806 5.843501 5.875331 5.825397 5.838196 5.824934 5.812169 0.000000 5.551451 5.828043
10 5.931398 5.794195 5.783641 5.828496 5.749341 5.759894 5.733509 5.725594 5.543536 0.000000 5.767810
11 5.931217 5.743386 5.791005 5.605820 5.759259 5.134921 4.682539 4.666667 5.828043 5.765172 0.000000
