11
1 0.000000 122.421753 122.251991 119.960213 120.486771 121.517242 122.533157 122.325394 120.095490 121.290237 119.621696
2 122.421753 0.000000 86.562332 93.395226 98.769844 89.885941 89.607430 90.050262 96.246681 83.511871 93.166664
3 122.249336 86.570290 0.000000 90.660477 96.505295 86.766579 86.294426 87.275131 93.726791 78.984169 90.404762
4 119.946953 93.403183 90.660477 0.000000 82.809525 86.294426 92.633949 93.470901 78.153847 88.580475 68.888885
5 120.470901 98.769844 96.500000 82.804230 0.000000 92.722221 97.986771 98.835976 77.219574 94.920845 82.669312
6 121.503983 89.893898 86.766579 86.297081 92.738098 0.000000 88.965515 89.679893 89.594162 84.757256 86.050262
7 122.533157 89.610077 86.286469 92.628647 97.989418 88.954910 0.000000 84.798943 95.448273 84.522430 92.407410
8 122.309525 90.060844 87.275131 93.476189 98.843918 89.679893 84.809525 0.000000 96.224869 85.147758 93.473541
9 120.071617 96.246681 93.716179 78.145889 77.216934 89.580902 95.442970 96.211639 0.000000 91.944588 77.780426
10 121.282318 83.514511 78.978889 88.575195 94.920845 84.749344 84.525063 85.142479 91.947227 0.000000 88.569923
11 119.613754 93.179893 90.404762 68.891533 82.679893 86.050262 92.415344 93.470901 77.793648 88.577835 0.000000
