11
1 0.000000 5.108753 5.029178 5.145889 5.190476 5.185677 5.185677 5.005291 5.100796 5.092348 5.158730
2 5.116711 0.000000 4.618037 4.830239 3.804233 4.864721 4.029178 4.613757 4.442971 4.839050 4.962963
3 5.031830 4.620690 0.000000 4.119363 4.722222 4.294430 4.795756 3.177249 4.718833 4.229551 4.743386
4 5.135279 4.835544 4.116711 0.000000 4.928571 4.427056 4.997347 4.079365 4.899204 4.377309 4.928571
5 5.206349 3.804233 4.719577 4.928571 0.000000 4.925926 4.158730 4.708995 4.616402 4.936676 5.050264
6 5.201591 4.862069 4.291777 4.427056 4.936508 0.000000 4.981432 4.211640 4.997347 4.134565 5.000000
7 5.198939 4.026525 4.790451 4.992043 4.156085 4.989390 0.000000 4.783069 4.602122 5.021108 5.063492
8 5.007936 4.611111 3.177249 4.079365 4.706349 4.211640 4.785714 0.000000 4.685185 4.147757 4.756614
9 5.098143 4.440318 4.718833 4.891247 4.616402 4.992043 4.604774 4.685185 0.000000 4.939314 4.994709
10 5.092348 4.836411 4.226913 4.374670 4.923483 4.131926 5.018470 4.147757 4.939314 0.000000 4.923483
11 5.169312 4.976191 4.740741 4.925926 5.050264 5.000000 5.068783 4.759259 5.000000 4.926121 0.000000
