11
1 0.000000 247.590454 246.774429 246.884415 246.427139 247.253769 246.391953 246.595474 247.268845 244.987503 246.062500
2 247.537689 0.000000 239.300751 247.030151 246.680908 247.540207 247.276382 246.806534 247.711060 245.862503 238.872498
3 246.649124 239.255646 0.000000 246.426071 245.842102 246.644104 246.363403 245.947372 246.977448 245.639999 233.117493
4 246.984924 247.221100 246.634079 0.000000 244.273865 247.193466 246.718597 244.841705 247.281403 245.289993 245.869995
5 246.484924 246.743713 245.994980 244.173370 0.000000 246.783920 245.952255 236.854279 246.907028 244.380005 245.302505
6 247.281403 247.600510 246.794479 247.082916 246.751251 0.000000 246.768845 246.924622 235.992462 245.169998 246.190002
7 246.537689 247.417084 246.591476 246.693466 246.042709 246.869354 0.000000 246.351761 246.834167 241.250000 245.975006
8 246.796478 246.994980 246.235596 244.896988 236.994980 247.080399 246.389450 0.000000 247.032669 244.912506 245.455002
9 247.359299 247.851761 247.190475 247.248749 246.972366 236.017593 246.809052 246.954773 0.000000 245.442505 246.360001
10 245.119995 246.035004 245.880005 245.289993 244.460007 245.279999 241.304993 244.824997 245.455002 0.000000 245.845001
11 245.987503 238.842499 233.147507 245.625000 245.175003 246.092499 245.809998 245.210007 246.214996 245.645004 0.000000
