11
1 0.000000 262.122009 261.737396 260.883301 261.500000 260.153839 263.962860 262.465607 260.275848 261.562012 262.142853
2 262.135284 0.000000 259.090179 260.068970 236.007935 255.148544 263.047760 262.335968 255.517242 259.965698 261.955017
3 261.721497 259.068970 0.000000 259.737396 258.507935 254.283813 262.840851 262.240753 254.527847 259.664917 261.674591
4 260.859406 260.037140 259.742706 0.000000 259.547607 256.419098 263.320953 261.187836 256.710876 260.213715 260.695770
5 261.486786 236.007935 258.497345 259.531738 0.000000 255.005295 262.362427 262.494720 255.343918 260.092346 261.862427
6 260.135284 255.145889 254.286469 256.400543 255.000000 0.000000 261.575592 261.185181 169.214859 256.018463 260.513214
7 263.946960 263.023865 262.848816 263.302399 262.343903 261.567627 0.000000 263.605835 261.628662 261.741425 263.330688
8 262.449738 262.333344 262.259247 261.174591 262.492065 261.193115 263.616394 0.000000 261.309509 262.065948 261.497345
9 260.265259 255.496017 254.519897 256.700256 255.335983 169.212204 261.644562 261.291016 0.000000 256.155670 260.605835
10 261.543549 259.952515 259.699219 260.205811 260.105530 256.052765 261.754608 262.058044 256.171509 0.000000 261.467010
11 262.148163 261.952393 261.690491 260.706360 261.851837 260.521179 263.335968 261.492065 260.619049 261.472290 0.000000
