11
1 0.000000 5.952255 5.941645 5.944297 5.904762 5.954907 5.928382 5.928571 5.938992 5.923483 5.928571
2 5.949602 0.000000 5.917772 5.933687 5.634921 5.445623 5.909814 5.402116 5.920424 5.905013 5.894180
3 5.949602 5.917772 0.000000 5.246685 5.857143 5.933687 5.819629 5.880952 5.843501 5.860158 5.674603
4 5.946949 5.941645 5.246685 0.000000 5.883598 5.933687 5.827586 5.896825 5.854111 5.878628 5.708995
5 5.904762 5.624339 5.854497 5.880952 0.000000 5.674603 5.865079 5.658730 5.867725 5.897098 5.875661
6 5.952255 5.453581 5.928382 5.936339 5.677248 0.000000 5.938992 5.388889 5.946949 5.936676 5.931217
7 5.923077 5.901857 5.803713 5.830239 5.854497 5.933687 0.000000 5.883598 5.320955 5.849604 5.804233
8 5.917989 5.402116 5.880952 5.891534 5.653439 5.388889 5.880952 0.000000 5.896825 5.902375 5.899471
9 5.944297 5.917772 5.840849 5.851459 5.867725 5.936339 5.320955 5.902116 0.000000 5.860158 5.809524
10 5.926121 5.905013 5.857520 5.875989 5.902375 5.939314 5.836411 5.910290 5.860158 0.000000 5.862797
11 5.925926 5.904762 5.682539 5.708995 5.873016 5.931217 5.820106 5.910053 5.801587 5.870712 0.000000
