11
1 0.000000 0.423272 0.425676 0.440476 0.411565 0.418367 0.435593 0.425170 0.426396 0.414141 0.415825
2 0.421585 0.000000 0.362563 0.396290 0.364250 0.396290 0.364250 0.379427 0.204047 0.350168 0.385522
3 0.417230 0.364250 0.000000 0.391892 0.363176 0.410473 0.371622 0.380068 0.373311 0.235690 0.388889
4 0.437075 0.394604 0.393581 0.000000 0.403748 0.415094 0.389830 0.415385 0.394247 0.393939 0.398990
5 0.416667 0.360877 0.366554 0.395230 0.000000 0.391823 0.355932 0.373083 0.363790 0.361953 0.405724
6 0.430272 0.401349 0.417230 0.409949 0.402044 0.000000 0.410169 0.403419 0.406091 0.387205 0.388889
7 0.444068 0.362563 0.385135 0.403390 0.367797 0.408475 0.000000 0.406780 0.353638 0.368687 0.393939
8 0.430272 0.360877 0.378378 0.398291 0.367973 0.394872 0.381356 0.000000 0.377327 0.343434 0.402357
9 0.411168 0.200675 0.364865 0.392555 0.350254 0.397631 0.341794 0.370558 0.000000 0.346801 0.365320
10 0.395623 0.348485 0.228956 0.380471 0.360269 0.375421 0.356902 0.348485 0.356902 0.000000 0.367003
11 0.419192 0.392256 0.393939 0.397306 0.402357 0.385522 0.392256 0.415825 0.387205 0.372054 0.000000
