11
1 0.000000 7.561552 7.836149 7.940476 7.707483 7.658163 7.754237 7.942177 7.727581 7.718855 7.880471
2 7.556492 0.000000 6.352445 6.971332 6.637437 6.067454 6.644182 6.735245 6.214165 6.755892 6.976431
3 7.695946 6.372681 0.000000 6.746622 6.501689 6.179054 6.106419 6.635135 6.336149 6.590909 6.840067
4 7.782313 6.854975 6.726351 0.000000 6.575809 6.732419 6.984746 7.092308 6.788494 6.653199 5.880471
5 7.649660 6.676223 6.508446 6.582623 0.000000 6.548552 6.803390 6.918228 6.695432 6.387206 6.585859
6 7.654762 6.086003 6.185811 6.797599 6.541738 0.000000 6.503390 6.634188 5.796954 6.579124 6.771044
7 7.644068 6.661046 6.146959 7.081356 6.900000 6.545763 0.000000 6.967797 6.708968 6.870370 7.089226
8 7.841837 6.677909 6.604730 7.111111 6.795571 6.625641 6.932203 0.000000 6.703892 6.873737 7.222222
9 7.771574 6.244519 6.361486 6.834179 6.700508 5.825719 6.675127 6.717428 0.000000 6.782828 7.048821
10 7.617845 6.685185 6.626263 6.664983 6.392256 6.567340 6.855219 6.873737 6.722222 0.000000 6.702020
11 7.892256 6.978115 6.915825 5.890573 6.537037 6.767677 7.047138 7.222222 6.969697 6.734007 0.000000
