11
1 0.000000 124.745361 123.092834 116.819626 122.748680 115.445625 125.132629 123.531746 123.140587 126.786278 122.759262
2 124.734749 0.000000 119.923080 121.644562 119.523811 120.997345 126.498672 120.960320 120.273209 125.939316 125.391533
3 123.092834 119.925728 0.000000 119.578247 102.793648 118.893898 125.498672 109.515877 77.477455 122.007919 123.970901
4 116.793106 121.652519 119.594162 0.000000 119.031746 95.692307 123.039787 120.597885 119.713531 125.788918 113.645500
5 122.708992 119.531746 102.783066 119.010582 0.000000 118.108467 125.060844 107.404762 103.179893 121.361481 123.825394
6 115.437668 120.997345 118.904510 95.700264 118.126984 0.000000 122.392570 119.886246 118.931038 125.364113 114.708992
7 125.119362 126.498672 125.488060 123.042442 125.066139 122.384613 0.000000 125.658730 125.427055 127.862801 125.592590
8 123.534393 120.965607 109.510582 120.608467 107.404762 119.894180 125.682541 0.000000 110.129631 121.854881 124.777779
9 123.137932 120.305038 77.472145 119.745361 103.195770 118.949600 125.424400 110.134918 0.000000 122.005280 124.068787
10 126.791557 125.939316 122.002640 125.810028 121.356201 125.382584 127.849602 121.857521 122.010551 0.000000 127.635887
11 122.738098 125.388885 123.978836 113.661377 123.851852 114.714287 125.587303 124.769844 124.079369 127.635887 0.000000
