11
1 0.000000 229.923080 224.419098 226.464188 230.801590 227.429703 232.071625 223.878311 231.750656 226.675461 228.089951
2 229.907166 0.000000 212.387268 214.681702 177.613754 216.954910 186.564987 211.613754 202.732101 216.176788 218.296295
3 224.411148 212.384613 0.000000 189.119370 215.134918 192.366043 216.159149 156.002640 215.740051 192.068604 210.835983
4 226.458893 214.681702 189.122009 0.000000 217.100525 196.692307 218.236069 188.195770 217.832886 196.234833 213.674606
5 230.812164 177.613754 215.126984 217.095245 0.000000 219.060852 191.534393 214.947083 206.780426 218.530350 220.701065
6 227.437668 216.960205 192.358093 196.689651 219.063492 0.000000 220.509277 192.261902 219.917770 185.960419 214.944443
7 232.076920 186.562332 216.161804 218.217514 191.531754 220.496017 0.000000 215.238098 209.082230 219.596313 221.589951
8 223.891541 211.616409 156.000000 188.198410 214.939148 192.269836 215.240738 0.000000 214.952377 192.319260 210.949738
9 231.734741 202.710876 215.721481 217.803711 206.764557 219.893906 209.071625 214.939148 0.000000 218.931396 221.042328
10 226.683380 216.179413 192.065964 196.237473 218.527710 185.963058 219.585754 192.319260 218.955139 0.000000 214.773087
11 228.095245 218.301590 210.846558 213.685181 220.716934 214.952377 221.605820 210.960312 221.076721 214.778366 0.000000
