11
1 0.000000 112.263817 111.779449 111.384422 111.072861 112.997490 111.587936 112.688438 112.359299 111.214996 111.692497
2 112.339195 0.000000 82.115288 103.158295 93.070351 108.331657 103.231155 95.263817 104.273872 105.657501 91.517502
3 111.832077 82.102760 0.000000 102.674187 93.263161 108.007523 102.812027 95.333336 103.864662 105.680000 91.197502
4 111.437187 103.087936 102.654137 0.000000 100.819092 107.979897 94.964821 103.922112 96.763817 105.199997 102.722504
5 111.070351 93.037689 93.260651 100.844223 0.000000 106.879395 100.603012 94.620605 102.108040 104.027496 93.082497
6 113.022614 108.306534 108.022560 107.994972 106.889450 0.000000 107.989952 108.532661 108.773872 97.440002 107.885002
7 111.572861 103.168343 102.741852 94.902008 100.565323 107.944725 0.000000 103.703514 90.218590 105.230003 102.574997
8 112.743721 95.273872 95.378448 103.934677 94.650757 108.620605 103.819092 0.000000 104.881912 106.275002 95.352501
9 112.366837 104.228645 103.847115 96.746231 102.110550 108.761307 90.233665 104.856781 0.000000 106.272499 103.717499
10 111.224998 105.614998 105.647499 105.162498 104.000000 97.430000 105.224998 106.197502 106.264999 0.000000 105.714996
11 111.699997 91.517502 91.202499 102.722504 93.092499 107.900002 102.612503 95.342499 103.747498 105.787498 0.000000
