11
1 0.000000 12.583554 12.596817 12.610080 12.576719 12.583554 12.623343 12.566137 12.620689 12.527704 12.558201
2 12.580902 0.000000 12.551724 12.562334 12.521164 12.076923 12.572945 12.505291 12.554377 12.474934 12.132276
3 12.586206 12.549071 0.000000 12.583554 12.558201 12.517241 12.586206 11.883598 12.602122 11.870712 12.500000
4 12.599469 12.557029 12.580902 0.000000 12.349206 12.549071 10.896552 12.531746 10.896552 12.503958 12.537037
5 12.579365 12.526455 12.544973 12.367724 0.000000 12.515873 12.391535 12.544973 12.396826 12.517150 12.523809
6 12.578249 12.071618 12.527851 12.549071 12.529100 0.000000 12.591512 12.468254 12.559682 12.430079 12.018518
7 12.618037 12.578249 12.583554 10.893899 12.407408 12.586206 0.000000 12.534391 10.689655 12.509234 12.539682
8 12.571428 12.513227 11.878307 12.531746 12.552910 12.460318 12.529100 0.000000 12.558201 11.153034 12.505291
9 12.620689 12.564987 12.596817 10.904510 12.415344 12.564987 10.684350 12.558201 0.000000 12.527704 12.537037
10 12.522428 12.480211 11.868073 12.519789 12.530343 12.424802 12.506597 11.153034 12.532982 0.000000 12.467018
11 12.563492 12.134921 12.521164 12.539682 12.542328 12.021164 12.539682 12.515873 12.539682 12.467018 0.000000
