11
1 0.000000 122.040474 118.618240 119.557823 122.260201 118.702377 117.594917 119.551018 120.255501 121.609428 119.717171
2 121.925804 0.000000 116.396294 116.505905 114.824623 115.674538 114.738617 116.566612 106.537941 119.979797 117.946129
3 118.817566 116.430016 0.000000 111.631760 115.427368 104.005066 109.722977 111.679054 114.234795 114.693604 113.141411
4 119.802719 116.591904 111.577705 0.000000 116.739349 112.356773 107.052544 100.256409 114.612518 115.843437 110.585861
5 121.826530 114.364250 115.092903 116.163544 0.000000 115.281090 113.667793 116.236794 111.906937 118.853539 116.328285
6 118.811226 115.598648 104.003380 112.432243 115.839867 0.000000 109.016953 112.111115 113.563454 114.047134 112.335014
7 117.503387 114.652611 109.645271 106.974579 114.067795 108.884743 0.000000 106.977966 112.389168 113.760941 106.664986
8 119.753403 116.556496 111.695946 100.211967 116.896080 112.052994 107.023727 0.000000 114.426399 115.695290 110.632996
9 120.240273 106.392914 114.003380 114.460236 112.331642 113.392555 112.467003 114.353638 0.000000 117.819862 115.289566
10 121.850166 119.942764 114.808083 115.905724 119.323235 114.099327 114.082489 115.713806 118.116165 0.000000 117.265991
11 119.085861 117.272728 112.670036 109.979797 116.296295 111.831650 106.220535 110.126259 114.961281 116.680138 0.000000
