11
1 0.000000 126.779091 126.315880 129.166672 127.447281 127.469391 128.086441 127.695580 126.274109 127.530304 126.442764
2 126.849915 0.000000 119.517708 125.165260 106.003372 119.548058 124.040474 115.664421 122.713326 124.555557 121.744110
3 127.175674 119.258011 0.000000 124.518578 119.298988 110.030403 123.462837 119.728043 122.312500 124.390572 121.180138
4 129.751694 125.367622 124.668922 0.000000 126.144806 126.497429 112.113556 127.184616 122.108292 124.065659 125.611115
5 128.062927 106.207420 119.489868 126.189095 0.000000 120.240204 124.752541 116.458260 122.942467 124.343437 121.422562
6 128.064621 119.536255 110.148651 126.668953 120.187393 0.000000 124.120338 121.220512 122.776649 124.377106 121.151512
7 128.232208 124.197304 123.503380 111.972885 124.411865 123.976273 0.000000 125.203392 120.842636 122.405724 124.121216
8 128.314621 115.731873 119.510132 127.394875 115.982964 120.863251 124.981354 0.000000 123.487312 124.644783 121.700340
9 126.795265 122.885330 122.238174 121.854485 122.747887 122.517769 120.935699 123.595604 0.000000 116.043770 123.303032
10 127.968010 124.813133 124.515152 123.383835 124.144783 124.060608 122.348488 124.915825 116.077438 0.000000 124.835014
11 127.191917 121.969696 121.146461 125.250839 121.348488 120.984848 124.289566 121.787880 123.185188 124.740738 0.000000
