11
1 0.000000 3.998314 3.760135 3.739796 3.846939 3.880952 3.883051 3.744898 3.776650 3.905724 3.752525
2 4.028668 0.000000 3.721754 3.715008 3.775717 3.593592 3.500843 3.709949 3.632378 3.829966 3.740741
3 3.765203 3.704890 0.000000 3.091216 3.508446 3.623311 3.579392 3.060811 2.851351 3.429293 3.409091
4 3.785714 3.704890 3.069257 0.000000 3.511073 3.614065 3.549153 2.880342 3.111675 3.469697 3.454545
5 3.828231 3.782462 3.491554 3.531516 0.000000 3.712095 3.710170 3.448041 3.531303 3.641414 3.638047
6 3.908163 3.563238 3.609797 3.617496 3.623509 0.000000 3.283051 3.577778 3.521151 3.702020 3.696970
7 3.889831 3.497470 3.542230 3.583051 3.654237 3.316949 0.000000 3.557627 3.553299 3.653199 3.673401
8 3.772109 3.647555 3.077703 2.899145 3.483816 3.606838 3.594915 0.000000 3.104907 3.515152 3.425926
9 3.795262 3.564924 2.837838 3.115059 3.573604 3.575296 3.538071 3.076142 0.000000 3.444444 3.407408
10 3.909091 3.804714 3.434343 3.518518 3.656566 3.720539 3.703704 3.525253 3.479798 0.000000 3.154882
11 3.742424 3.686869 3.382155 3.434343 3.627946 3.656566 3.656566 3.392256 3.395623 3.143098 0.000000
