11
1 0.000000 0.369309 0.378378 0.379252 0.365646 0.377551 0.364407 0.375850 0.368866 0.361953 0.368687
2 0.370995 0.000000 0.305228 0.335582 0.305228 0.310287 0.320405 0.160202 0.301855 0.220539 0.314815
3 0.378378 0.306914 0.000000 0.334459 0.315878 0.327703 0.320946 0.324324 0.271959 0.321549 0.318182
4 0.382653 0.327150 0.353041 0.000000 0.127768 0.185249 0.310169 0.338462 0.318105 0.331650 0.276094
5 0.363946 0.305228 0.331081 0.122658 0.000000 0.163543 0.284746 0.311755 0.313029 0.314815 0.250842
6 0.387755 0.301855 0.329392 0.171527 0.160136 0.000000 0.269492 0.312821 0.301184 0.309764 0.247475
7 0.366102 0.322091 0.326014 0.308475 0.274576 0.277966 0.000000 0.340678 0.309645 0.328283 0.267677
8 0.370748 0.155143 0.312500 0.341880 0.313458 0.319658 0.340678 0.000000 0.311337 0.227273 0.308081
9 0.375635 0.308600 0.280405 0.324873 0.311337 0.318105 0.321489 0.329949 0.000000 0.309764 0.318182
10 0.365320 0.215488 0.319865 0.333333 0.309764 0.321549 0.326599 0.223906 0.311448 0.000000 0.306397
11 0.363636 0.304714 0.314815 0.269360 0.250842 0.259259 0.269360 0.316498 0.313131 0.303030 0.000000
