11
1 0.000000 3.236088 3.283784 3.260204 3.341837 3.275510 3.362712 3.214286 3.221658 3.297980 3.207071
2 3.259696 0.000000 3.153457 2.983137 3.177066 2.994941 3.231029 2.753794 2.772344 2.873737 2.840067
3 3.292230 3.146712 0.000000 3.157094 3.104730 3.168919 3.361486 3.138514 3.150338 3.208754 3.171717
4 3.267007 2.989882 3.145270 0.000000 3.175468 2.708405 3.254237 2.953846 2.964467 3.021886 3.010101
5 3.394558 3.182125 3.135135 3.204429 0.000000 3.231687 3.344068 3.175468 3.165821 3.244108 3.196970
6 3.250000 2.962900 3.157094 2.687822 3.201022 0.000000 3.262712 2.958974 2.954315 3.011785 2.983165
7 3.355932 3.252951 3.359797 3.264407 3.337288 3.266102 0.000000 3.254237 3.238579 3.282828 3.272727
8 3.219388 2.740304 3.146960 2.943590 3.148211 2.979487 3.218644 0.000000 2.517766 2.713805 2.688552
9 3.233503 2.784148 3.158784 2.976311 3.182741 3.003384 3.226734 2.544839 0.000000 2.772727 2.732323
10 3.321549 2.872054 3.215488 3.035353 3.225589 3.045455 3.265993 2.698653 2.734007 0.000000 2.688552
11 3.215488 2.819865 3.185185 3.013468 3.170034 3.003367 3.255892 2.696970 2.718855 2.713805 0.000000
