11
1 0.000000 16.151772 16.383446 16.814627 16.630953 16.520409 16.181356 16.420069 16.238579 16.360270 16.319866
2 16.143339 0.000000 14.419899 15.298482 14.755481 13.998314 14.590219 14.295110 14.136594 13.989899 14.010101
3 16.375000 14.310287 0.000000 15.702703 14.956081 14.488175 14.839527 13.606419 12.847973 14.611111 13.755892
4 16.828232 15.317032 15.670609 0.000000 16.028961 16.193825 15.679661 15.870086 15.707275 15.735690 15.380471
5 16.668367 14.784148 14.978041 15.817718 0.000000 15.323680 15.396610 15.284497 14.758038 15.013468 14.707070
6 16.566326 13.919056 14.520270 16.090910 15.413969 0.000000 15.223729 14.846154 14.663282 13.207070 14.198653
7 16.111864 14.630692 14.988175 15.710170 15.486441 15.237288 0.000000 14.838983 14.878173 15.132997 14.575758
8 16.341837 14.263069 13.542230 15.743589 15.190801 14.683761 14.786441 0.000000 13.580372 14.580808 13.456229
9 16.213198 14.160202 12.893581 15.651439 14.917089 14.600677 14.763113 13.561760 0.000000 14.382154 13.533670
10 16.340067 14.038720 14.392256 15.727273 15.013468 13.208755 15.065657 14.498317 14.523569 0.000000 14.254209
11 16.250841 14.077441 13.676767 15.393939 14.693603 14.255892 14.580808 13.452862 13.494949 14.351851 0.000000
