11
1 0.000000 122.419899 122.413849 122.863945 122.105446 125.205780 122.615257 124.125847 123.126907 122.397308 122.176765
2 122.659363 0.000000 101.310287 113.021919 106.311974 118.347389 113.035416 107.838112 113.981453 116.158249 105.772728
3 122.748314 101.254639 0.000000 113.298988 106.584457 118.496620 113.152023 107.994934 114.180740 116.188553 105.550507
4 123.217690 113.112984 113.211151 0.000000 112.528107 120.277870 108.545761 115.394875 109.512688 115.769363 112.993263
5 122.224487 106.286674 106.584457 112.488930 0.000000 118.201019 111.827118 108.468483 112.734352 114.597641 106.395622
6 124.741493 117.795952 118.077705 119.680962 117.819420 0.000000 118.127121 120.006836 118.959389 109.946129 117.789566
7 122.945763 113.040474 113.256760 108.598305 111.932205 118.894913 0.000000 114.457626 105.362099 115.821548 112.946129
8 124.447281 107.871841 108.000000 115.357262 108.487221 120.784615 114.316948 0.000000 115.143822 116.867004 107.853539
9 123.675125 114.143341 114.278717 109.668358 112.857864 119.642975 105.428085 115.467003 0.000000 116.740738 113.991585
10 122.584175 116.112793 116.129631 115.882156 114.540405 110.553871 115.710434 116.728958 116.673401 0.000000 116.000000
11 122.377106 105.713806 105.486534 112.867004 106.356903 118.183502 112.707069 107.747475 113.861954 116.050507 0.000000
