11
1 0.000000 212.211060 214.609024 211.140701 210.035172 213.738693 214.007538 209.399490 216.309052 217.925003 214.467499
2 212.103012 0.000000 170.619049 167.620605 188.577896 164.494980 155.620605 187.615585 165.419601 182.100006 171.014999
3 214.601501 170.696747 0.000000 177.355896 193.962402 164.080200 176.005020 193.476196 182.927322 188.360001 179.330002
4 211.138184 167.736176 177.385971 0.000000 186.067841 172.266327 173.130646 185.266327 181.103012 185.712494 177.217499
5 209.969849 188.650757 193.952377 186.012558 0.000000 191.648239 192.266327 154.680908 196.728638 200.475006 193.910004
6 213.698486 164.547745 164.045120 172.208542 191.650757 0.000000 171.231155 190.809052 178.771362 184.837494 174.462494
7 213.924622 155.660797 175.992477 173.060303 192.246231 171.233673 0.000000 191.525131 172.344223 186.134995 176.865005
8 209.296478 187.693466 193.451126 185.216080 154.675873 190.834167 191.535172 0.000000 196.228638 199.697495 193.357498
9 216.271362 165.507538 182.942352 181.075378 196.748749 178.814072 172.381912 196.248749 0.000000 191.732498 183.507507
10 217.809998 182.095001 188.247498 185.582504 200.407501 184.742493 186.062500 199.647507 191.654999 0.000000 183.945007
11 214.417496 171.110001 179.330002 177.197495 193.945007 174.507507 176.910004 193.399994 183.500000 184.052505 0.000000
