11
1 0.000000 63.709949 63.758446 65.112244 64.083336 63.891155 64.394913 64.435371 63.245346 64.141411 63.885521
2 63.551434 0.000000 59.765598 62.738617 53.057335 59.640808 62.295109 57.792580 61.566612 62.336700 61.060608
3 63.630066 59.750423 0.000000 62.695946 59.538853 55.292229 62.162163 60.015202 61.239864 62.244106 60.631313
4 65.039116 62.885330 62.608109 0.000000 63.349232 63.488850 55.911865 63.733334 61.206429 62.111111 62.883839
5 64.103745 53.209106 59.736488 63.332199 0.000000 60.160137 62.444069 58.218060 61.414551 62.338383 60.786194
6 64.171768 59.674538 55.418919 63.464836 60.165249 0.000000 62.328815 60.748718 61.480541 62.282829 60.764309
7 64.366104 62.284992 62.133446 55.896610 62.281357 62.103390 0.000000 62.596611 60.568527 61.365318 62.271042
8 64.270409 57.735245 60.072636 63.596581 58.000000 60.685471 62.767796 0.000000 61.551609 62.685184 60.996632
9 63.199661 61.504215 61.184120 61.081219 61.338409 61.546532 60.516075 61.610828 0.000000 57.841751 61.456230
10 64.069023 62.563972 62.444443 61.860268 62.395622 62.277779 61.373737 62.494949 57.860268 0.000000 62.700336
11 63.797981 60.986530 60.634682 62.922558 60.781143 60.661617 62.505051 61.040405 61.557240 62.574074 0.000000
