11
1 0.000000 11.939698 11.909775 11.962312 11.939698 11.899497 11.942211 11.959799 11.949749 11.897500 11.902500
2 11.922111 0.000000 11.799499 11.889447 11.811558 11.695980 11.861809 11.859297 11.884422 11.795000 11.790000
3 11.909775 11.807017 0.000000 11.839599 11.754386 11.636592 11.659148 11.824561 11.706767 11.537500 11.577500
4 11.977386 11.904523 11.837092 0.000000 11.841708 11.829145 11.924623 11.922111 11.932160 11.855000 11.865000
5 11.949749 11.824121 11.756892 11.834171 0.000000 11.600503 11.771357 11.824121 11.766332 11.747500 11.755000
6 11.902010 11.723619 11.626567 11.839196 11.595477 0.000000 11.743718 11.806533 11.781407 11.707500 11.692500
7 11.949749 11.871860 11.654136 11.909548 11.766332 11.728643 0.000000 11.894472 10.113066 11.717500 11.712500
8 11.969850 11.876884 11.827067 11.912061 11.826633 11.798995 11.896985 0.000000 11.902010 11.827500 11.815000
9 11.957287 11.891960 11.679198 11.919598 11.756282 11.771357 10.118091 11.896985 0.000000 11.715000 11.750000
10 11.895000 11.805000 11.537500 11.867500 11.740000 11.715000 11.727500 11.825000 11.737500 0.000000 11.180000
11 11.905000 11.807500 11.565000 11.867500 11.745000 11.692500 11.695000 11.820000 11.735000 11.160000 0.000000
