11
1 0.000000 0.478921 0.486486 0.510204 0.493197 0.500000 0.479661 0.486395 0.497462 0.488215 0.461279
2 0.487352 0.000000 0.419899 0.497470 0.497470 0.455312 0.463744 0.450253 0.433390 0.466330 0.439394
3 0.494932 0.433390 0.000000 0.511824 0.505068 0.464527 0.449324 0.454392 0.456081 0.481481 0.447811
4 0.506803 0.494098 0.506757 0.000000 0.398637 0.500858 0.479661 0.499145 0.512690 0.511784 0.481481
5 0.496599 0.500843 0.501689 0.400341 0.000000 0.497445 0.489830 0.495741 0.512690 0.501683 0.484848
6 0.518707 0.463744 0.464527 0.514580 0.507666 0.000000 0.428814 0.442735 0.472081 0.456229 0.432660
7 0.496610 0.470489 0.449324 0.496610 0.498305 0.444068 0.000000 0.440678 0.483926 0.451178 0.409091
8 0.491497 0.458685 0.456081 0.505983 0.497445 0.439316 0.437288 0.000000 0.480541 0.398990 0.382155
9 0.499154 0.430017 0.440878 0.517766 0.505922 0.465313 0.473773 0.470389 0.000000 0.451178 0.466330
10 0.501683 0.473064 0.479798 0.523569 0.508417 0.466330 0.447811 0.405724 0.469697 0.000000 0.409091
11 0.461279 0.436027 0.432660 0.483165 0.469697 0.425926 0.397306 0.380471 0.468013 0.395623 0.000000
