11
1 0.000000 24.050251 23.959900 23.924623 23.959799 23.979900 24.140703 24.057789 24.155779 23.795000 23.792500
2 24.055277 0.000000 20.786968 20.997488 21.072865 20.984924 23.479900 21.929647 23.324121 21.594999 21.230000
3 23.967419 20.771931 0.000000 20.463659 20.864662 20.664160 23.225563 21.335840 23.190475 21.430000 20.945000
4 23.934673 20.987436 20.468672 0.000000 21.065327 21.025126 23.251257 21.605528 23.158291 21.327499 21.065001
5 23.959799 21.075377 20.877193 21.062815 0.000000 20.989950 23.391960 21.716080 23.344221 21.500000 20.802500
6 23.997488 20.979900 20.679197 21.040201 20.984924 0.000000 23.351759 21.638191 23.334171 21.299999 21.252501
7 24.138191 23.472363 23.228069 23.263819 23.404522 23.361809 0.000000 23.414574 21.180904 23.225000 23.200001
8 24.060301 21.899498 21.325815 21.605528 21.716080 21.615578 23.409548 0.000000 23.379396 21.225000 21.834999
9 24.148241 23.319096 23.195488 23.173367 23.354271 23.339195 21.173367 23.384422 0.000000 23.142500 23.235001
10 23.802500 21.594999 21.450001 21.340000 21.497499 21.299999 23.227501 21.232500 23.142500 0.000000 21.320000
11 23.795000 21.209999 20.962500 21.070000 20.792500 21.237499 23.192499 21.820000 23.237499 21.325001 0.000000
