11
1 0.000000 123.369347 122.927315 122.809044 123.336685 122.638191 122.683418 122.937187 123.020103 122.627502 122.777496
2 123.271355 0.000000 122.939850 121.849243 115.716080 122.248741 122.502510 122.914574 122.206032 116.029999 122.412498
3 122.869675 123.022560 0.000000 121.769424 122.979950 122.260651 120.551376 119.541351 122.403511 122.457497 122.682503
4 122.821609 121.904526 121.854637 0.000000 122.201004 120.213570 121.321609 121.791458 120.721107 121.055000 121.252502
5 123.346733 115.758797 123.012535 122.211052 0.000000 122.311562 122.723618 123.057793 122.432159 116.559998 122.445000
6 122.678391 122.331657 122.295738 120.211052 122.278893 0.000000 121.351761 122.055275 121.213570 121.202499 120.970001
7 122.545227 122.462311 120.473686 121.165833 122.560303 121.211052 0.000000 119.783920 121.761307 121.547501 121.860001
8 122.841705 122.907036 119.473686 121.680908 122.964821 121.972359 119.819092 0.000000 122.170853 121.945000 122.275002
9 123.022614 122.309044 122.443611 120.698494 122.434677 121.198494 121.891960 122.286430 0.000000 121.307503 121.622498
10 122.652496 116.122498 122.537498 121.062500 116.584999 121.300003 121.697502 122.114998 121.294998 0.000000 122.162498
11 122.644997 122.352501 122.582497 121.099998 122.327499 120.849998 121.864998 122.212502 121.464996 121.980003 0.000000
