11
1 0.000000 0.509284 0.453581 0.517241 0.494709 0.525199 0.506631 0.470899 0.519894 0.503958 0.523810
2 0.509284 0.000000 0.379310 0.477454 0.219577 0.450928 0.320955 0.396825 0.400531 0.432718 0.473545
3 0.453581 0.376658 0.000000 0.286472 0.335979 0.305040 0.427056 0.137566 0.400531 0.282322 0.388889
4 0.517241 0.477454 0.286472 0.000000 0.439153 0.347480 0.493369 0.227513 0.445623 0.340369 0.425926
5 0.494709 0.219577 0.335979 0.439153 0.000000 0.420635 0.285714 0.330688 0.380952 0.374670 0.452381
6 0.525199 0.450928 0.305040 0.347480 0.423280 0.000000 0.480106 0.264550 0.445623 0.298153 0.478836
7 0.506631 0.320955 0.427056 0.493369 0.285714 0.477454 0.000000 0.428571 0.442971 0.456464 0.507937
8 0.470899 0.396825 0.137566 0.227513 0.330688 0.264550 0.428571 0.000000 0.380952 0.258575 0.367725
9 0.514589 0.400531 0.400531 0.445623 0.380952 0.445623 0.442971 0.380952 0.000000 0.453826 0.500000
10 0.503958 0.432718 0.284960 0.340369 0.374670 0.298153 0.456464 0.258575 0.456464 0.000000 0.451187
11 0.521164 0.476190 0.391534 0.425926 0.455026 0.481481 0.510582 0.370370 0.502645 0.451187 0.000000
