11
1 0.000000 0.655172 0.649867 0.649867 0.642857 0.644562 0.649867 0.650794 0.649867 0.643799 0.640212
2 0.652520 0.000000 0.633952 0.636605 0.626984 0.631300 0.644562 0.640212 0.628647 0.641161 0.537037
3 0.649867 0.641910 0.000000 0.588859 0.534392 0.578249 0.636605 0.613757 0.490716 0.548813 0.640212
4 0.652520 0.644562 0.586207 0.000000 0.587302 0.586207 0.631300 0.597884 0.551724 0.540897 0.640212
5 0.650794 0.632275 0.534392 0.595238 0.000000 0.579365 0.626984 0.611111 0.518519 0.575198 0.640212
6 0.647215 0.641910 0.578249 0.591512 0.579365 0.000000 0.610080 0.619048 0.588859 0.593668 0.645503
7 0.647215 0.636605 0.628647 0.625995 0.611111 0.602122 0.000000 0.634921 0.620690 0.630607 0.624339
8 0.650794 0.640212 0.605820 0.597884 0.595238 0.616402 0.637566 0.000000 0.600529 0.580475 0.642857
9 0.644562 0.631300 0.490716 0.557029 0.521164 0.583554 0.631300 0.600529 0.000000 0.556728 0.629630
10 0.641161 0.641161 0.554090 0.538259 0.569921 0.593668 0.643799 0.585752 0.551451 0.000000 0.630607
11 0.640212 0.537037 0.637566 0.637566 0.626984 0.634921 0.634921 0.645503 0.626984 0.635884 0.000000
