11
1 0.000000 75.000000 74.586205 74.453583 77.402115 75.803711 77.962868 75.227516 75.395226 75.416885 75.119049
2 75.002655 0.000000 71.076920 71.005302 74.783066 72.267906 75.273209 71.571426 71.795753 71.883904 71.579369
3 74.591515 71.079575 0.000000 69.305038 74.309525 72.005302 74.795753 71.404762 71.588860 71.722954 71.370369
4 74.448273 71.000000 69.294426 0.000000 74.216934 71.928383 74.748009 71.367722 71.506630 71.620056 71.264549
5 77.410049 74.785713 74.306877 74.227516 0.000000 75.642860 74.902115 75.238098 75.325394 75.496040 75.198410
6 75.806366 72.267906 72.002655 71.936340 75.642860 0.000000 76.188332 70.822754 70.708221 72.387863 70.679893
7 77.962868 75.270554 74.790451 74.750664 74.896828 76.185677 0.000000 75.597885 75.838196 75.775726 75.526459
8 75.240738 71.582008 71.410049 71.386246 75.246033 70.833336 75.611115 0.000000 70.417992 71.949867 70.275131
9 75.405838 71.801064 71.591515 71.519897 75.328041 70.713531 75.846153 70.415344 0.000000 71.986809 70.338623
10 75.424805 71.891823 71.722954 71.633247 75.498680 72.393143 75.783638 71.944588 71.986809 0.000000 71.897095
11 75.126984 71.587303 71.373016 71.277779 75.201057 70.685188 75.534393 70.269844 70.338623 71.899734 0.000000
