11
1 0.000000 12.636604 12.636604 12.636604 12.600529 12.636604 12.633952 12.600529 12.633952 12.567283 12.597883
2 12.639257 0.000000 12.480106 12.641910 12.592592 12.639257 12.639257 12.600529 12.636604 12.564644 12.592592
3 12.641910 12.482759 0.000000 12.633952 12.582010 12.631300 12.631300 12.600529 12.631300 12.567283 12.592592
4 12.636604 12.639257 12.633952 0.000000 12.600529 12.631300 12.636604 12.600529 12.183023 12.575198 12.603174
5 12.605820 12.587301 12.574074 12.600529 0.000000 12.603174 12.600529 12.595238 12.605820 12.567283 12.587301
6 12.639257 12.639257 12.639257 12.633952 12.603174 0.000000 12.639257 12.603174 12.633952 12.572559 12.605820
7 12.631300 12.633952 12.633952 12.633952 12.589947 12.633952 0.000000 12.510582 12.636604 12.569921 12.595238
8 12.603174 12.595238 12.597883 12.603174 12.592592 12.597883 12.510582 0.000000 12.600529 12.562005 12.595238
9 12.636604 12.636604 12.631300 12.167109 12.603174 12.628647 12.633952 12.603174 0.000000 12.575198 12.600529
10 12.569921 12.567283 12.567283 12.569921 12.575198 12.569921 12.572559 12.559367 12.569921 0.000000 12.559367
11 12.600529 12.595238 12.595238 12.605820 12.595238 12.605820 12.600529 12.603174 12.603174 12.559367 0.000000
