11
1 0.000000 4.559682 4.533156 4.496021 4.703704 4.392573 4.541114 4.552910 4.477454 4.395778 4.722222
2 4.562334 0.000000 4.305040 4.408488 4.164021 4.339522 4.305040 3.976191 4.400530 4.327177 4.156085
3 4.533156 4.302387 0.000000 4.419098 4.380952 4.339522 3.302387 4.325397 4.387268 4.290237 4.306878
4 4.496021 4.405836 4.421751 0.000000 4.542328 3.862069 4.445623 4.444445 3.567639 3.488127 4.515873
5 4.706349 4.171957 4.380952 4.542328 0.000000 4.433862 4.410053 4.166667 4.431217 4.424802 3.391534
6 4.392573 4.339522 4.339522 3.862069 4.433862 0.000000 4.302387 4.304233 3.777188 3.656992 4.412698
7 4.535809 4.305040 3.302387 4.448276 4.410053 4.305040 0.000000 4.320106 4.427056 4.290237 4.312169
8 4.555555 3.973545 4.325397 4.444445 4.164021 4.304233 4.317461 0.000000 4.370370 4.313984 4.158730
9 4.480106 4.397878 4.387268 3.567639 4.428571 3.777188 4.427056 4.370370 0.000000 3.416887 4.439154
10 4.398417 4.324538 4.290237 3.488127 4.422163 3.656992 4.287599 4.313984 3.414248 0.000000 4.393140
11 4.724868 4.156085 4.309524 4.515873 3.391534 4.415344 4.314815 4.161376 4.439154 4.395778 0.000000
