11
1 0.000000 75.762222 77.881760 79.431976 76.122452 78.537415 77.500000 79.158165 78.096443 78.877106 78.848488
2 75.507591 0.000000 64.688026 66.126472 51.686340 64.424957 65.750420 64.854973 67.180435 66.523567 67.080811
3 78.076012 64.806068 0.000000 70.258446 64.746620 67.701012 70.077705 56.278717 71.408783 70.845116 71.188553
4 79.875847 66.229340 70.506760 0.000000 66.846680 71.173241 71.308472 71.502563 72.428085 71.619530 71.792931
5 76.164963 51.613827 64.695946 66.214653 0.000000 64.451447 65.830505 65.081772 67.059219 66.348488 66.680138
6 78.663269 64.512650 67.756760 71.046310 64.509369 0.000000 70.113556 68.521370 71.262268 70.139732 70.632996
7 77.027115 65.774033 70.270271 71.061020 65.789833 70.408478 0.000000 70.291527 62.758038 71.131310 71.356903
8 79.188774 64.924118 56.342907 71.268379 65.330498 68.784615 70.525421 0.000000 71.790184 70.705391 71.282829
9 78.329948 67.581787 71.410477 72.637901 67.318108 71.368866 62.947548 71.460236 0.000000 72.324913 72.494949
10 79.087540 66.754211 70.897308 71.616165 66.365318 70.255890 71.279465 70.944443 72.202019 0.000000 57.715488
11 79.503365 67.220535 70.885521 71.712120 66.893936 70.489899 71.774414 70.786194 72.469696 57.651516 0.000000
