11
1 0.000000 4.620603 4.749373 4.580402 4.618091 4.690955 4.655779 4.620603 4.778894 4.807500 4.735000
2 4.613065 0.000000 3.636591 3.399498 3.947236 3.346734 3.221106 3.972362 3.577889 3.887500 3.620000
3 4.749373 3.636591 0.000000 3.744361 4.215539 3.533835 3.771930 4.225564 3.954887 4.172500 3.907500
4 4.582914 3.399498 3.746867 0.000000 3.846734 3.595477 3.565327 3.894472 3.798995 4.035000 3.732500
5 4.618091 3.952261 4.215539 3.844221 0.000000 4.095478 4.047739 3.283920 4.258794 4.335000 4.192500
6 4.690955 3.346734 3.533835 3.592965 4.095478 0.000000 3.492462 4.097990 3.864322 3.965000 3.707500
7 4.655779 3.226131 3.774436 3.562814 4.047739 3.494975 0.000000 4.082914 3.688442 3.980000 3.730000
8 4.613065 3.974874 4.225564 3.889447 3.283920 4.092965 4.080402 0.000000 4.296483 4.340000 4.237500
9 4.781407 3.580402 3.957393 3.796482 4.258794 3.864322 3.685930 4.293970 0.000000 4.275000 4.047500
10 4.807500 3.890000 4.170000 4.032500 4.335000 3.970000 3.982500 4.342500 4.277500 0.000000 4.000000
11 4.742500 3.625000 3.905000 3.730000 4.192500 3.712500 3.732500 4.240000 4.052500 4.000000 0.000000
