11
1 0.000000 3.249578 3.445946 3.518708 3.333333 3.389456 3.388136 3.481292 3.375634 3.552189 3.398990
2 3.279932 0.000000 3.092749 3.187184 2.989882 3.141653 3.192243 3.193929 2.858347 3.358586 3.099327
3 3.430743 3.074199 0.000000 3.268581 3.096284 2.819257 3.287162 3.353040 3.160473 3.473064 3.102694
4 3.472789 3.161889 3.250000 0.000000 3.022146 3.332762 3.344068 3.365812 3.231811 3.444444 3.360269
5 3.358844 2.974705 3.111486 3.045997 0.000000 3.177172 3.211864 3.223169 3.060914 3.353535 3.186869
6 3.414966 3.150084 2.849662 3.337907 3.178876 0.000000 3.333898 3.350427 3.196277 3.452862 3.138047
7 3.422034 3.148398 3.251689 3.367797 3.171186 3.289830 0.000000 3.501695 3.313029 3.195286 3.250842
8 3.520408 3.168634 3.349662 3.389744 3.231687 3.367521 3.515254 0.000000 3.302876 3.547138 3.309764
9 3.353638 2.844857 3.140203 3.226734 3.059222 3.174281 3.329949 3.277496 0.000000 3.333333 3.190236
10 3.555556 3.368687 3.515152 3.466330 3.350168 3.520202 3.239057 3.560606 3.400673 0.000000 3.484848
11 3.382155 3.077441 3.082492 3.398990 3.195286 3.129630 3.282828 3.326599 3.188552 3.422559 0.000000
