11
1 0.000000 25.602121 25.631300 25.671087 25.584656 25.644562 25.671087 25.597883 25.689655 25.532982 25.526455
2 25.594164 0.000000 25.175066 25.172413 24.783070 25.005304 24.838196 25.082010 25.124668 24.839050 23.648148
3 25.639257 25.180372 0.000000 23.198938 25.105820 25.249336 25.145889 25.232803 23.384615 25.005278 25.145502
4 25.673740 25.172413 23.196287 0.000000 25.116402 25.350132 25.209549 25.248676 19.161804 25.076517 25.153439
5 25.589947 24.785715 25.116402 25.113756 0.000000 24.354498 24.272488 24.875662 25.084656 24.419525 24.674603
6 25.633953 25.002653 25.265251 25.336870 24.351852 0.000000 24.511936 25.050264 25.289125 24.601583 24.743385
7 25.684351 24.840849 25.145889 25.214853 24.280424 24.533157 0.000000 25.089947 25.156498 24.474934 24.769842
8 25.613756 25.071428 25.230158 25.248676 24.880953 25.042328 25.082010 0.000000 25.261906 25.036940 24.997355
9 25.676394 25.114058 23.403183 19.172413 25.082010 25.291777 25.143236 25.269842 0.000000 25.063324 25.166666
10 25.527704 24.836412 25.018469 25.065964 24.414248 24.588390 24.461740 25.029024 25.060686 0.000000 24.836412
11 25.526455 23.648148 25.150793 25.150793 24.677248 24.746031 24.769842 24.989418 25.150793 24.841688 0.000000
