11
1 0.000000 3.052277 3.089527 3.023809 3.013605 3.115646 3.038983 3.117347 3.045685 3.050505 3.045455
2 3.062395 0.000000 2.337268 2.728499 2.527825 2.913997 2.760540 2.605396 2.738617 2.838384 2.493266
3 3.064189 2.340641 0.000000 2.768581 2.569257 2.920608 2.777027 2.636824 2.760135 2.875421 2.533670
4 3.027211 2.736931 2.783784 0.000000 2.725724 2.934820 2.581356 2.798290 2.620981 2.828283 2.755892
5 3.011905 2.502530 2.557432 2.700170 0.000000 2.880749 2.710170 2.589438 2.703892 2.799663 2.510101
6 3.096939 2.920742 2.942568 2.938251 2.899489 0.000000 2.928813 2.984615 2.920474 2.673401 2.915825
7 3.030509 2.762226 2.795608 2.576271 2.723729 2.910170 0.000000 2.761017 2.499154 2.823232 2.747475
8 3.103741 2.593592 2.623311 2.789744 2.596252 2.984615 2.772881 0.000000 2.771574 2.877104 2.580808
9 3.047377 2.768971 2.805743 2.624366 2.741117 2.932318 2.526227 2.786802 0.000000 2.843434 2.774411
10 3.038721 2.819865 2.867003 2.819865 2.794613 2.658249 2.797980 2.868687 2.813131 0.000000 2.843434
11 3.030303 2.500000 2.526936 2.742424 2.513468 2.900673 2.747475 2.580808 2.740741 2.840067 0.000000
