11
1 0.000000 3.892074 3.847973 3.897959 3.835034 3.886055 3.813559 3.920068 3.785110 3.797980 3.828283
2 3.816189 0.000000 3.585160 3.811130 3.765599 3.541315 3.566610 3.591906 3.421585 3.614478 3.685185
3 3.858108 3.652614 0.000000 3.456081 3.560811 3.135135 3.432432 3.173986 3.527027 3.572391 3.186869
4 3.981292 3.848229 3.418919 0.000000 3.858603 3.363636 3.661017 3.432479 3.688663 3.784512 3.560606
5 3.911565 3.833052 3.603040 4.025554 0.000000 3.645656 3.725424 3.778535 3.698816 3.717172 3.799663
6 3.840136 3.591906 3.160473 3.411664 3.647359 0.000000 3.503390 3.220513 3.478849 3.579125 3.353535
7 3.745763 3.711636 3.471284 3.740678 3.727119 3.515254 0.000000 3.561017 3.544839 2.814815 3.632997
8 3.943877 3.657673 3.165540 3.446154 3.751278 3.200000 3.552542 0.000000 3.480541 3.569024 3.400673
9 3.722504 3.441821 3.501689 3.612521 3.673435 3.421320 3.458545 3.549915 0.000000 3.538721 3.575758
10 3.747475 3.614478 3.601010 3.846801 3.708754 3.579125 2.821549 3.619529 3.569024 0.000000 3.718855
11 3.902357 3.722222 3.164983 3.584175 3.779461 3.341751 3.616162 3.360269 3.597643 3.664983 0.000000
