11
1 0.000000 0.424958 0.422297 0.418367 0.454082 0.425170 0.444068 0.437075 0.401015 0.436027 0.452862
2 0.426644 0.000000 0.451939 0.421585 0.300169 0.409781 0.428331 0.428331 0.381113 0.311448 0.427609
3 0.432432 0.453626 0.000000 0.461149 0.466216 0.420608 0.425676 0.381757 0.423986 0.451178 0.449495
4 0.420068 0.409781 0.461149 0.000000 0.422487 0.406518 0.413559 0.444444 0.387479 0.442761 0.420875
5 0.442177 0.296796 0.461149 0.412266 0.000000 0.403748 0.425424 0.434412 0.390863 0.340067 0.427609
6 0.418367 0.408094 0.434122 0.409949 0.403748 0.000000 0.403390 0.432479 0.397631 0.414141 0.409091
7 0.445763 0.416526 0.434122 0.408475 0.440678 0.400000 0.000000 0.401695 0.392555 0.427609 0.444444
8 0.445578 0.443508 0.386824 0.454701 0.461670 0.430769 0.406780 0.000000 0.424704 0.468013 0.459596
9 0.411168 0.382799 0.422297 0.385787 0.395939 0.392555 0.397631 0.419628 0.000000 0.370370 0.402357
10 0.449495 0.318182 0.457912 0.441077 0.341751 0.410774 0.434343 0.454545 0.380471 0.000000 0.434343
11 0.429293 0.417508 0.442761 0.420875 0.430976 0.409091 0.425926 0.449495 0.395623 0.427609 0.000000
