11
1 0.000000 24.336683 24.318296 24.402010 24.381910 24.381910 24.394472 24.407036 24.417086 24.277500 24.222500
2 24.334171 0.000000 23.867168 23.912060 23.605528 23.758795 23.590452 23.876884 23.864321 23.600000 22.410000
3 24.328321 23.867168 0.000000 22.022556 23.869675 23.974937 23.849625 24.005013 22.197994 23.799999 23.850000
4 24.407036 23.904522 21.992481 0.000000 23.949749 24.072865 23.962311 24.062815 18.243719 23.850000 23.844999
5 24.391960 23.575377 23.852131 23.939699 0.000000 23.195980 23.115578 23.698492 23.891960 23.190001 23.387501
6 24.364321 23.741205 23.919800 24.065327 23.185930 0.000000 23.291458 23.854271 24.015076 23.355000 23.445000
7 24.391960 23.587940 23.832081 23.939699 23.130653 23.304020 0.000000 23.891960 23.894472 23.242500 23.467501
8 24.394472 23.884422 23.962406 24.062815 23.693468 23.854271 23.891960 0.000000 24.072865 23.787500 23.690001
9 24.417086 23.871859 22.170425 18.238693 23.912060 24.027637 23.907036 24.067839 0.000000 23.834999 23.840000
10 24.299999 23.622499 23.790001 23.844999 23.225000 23.365000 23.264999 23.805000 23.842501 0.000000 23.600000
11 24.215000 22.392500 23.830000 23.834999 23.392500 23.465000 23.450001 23.692499 23.837500 23.594999 0.000000
