11
1 0.000000 25.803713 25.795755 25.806366 25.748676 25.745358 25.790451 25.701057 25.771883 25.609499 25.687830
2 25.798409 0.000000 25.095491 25.368700 24.060846 24.957560 25.092838 22.142857 22.397879 24.854881 25.486773
3 25.793104 25.092838 0.000000 25.318302 24.883598 24.689655 24.649868 24.740740 24.862068 24.680738 25.415344
4 25.793104 25.374004 25.323606 0.000000 25.140211 24.899204 25.358089 25.214285 25.259947 24.994722 25.044973
5 25.748676 24.063492 24.915344 25.150793 0.000000 24.677248 25.002645 23.764551 23.653439 24.802111 25.455027
6 25.748011 24.952255 24.700266 24.909815 24.664021 0.000000 24.572945 24.669312 24.493368 22.854881 25.333334
7 25.790451 25.095491 24.657825 25.374004 24.986773 24.604774 0.000000 24.846561 24.790451 24.730871 25.452381
8 25.687830 22.140211 24.746031 25.214285 23.759260 24.669312 24.851852 0.000000 21.335979 24.693932 25.476191
9 25.763926 22.400530 24.888594 25.244032 23.656084 24.498674 24.803713 21.341270 0.000000 24.591028 25.402117
10 25.617414 24.862797 24.688654 25.000000 24.783642 22.854881 24.736147 24.699209 24.583113 0.000000 25.274406
11 25.677248 25.505291 25.433863 25.066137 25.468254 25.346561 25.465609 25.481482 25.412699 25.279684 0.000000
