11
1 0.000000 7.016863 7.092906 6.906463 7.181973 7.278912 7.406780 6.914966 6.998308 6.991582 6.978115
2 7.028668 0.000000 6.569983 6.419899 6.544688 7.026981 6.939292 6.392917 5.573356 6.513468 6.513468
3 7.187500 6.590219 0.000000 6.434122 6.635135 6.967906 6.986486 6.427365 6.516892 6.498316 6.511785
4 6.931973 6.431703 6.388514 0.000000 6.560477 6.861063 6.825424 6.321368 6.379019 5.809764 5.804714
5 7.256803 6.556492 6.689189 6.570698 0.000000 7.086883 7.122034 6.471891 6.573604 6.624579 6.641414
6 7.255102 6.944351 6.954392 6.845626 7.006814 0.000000 5.652543 6.958974 6.934010 6.942761 6.951179
7 7.450848 6.870152 7.008446 6.822034 7.072881 5.616949 0.000000 6.823729 6.901861 6.959596 6.974748
8 6.982993 6.392917 6.422297 6.324786 6.424191 6.965812 6.794915 0.000000 6.328257 6.316498 6.333333
9 7.008460 5.590219 6.494933 6.362098 6.495770 6.888325 6.844332 6.328257 0.000000 6.405724 6.432660
10 6.996633 6.508418 6.488215 5.809764 6.557239 6.944445 7.050505 6.309764 6.412458 0.000000 5.939394
11 6.920876 6.503367 6.500000 5.789562 6.604377 6.939394 6.962963 6.350168 6.479798 5.934343 0.000000
