11
1 0.000000 6.827586 6.838196 6.838196 7.248677 6.970822 7.180371 7.015873 6.949602 6.899736 6.912698
2 6.830239 0.000000 6.527852 6.527852 6.978836 6.610080 6.984085 6.640212 6.594164 6.530343 6.576720
3 6.840849 6.527852 0.000000 6.312997 6.952381 6.665782 6.949602 6.703704 6.647215 6.620053 6.629630
4 6.840849 6.527852 6.312997 0.000000 6.952381 6.665782 6.949602 6.703704 6.647215 6.620053 6.629630
5 7.251323 6.981482 6.952381 6.952381 0.000000 7.092593 7.074074 7.137566 7.074074 7.060686 7.074074
6 6.976127 6.612732 6.668435 6.668435 7.095238 0.000000 7.103448 6.642857 6.562334 6.699208 6.600529
7 7.183024 6.984085 6.949602 6.949602 7.071429 7.098143 0.000000 7.129630 7.092838 7.071240 7.082011
8 7.015873 6.640212 6.703704 6.703704 7.134921 6.637566 7.129630 0.000000 6.582011 6.751979 6.531746
9 6.946949 6.588860 6.641910 6.641910 7.066138 6.554377 7.090186 6.576720 0.000000 6.675462 6.505291
10 6.902375 6.530343 6.617414 6.617414 7.058047 6.693932 7.073879 6.751979 6.680739 0.000000 6.675462
11 6.912698 6.576720 6.626984 6.626984 7.071429 6.597884 7.082011 6.531746 6.507936 6.672823 0.000000
