11
1 0.000000 24.440319 24.721485 24.960213 24.539682 24.734749 24.721485 24.859789 24.721485 24.849604 24.738094
2 24.456234 0.000000 23.482759 23.697613 22.740740 23.753315 23.623343 23.642857 22.010611 24.261213 23.619047
3 24.713528 23.493368 0.000000 24.379311 23.849207 21.511936 24.302387 24.322752 24.061008 24.588390 23.603174
4 24.954906 23.687002 24.374004 0.000000 23.007936 24.400530 24.511936 24.328043 24.153847 24.836412 24.275133
5 24.521164 22.740740 23.825397 23.005291 0.000000 24.010582 23.984127 23.817461 23.354498 24.490765 23.783070
6 24.737400 23.753315 21.498674 24.411140 24.007936 0.000000 24.440319 24.574074 24.175066 24.678101 23.841270
7 24.705570 23.612732 24.294430 24.493368 23.994709 24.435013 0.000000 24.412699 24.095491 23.820580 24.285715
8 24.846561 23.648148 24.333334 24.341270 23.820107 24.571428 24.436508 0.000000 23.976191 24.699209 24.346561
9 24.721485 22.007957 24.068966 24.169762 23.380953 24.175066 24.092838 23.970900 0.000000 24.503958 24.074074
10 24.833773 24.274406 24.593668 24.828497 24.493404 24.683378 23.820580 24.691294 24.506596 0.000000 24.672823
11 24.711639 23.611111 23.608465 24.283070 23.793652 23.846561 24.285715 24.343916 24.076719 24.678101 0.000000
