11
1 0.000000 4.832891 4.700265 4.771883 4.595238 4.602122 4.557029 5.002645 4.618037 4.606860 4.719577
2 4.832891 0.000000 4.649868 3.554377 4.648148 4.432361 4.557029 4.994709 4.591512 4.617414 4.650794
3 4.697613 4.644562 0.000000 4.588860 4.066138 4.485411 4.543766 4.917989 3.978780 4.000000 4.304233
4 4.771883 3.554377 4.588860 0.000000 4.560846 4.419098 4.448276 4.965609 4.511936 4.525066 4.613757
5 4.595238 4.648148 4.066138 4.560846 0.000000 4.455027 4.447090 4.833333 3.907408 3.931398 4.089947
6 4.604774 4.437666 4.488064 4.419098 4.457672 0.000000 4.366048 4.891534 4.424403 4.372032 4.608466
7 4.557029 4.554377 4.543766 4.448276 4.457672 4.363395 0.000000 4.896825 4.458886 4.374670 4.542328
8 5.002645 5.005291 4.915344 4.968254 4.830688 4.886243 4.899471 0.000000 4.833333 4.857520 4.992064
9 4.618037 4.588860 3.976127 4.509284 3.907408 4.421751 4.458886 4.833333 0.000000 3.461741 4.169312
10 4.609499 4.614776 4.000000 4.519789 3.931398 4.369393 4.374670 4.860158 3.461741 0.000000 4.137203
11 4.722222 4.650794 4.304233 4.613757 4.089947 4.605820 4.544973 4.986773 4.171957 4.139842 0.000000
