11
1 0.000000 8.394604 8.442568 8.598639 8.285714 8.365646 7.979661 8.151361 7.969543 8.331650 7.580808
2 8.369308 0.000000 7.364250 7.401349 6.600338 7.389544 6.512648 7.204047 6.998313 8.207070 6.890573
3 8.378378 7.376054 0.000000 6.641892 7.364865 6.978041 7.302365 7.045608 7.005067 8.212121 6.934343
4 8.566326 7.401349 6.675676 0.000000 7.407155 7.039451 7.277966 7.104273 6.971235 8.213804 6.932660
5 8.370749 6.612142 7.395270 7.448041 0.000000 7.557070 6.367796 7.156729 6.949239 8.186869 6.829967
6 8.292517 7.335582 6.983108 6.969125 7.529813 0.000000 7.493220 7.100855 7.074450 8.198653 7.025252
7 7.979661 6.536256 7.290541 7.266102 6.350847 7.488136 0.000000 7.076271 6.842639 8.114478 6.693603
8 8.125851 7.279932 7.065878 7.030769 7.180579 7.198291 7.030509 0.000000 6.744501 8.202021 6.601010
9 8.042301 6.969646 7.087838 6.935702 6.923858 7.059222 6.842639 6.739425 0.000000 7.757576 5.412458
10 8.385522 8.254209 8.245791 8.195286 8.164983 8.077441 8.058923 8.143098 7.648148 0.000000 7.626263
11 7.607744 6.924242 6.983165 6.893939 6.824916 7.092593 6.683502 6.607744 5.419192 7.707071 0.000000
