11
1 0.000000 58.038784 58.863174 58.413265 58.209183 58.855442 58.744068 58.068027 59.341793 59.523567 58.713806
2 57.937607 0.000000 51.197300 50.949409 53.310287 50.413155 49.522766 53.264755 50.694771 52.562290 51.255894
3 58.898647 51.273186 0.000000 52.322636 54.510136 50.587837 52.074326 54.454391 53.035473 53.671719 52.388889
4 58.481293 51.119732 52.385136 0.000000 53.792164 52.572899 52.050846 53.890598 53.000000 53.558922 52.314816
5 58.170067 53.365936 54.508446 53.715504 0.000000 54.482113 54.298306 49.890972 55.084602 55.441078 54.319866
6 58.920067 50.531197 50.631756 52.571182 54.528111 0.000000 51.576271 54.646152 52.526226 53.173401 51.811447
7 58.716949 49.573357 52.054054 51.969490 54.296612 51.506779 0.000000 54.225422 51.758038 53.255894 52.087543
8 57.896259 53.247890 54.395271 53.769230 49.831345 54.507690 54.149151 0.000000 54.944164 55.281143 54.220539
9 59.245346 50.677910 52.959461 52.873096 54.991539 52.406090 51.705585 54.947548 0.000000 54.146465 52.998318
10 59.508419 52.730640 53.754208 53.612793 55.537037 53.181820 53.355217 55.457912 54.301346 0.000000 53.161617
11 58.666668 51.331650 52.400673 52.292931 54.350170 51.757576 52.119530 54.299664 53.116161 53.079124 0.000000
