11
1 0.000000 98.274872 98.684120 97.692177 97.256805 98.477890 99.027115 98.013603 96.998306 97.015152 96.360268
2 98.500847 0.000000 99.983139 98.483978 98.097809 99.160202 99.984825 96.944351 98.258011 98.385521 97.978111
3 98.876686 99.929176 0.000000 98.802368 98.376686 99.464523 96.423988 99.123314 98.256760 98.752525 97.887207
4 97.836731 98.387856 98.751686 0.000000 97.238503 98.962265 99.081352 98.611969 97.032150 97.106064 96.407410
5 97.452377 98.059021 98.373314 97.289612 0.000000 98.126068 98.730507 97.919930 96.595604 96.737373 95.988213
6 98.690475 99.146713 99.481422 99.030876 98.156731 0.000000 99.849152 99.447861 97.888329 97.883835 97.249161
7 99.064407 99.775719 96.256760 98.974579 98.564407 99.659325 0.000000 99.296608 98.252113 98.606064 97.725586
8 98.146255 96.846542 99.054054 98.596581 97.858604 99.357262 99.401695 0.000000 97.370560 97.188553 96.750839
9 97.108292 98.145027 98.179054 97.001694 96.505920 97.771576 98.333336 97.353638 0.000000 96.875420 95.836700
10 96.998314 98.136360 98.543770 96.944443 96.525253 97.670036 98.555557 97.033669 96.747475 0.000000 96.584175
11 96.526939 97.915825 97.851852 96.427612 95.957916 97.208755 97.868690 96.794609 95.905724 96.771042 0.000000
