11
1 0.000000 228.510056 228.962402 233.864319 229.175873 238.022614 226.899490 238.216080 233.942215 236.100006 236.949997
2 228.613068 0.000000 213.350876 226.763824 219.851761 227.856781 201.293976 229.000000 227.552765 225.960007 231.699997
3 228.969925 213.328323 0.000000 227.771927 221.245621 229.616547 210.611526 230.285721 228.240601 228.107498 232.632507
4 234.025131 226.851761 227.917297 0.000000 220.665833 237.228638 225.188446 237.507538 183.163315 235.612503 231.615005
5 229.133163 219.819092 221.228073 220.482407 0.000000 233.502518 217.324127 234.005020 221.057785 231.627502 228.309998
6 238.105530 227.909546 229.779449 237.155777 233.643219 0.000000 226.851761 217.168335 237.304016 212.662506 238.927505
7 226.804016 201.125626 210.558899 224.934677 217.278900 226.658295 0.000000 227.095474 225.386932 224.342499 230.119995
8 238.160797 228.937180 230.240601 237.376877 234.020096 217.100510 227.158295 0.000000 237.530151 193.610001 239.022507
9 233.952255 227.457291 228.265671 183.040207 221.072861 237.188446 225.487442 237.537689 0.000000 235.580002 231.877502
10 236.184998 225.940002 228.177505 235.479996 231.732498 212.607498 224.512497 193.710007 235.634995 0.000000 238.440002
11 237.052505 231.744995 232.722504 231.529999 228.392502 238.860001 230.287506 239.067505 231.962494 238.422501 0.000000
