11
1 0.000000 0.263069 0.263514 0.275510 0.255102 0.267007 0.261017 0.270408 0.267343 0.265993 0.262626
2 0.261383 0.000000 0.252951 0.266442 0.259696 0.259696 0.266442 0.247892 0.249578 0.239057 0.250842
3 0.280405 0.261383 0.000000 0.278716 0.273649 0.292230 0.277027 0.290541 0.255068 0.276094 0.281145
4 0.263605 0.269814 0.263514 0.000000 0.275980 0.272727 0.274576 0.270085 0.245347 0.276094 0.267677
5 0.265306 0.268128 0.275338 0.287905 0.000000 0.286201 0.222034 0.252129 0.277496 0.259259 0.272727
6 0.267007 0.263069 0.278716 0.274443 0.275980 0.000000 0.279661 0.264957 0.267343 0.260943 0.232323
7 0.276271 0.281619 0.275338 0.289831 0.225424 0.284746 0.000000 0.237288 0.277496 0.271044 0.267677
8 0.273810 0.263069 0.287162 0.275214 0.252129 0.273504 0.242373 0.000000 0.272420 0.264310 0.260943
9 0.277496 0.258010 0.256757 0.263959 0.287648 0.289340 0.279188 0.284264 0.000000 0.267677 0.272727
10 0.269360 0.250842 0.269360 0.286195 0.262626 0.269360 0.265993 0.267677 0.264310 0.000000 0.259259
11 0.249158 0.255892 0.279461 0.271044 0.272727 0.240741 0.264310 0.265993 0.267677 0.249158 0.000000
