11
1 0.000000 25.777189 25.774536 25.758621 25.740740 25.782494 25.795755 25.748676 25.811670 25.649076 25.724867
2 25.774536 0.000000 25.265251 25.779840 25.775133 25.702917 25.498674 25.444445 25.249336 25.203167 25.722221
3 25.774536 25.267904 0.000000 25.763926 25.777779 25.501326 25.098143 25.267197 22.400530 24.538260 25.724867
4 25.761272 25.785147 25.748011 0.000000 25.452381 25.795755 25.811670 25.772488 25.769230 25.667545 25.380953
5 25.735449 25.775133 25.785715 25.455027 0.000000 25.785715 25.793652 25.804234 25.780424 25.728231 25.730158
6 25.782494 25.697613 25.496021 25.785147 25.791006 0.000000 25.631300 25.518518 25.442970 25.461740 25.719576
7 25.801062 25.490717 25.092838 25.811670 25.793652 25.628647 0.000000 25.457672 24.782494 24.208443 25.732803
8 25.740740 25.433863 25.253969 25.777779 25.801588 25.513227 25.457672 0.000000 25.029100 25.213720 25.730158
9 25.811670 25.249336 22.400530 25.769230 25.780424 25.442970 24.766579 25.044973 0.000000 24.124010 25.687830
10 25.635883 25.200527 24.535620 25.656992 25.728231 25.459103 24.189974 25.200527 24.121372 0.000000 25.627968
11 25.719576 25.724867 25.719576 25.383598 25.730158 25.722221 25.732803 25.727512 25.685184 25.625330 0.000000
