11
1 0.000000 65.401352 66.753380 68.588432 66.426872 67.551018 67.959320 69.222786 66.560066 69.484848 67.372055
2 65.161888 0.000000 62.087688 63.360878 60.529510 62.620575 63.401348 64.094437 58.634064 65.690239 62.700336
3 66.466217 62.042160 0.000000 65.351349 62.653717 57.692566 64.724663 65.918922 63.324326 66.646461 62.234005
4 68.777214 63.349072 65.339523 0.000000 62.037479 66.687820 66.591522 67.338463 64.560066 67.863640 65.848488
5 66.386055 60.689713 62.788853 62.124363 0.000000 63.768314 64.276268 64.783646 62.032150 66.484848 63.367004
6 67.593536 62.728500 57.663853 66.730705 63.713799 0.000000 65.510170 67.258118 63.976311 67.240738 62.826599
7 67.844070 63.553120 64.814186 66.610168 64.364410 65.571190 0.000000 67.533897 64.619286 64.745789 65.340065
8 69.163269 64.145027 66.136826 67.586327 64.785347 67.198288 67.533897 0.000000 65.394249 69.178452 66.585861
9 66.380714 58.585159 63.288853 64.703888 61.920475 63.901863 64.648056 65.177666 0.000000 66.688553 63.868687
10 69.427612 65.771042 66.887207 68.171715 66.225586 67.119530 64.905724 69.185188 66.978111 0.000000 67.641411
11 67.141411 62.781143 62.277779 65.670036 63.358585 62.860268 65.402359 66.355217 63.887207 67.444443 0.000000
