11
1 0.000000 13.266441 13.756757 13.447279 13.602041 13.486395 13.876271 13.350340 13.269035 13.432660 13.324916
2 13.379427 0.000000 13.313660 12.362563 13.214166 12.436762 13.723440 11.623946 11.650928 11.924242 11.794613
3 13.586148 13.256324 0.000000 13.219595 12.951014 13.353041 13.824325 13.211148 13.197635 13.286196 13.336700
4 13.372449 12.281619 13.239865 0.000000 13.236797 11.415094 13.503389 12.459829 12.363791 12.531986 12.441077
5 13.581633 13.150084 12.836148 13.253833 0.000000 13.318569 13.984746 13.149915 13.094754 13.255892 13.225589
6 13.455782 12.477235 13.353041 11.445970 13.293015 0.000000 13.559322 12.623932 12.477158 12.590909 12.523569
7 13.718644 13.514334 13.827703 13.416949 13.906779 13.522034 0.000000 13.345762 13.370559 13.572391 13.474748
8 13.287415 11.536257 13.180743 12.420513 13.059626 12.509401 13.384746 0.000000 10.624366 11.348485 11.234007
9 13.357022 11.559865 13.116554 12.319797 13.093062 12.434856 13.407784 10.641286 0.000000 11.518518 11.412457
10 13.328282 11.905724 13.284512 12.496633 13.225589 12.585858 13.666667 11.400674 11.587543 0.000000 11.308081
11 13.265993 11.769361 13.291245 12.530303 13.181818 12.592592 13.521886 11.313131 11.449495 11.356902 0.000000
