11
1 0.000000 7.761273 7.655172 7.702918 7.780423 7.742705 7.718833 7.621693 7.816976 7.614776 7.632275
2 7.766578 0.000000 6.541114 6.594164 6.658730 6.724138 6.572944 6.608466 6.628647 6.527705 6.534391
3 7.660478 6.541114 0.000000 6.466844 6.497355 6.586207 6.421751 6.428571 6.557029 6.337731 6.267196
4 7.708223 6.596817 6.466844 0.000000 6.605820 6.599470 6.509284 6.473545 6.639257 6.393140 6.460318
5 7.783069 6.658730 6.494709 6.603175 0.000000 6.748677 6.431217 6.611111 6.664021 6.511873 6.505291
6 7.745358 6.724138 6.586207 6.599470 6.748677 0.000000 6.655172 6.544973 6.779841 6.522428 6.579365
7 7.724138 6.572944 6.421751 6.509284 6.431217 6.655172 0.000000 6.500000 6.591512 6.403694 6.417989
8 7.626984 6.611111 6.431217 6.473545 6.613757 6.547619 6.500000 0.000000 6.648148 6.411610 6.439154
9 7.822281 6.628647 6.557029 6.639257 6.664021 6.779841 6.591512 6.648148 0.000000 6.554090 6.552910
10 7.622691 6.530343 6.340369 6.395778 6.514512 6.525066 6.406332 6.414248 6.556728 0.000000 6.345646
11 7.637566 6.537037 6.267196 6.460318 6.507936 6.582011 6.417989 6.439154 6.552910 6.345646 0.000000
