11
1 0.000000 159.662735 159.672302 158.530609 161.416672 154.285721 174.661011 170.668365 153.954315 165.557236 168.473068
2 158.849915 0.000000 149.596970 151.089371 124.042160 140.263062 167.649246 164.463745 140.374374 155.707077 163.415833
3 160.091217 149.016861 0.000000 151.371628 149.829391 139.744934 168.665543 164.527023 139.748306 156.267670 163.680130
4 158.302719 151.693085 150.714523 0.000000 152.775131 144.979416 170.318649 163.268372 143.492386 157.819870 159.469696
5 160.991501 123.657669 148.800674 151.770020 0.000000 141.594543 168.252548 166.081772 140.886627 156.313126 162.811447
6 154.593536 140.286682 140.537155 145.010284 142.405457 0.000000 163.345764 162.417099 101.307953 146.875427 158.146469
7 173.635590 168.740311 167.741547 170.377960 169.311859 161.966095 0.000000 176.505081 162.071060 169.760941 174.333328
8 169.258499 164.148392 164.957764 162.651276 166.286194 160.736755 175.411865 0.000000 159.035538 168.489899 162.436020
9 154.253815 140.607086 139.961151 143.561752 141.774963 101.164131 163.612518 161.335022 0.000000 147.058929 157.242432
10 166.207077 157.400681 156.282822 158.358582 157.877106 146.377106 172.117844 169.267670 146.959595 0.000000 168.649826
11 168.016830 162.698654 163.121216 159.213806 162.696976 156.821548 175.760941 163.592590 157.065659 166.978119 0.000000
