11
1 0.000000 10.168342 10.328321 10.065327 10.050251 10.213568 10.236181 10.113066 10.417086 10.447500 10.365000
2 10.170855 0.000000 8.075188 7.718593 8.851759 7.580402 7.165829 8.929648 7.680904 8.597500 8.077500
3 10.338346 8.072681 0.000000 8.338346 9.348371 7.842105 8.380953 9.413534 8.631579 9.035000 8.577500
4 10.072865 7.721106 8.345864 0.000000 8.685929 7.962312 8.012563 8.791457 8.434673 8.762500 8.270000
5 10.050251 8.851759 9.353383 8.680904 0.000000 9.040201 9.000000 7.286432 9.371860 9.557500 9.272500
6 10.221106 7.585427 7.844612 7.962312 9.045226 0.000000 7.962312 9.125628 8.341708 8.652500 8.222500
7 10.236181 7.165829 8.383459 8.010050 9.005025 7.959799 0.000000 9.128140 8.000000 8.857500 8.362500
8 10.128140 8.924623 9.418547 8.788945 7.283920 9.118091 9.128140 0.000000 9.409548 9.640000 9.332500
9 10.414573 7.683417 8.631579 8.437186 9.369347 8.334171 8.000000 9.409548 0.000000 9.212500 8.812500
10 10.457500 8.590000 9.027500 8.755000 9.550000 8.645000 8.852500 9.635000 9.207500 0.000000 8.705000
11 10.370000 8.080000 8.575000 8.267500 9.272500 8.215000 8.365000 9.330000 8.815000 8.710000 0.000000
