11
1 0.000000 0.047218 0.032095 0.035714 0.023810 0.035714 0.045763 0.049320 0.023689 0.042088 0.021886
2 0.033727 0.000000 0.030354 0.045531 0.030354 0.045531 0.053963 0.040472 0.026981 0.040404 0.021886
3 0.025338 0.035413 0.000000 0.033784 0.021959 0.037162 0.021959 0.045608 0.020270 0.038721 0.015152
4 0.034014 0.055649 0.038851 0.000000 0.032368 0.039451 0.055932 0.049573 0.033841 0.053872 0.033670
5 0.020408 0.038786 0.025338 0.030664 0.000000 0.030664 0.042373 0.040886 0.020305 0.030303 0.018519
6 0.030612 0.052277 0.038851 0.037736 0.028961 0.000000 0.054237 0.049573 0.032149 0.050505 0.030303
7 0.035593 0.053963 0.016892 0.047458 0.035593 0.049153 0.000000 0.057627 0.033841 0.052189 0.030303
8 0.047619 0.053963 0.050676 0.049573 0.044293 0.052991 0.067797 0.000000 0.047377 0.062290 0.045455
9 0.018613 0.035413 0.021959 0.030457 0.018613 0.033841 0.040609 0.043993 0.000000 0.033670 0.013468
10 0.038721 0.047138 0.040404 0.050505 0.030303 0.050505 0.057239 0.058923 0.033670 0.000000 0.026936
11 0.016835 0.030303 0.018519 0.031987 0.018519 0.031987 0.037037 0.042088 0.013468 0.026936 0.000000
