11
1 0.000000 5.917772 5.960212 5.954907 5.941799 5.965517 5.965517 5.941799 5.949602 5.923483 5.931217
2 5.920424 0.000000 5.875331 5.893899 5.875661 5.931035 5.933687 5.870370 5.870027 5.831135 5.851852
3 5.960212 5.880637 0.000000 5.843501 4.820106 5.938992 5.949602 5.275132 5.907162 5.654354 5.865079
4 5.960212 5.896552 5.835544 0.000000 5.804233 5.965517 5.960212 5.814815 5.933687 5.831135 5.910053
5 5.941799 5.883598 4.817461 5.804233 0.000000 5.928571 5.939154 5.288360 5.886243 5.659631 5.851852
6 5.981432 5.931035 5.941645 5.973475 5.941799 0.000000 5.331565 5.949736 5.957560 5.941953 5.931217
7 5.965517 5.925729 5.949602 5.954907 5.936508 5.328912 0.000000 5.936508 5.936339 5.941953 5.917989
8 5.949736 5.870370 5.288360 5.806878 5.301587 5.944445 5.936508 0.000000 5.910053 5.707124 5.859788
9 5.944297 5.859416 5.912467 5.931035 5.886243 5.946949 5.928382 5.902116 0.000000 5.891820 5.873016
10 5.931398 5.841689 5.654354 5.833773 5.664907 5.936676 5.936676 5.717678 5.902375 0.000000 5.886544
11 5.939154 5.859788 5.867725 5.907407 5.851852 5.923280 5.925926 5.862434 5.875661 5.881267 0.000000
