11
1 0.000000 8.812817 8.819257 8.765306 8.828231 8.346939 9.164407 9.110544 8.455161 8.917508 9.006734
2 8.575042 0.000000 7.890388 7.969646 6.283305 7.290051 8.973019 8.922428 7.325464 8.168350 8.803030
3 8.795609 7.806071 0.000000 8.224662 7.866554 7.241554 9.023648 8.971284 7.251689 8.444445 8.681818
4 8.617347 8.080944 8.238175 0.000000 8.233390 7.401372 9.022034 9.017094 7.338409 8.540404 8.649832
5 8.714286 6.263069 7.871622 8.400341 0.000000 7.345826 9.005085 9.032368 7.448392 8.397306 8.809764
6 8.244898 7.315346 7.260135 7.475129 7.390119 0.000000 8.825424 8.844444 5.043993 7.797980 8.474748
7 9.140678 9.042158 9.064189 9.077966 9.020339 8.859322 0.000000 9.128814 8.808799 8.988215 9.089226
8 9.141156 8.969646 8.957770 9.011966 9.045997 8.957265 9.166101 0.000000 8.708968 9.016835 8.885522
9 8.294416 7.322091 7.239865 7.345178 7.373942 5.018612 8.820643 8.560068 0.000000 7.584175 8.491583
10 8.907408 8.166667 8.547138 8.537037 8.420876 7.809764 9.035354 9.031986 7.543771 0.000000 8.984848
11 9.020202 8.887205 8.880471 8.664983 8.949495 8.582492 9.097643 8.863636 8.557240 9.020202 0.000000
