11
1 0.000000 22.557789 22.390978 22.489950 22.432161 22.575377 22.562815 22.592964 22.532663 22.307501 22.432501
2 22.562815 0.000000 22.020050 22.314070 21.987436 22.366835 22.180904 22.253769 19.404522 21.917500 22.182501
3 22.390978 22.007519 0.000000 22.115288 21.804512 22.127819 21.899750 21.942356 21.924812 19.594999 22.055000
4 22.497488 22.319096 22.127819 0.000000 22.324121 22.298994 22.437185 22.296482 22.329145 22.065001 22.202499
5 22.434673 21.972363 21.794487 22.291458 0.000000 22.266331 21.934673 22.062815 21.977386 21.752501 22.090000
6 22.577890 22.376884 22.142857 22.288944 22.273869 0.000000 22.437185 22.369347 22.359297 22.045000 21.827499
7 22.560301 22.170855 21.894737 22.429647 21.947237 22.437185 0.000000 22.253769 22.042713 21.862499 22.287500
8 22.600502 22.241205 21.944862 22.288944 22.067839 22.374372 22.248743 0.000000 22.218594 21.852501 22.245001
9 22.522614 19.402010 21.934837 22.321608 21.972363 22.349247 22.040201 22.218594 0.000000 21.805000 22.219999
10 22.312500 21.934999 19.622499 22.059999 21.767500 22.055000 21.865000 21.852501 21.820000 0.000000 22.087500
11 22.440001 22.180000 22.067499 22.195000 22.082500 21.832500 22.277500 22.250000 22.215000 22.084999 0.000000
