11
1 0.000000 5.970822 5.981432 5.970822 5.955027 5.968170 5.978780 5.962963 5.976127 5.936676 5.944445
2 5.968170 0.000000 5.936339 5.938992 5.931217 5.957560 5.700265 5.939154 5.933687 5.897098 5.910053
3 5.984085 5.944297 0.000000 5.854111 5.917989 5.941645 5.928382 5.923280 5.885942 5.788918 5.732804
4 5.968170 5.928382 5.854111 0.000000 5.917989 5.931035 5.931035 5.917989 5.928382 5.356201 5.849206
5 5.960318 5.936508 5.907407 5.920635 0.000000 5.925926 5.902116 5.923280 5.761905 5.886544 5.880952
6 5.970822 5.952255 5.938992 5.938992 5.939154 0.000000 5.936339 5.743386 5.968170 5.881267 5.920635
7 5.981432 5.689655 5.920424 5.928382 5.899471 5.925729 0.000000 5.936508 5.901857 5.897098 5.907407
8 5.962963 5.936508 5.910053 5.920635 5.936508 5.746032 5.941799 0.000000 5.928571 5.897098 5.936508
9 5.976127 5.928382 5.872679 5.920424 5.772487 5.960212 5.912467 5.925926 0.000000 5.891820 5.899471
10 5.936676 5.891820 5.775725 5.366755 5.881267 5.881267 5.894459 5.894459 5.897098 0.000000 5.799472
11 5.949736 5.912698 5.732804 5.857143 5.886243 5.917989 5.907407 5.933862 5.894180 5.788918 0.000000
