11
1 0.000000 23.324121 23.015038 21.758795 23.060301 21.452261 23.376884 23.095478 23.125628 23.602501 22.892500
2 23.326633 0.000000 22.248119 22.655779 22.283920 22.706030 23.542713 22.585426 22.339195 23.290001 23.344999
3 23.035088 22.240601 0.000000 22.320803 18.796993 22.275690 23.255640 20.416040 14.345864 22.639999 23.172501
4 21.738693 22.648241 22.310778 0.000000 22.381910 17.854271 22.844221 22.505026 22.419598 23.455000 21.090000
5 23.047739 22.261307 18.776943 22.369347 0.000000 22.334171 23.314070 20.243719 18.987436 22.495001 23.129999
6 21.459799 22.728643 22.278196 17.854271 22.346733 0.000000 22.912060 22.525126 22.344221 23.437500 21.407499
7 23.359297 23.542713 23.235588 22.846733 23.339195 22.891960 0.000000 23.447237 23.324121 23.827499 23.247499
8 23.097990 22.605528 20.416040 22.515076 20.241205 22.535175 23.449749 0.000000 20.660805 22.620001 23.247499
9 23.140703 22.319096 14.355889 22.442211 19.002512 22.359297 23.359297 20.665829 0.000000 22.745001 23.235001
10 23.605000 23.280001 22.647499 23.457500 22.510000 23.459999 23.817499 22.620001 22.742500 0.000000 23.760000
11 22.877501 23.317499 23.152500 21.077499 23.129999 21.400000 23.262501 23.230000 23.212500 23.750000 0.000000
