11
1 0.000000 0.668435 0.660477 0.663130 0.661376 0.663130 0.665783 0.664021 0.663130 0.654354 0.661376
2 0.663130 0.000000 0.647215 0.652520 0.637566 0.649867 0.644562 0.632275 0.652520 0.643799 0.616402
3 0.655172 0.644562 0.000000 0.572944 0.637566 0.647215 0.644562 0.645503 0.559682 0.659631 0.650794
4 0.655172 0.652520 0.572944 0.000000 0.637566 0.644562 0.649867 0.653439 0.384615 0.649077 0.642857
5 0.661376 0.640212 0.645503 0.645503 0.000000 0.613757 0.642857 0.650794 0.653439 0.633245 0.632275
6 0.660477 0.652520 0.647215 0.647215 0.608466 0.000000 0.647215 0.642857 0.649867 0.643799 0.650794
7 0.665783 0.649867 0.652520 0.652520 0.637566 0.647215 0.000000 0.656085 0.652520 0.630607 0.648148
8 0.658730 0.634921 0.648148 0.658730 0.648148 0.642857 0.653439 0.000000 0.661376 0.654354 0.640212
9 0.665783 0.657825 0.564987 0.384615 0.653439 0.652520 0.657825 0.664021 0.000000 0.659631 0.664021
10 0.654354 0.646438 0.662269 0.651715 0.625330 0.646438 0.633245 0.649077 0.654354 0.000000 0.641161
11 0.664021 0.611111 0.653439 0.645503 0.626984 0.648148 0.645503 0.640212 0.658730 0.643799 0.000000
