11
1 0.000000 16.215851 15.420609 16.299320 16.209183 15.481293 15.506780 15.522109 15.485618 15.341751 16.077440
2 16.229342 0.000000 15.296796 15.507588 15.730186 15.118044 15.011805 15.175380 14.472176 15.242424 15.853536
3 15.613175 15.177066 0.000000 14.471284 15.146959 13.434122 14.709459 13.699325 14.831081 14.880471 13.644781
4 16.256804 15.413154 14.466216 0.000000 15.654174 14.365352 15.215254 14.352137 15.125212 15.178452 15.109427
5 16.040817 15.747049 15.003378 15.594548 0.000000 14.988075 15.159322 14.940374 15.269035 15.329967 15.702021
6 15.476191 15.091063 13.375000 14.404802 14.982965 0.000000 14.637288 13.637607 14.692047 14.612795 14.122895
7 15.708474 15.229342 14.795609 15.171186 15.149153 14.871186 0.000000 14.815254 14.692047 11.863636 15.198653
8 15.428572 15.172007 13.638514 14.324786 15.080069 13.675214 14.516949 0.000000 14.600677 14.533670 14.092592
9 15.619289 14.561551 14.748311 15.172589 15.384095 14.712352 14.715736 14.671742 0.000000 14.582492 15.240741
10 15.348485 15.242424 14.762627 15.121212 15.326599 14.754209 11.887205 14.671718 14.668350 0.000000 15.461280
11 16.109428 15.855219 13.592592 15.136364 15.589226 14.183501 15.047138 14.164983 15.210438 15.383839 0.000000
