11
1 0.000000 11.944724 11.912281 11.962312 11.944724 11.974874 11.937186 11.922111 11.934673 11.890000 11.860000
2 11.937186 0.000000 11.709273 11.879397 11.718593 11.515076 11.728643 11.708543 11.698492 11.482500 11.557500
3 11.917294 11.706767 0.000000 11.827067 11.809524 11.729323 11.741855 11.573935 11.253133 11.700000 11.445000
4 11.957287 11.854271 11.827067 0.000000 11.869347 11.879397 11.831658 11.826633 11.846734 11.810000 11.782500
5 11.947236 11.738693 11.817042 11.876884 0.000000 11.766332 11.793970 11.791457 11.796482 11.750000 11.712500
6 11.972362 11.507538 11.731830 11.881909 11.761307 0.000000 11.773870 11.748744 11.721106 11.362500 11.655000
7 11.924623 11.716081 11.731830 11.816583 11.783919 11.783919 0.000000 11.776381 11.766332 11.770000 11.687500
8 11.919598 11.693467 11.583960 11.819096 11.781407 11.748744 11.781407 0.000000 11.517588 11.660000 11.447500
9 11.939698 11.695980 11.270677 11.836683 11.791457 11.716081 11.753769 11.527638 0.000000 11.685000 11.407500
10 11.887500 11.470000 11.710000 11.817500 11.745000 11.365000 11.767500 11.667500 11.675000 0.000000 11.615000
11 11.857500 11.555000 11.460000 11.780000 11.710000 11.657500 11.700000 11.452500 11.415000 11.602500 0.000000
