11
1 0.000000 0.600502 0.609023 0.577889 0.597990 0.608040 0.600502 0.592965 0.608040 0.590000 0.577500
2 0.603015 0.000000 0.573935 0.542714 0.535176 0.592965 0.565327 0.545226 0.424623 0.557500 0.550000
3 0.611529 0.578947 0.000000 0.543860 0.568922 0.586466 0.581454 0.556391 0.563910 0.557500 0.560000
4 0.580402 0.542714 0.538847 0.000000 0.507538 0.545226 0.537688 0.477387 0.545226 0.422500 0.457500
5 0.600502 0.532663 0.568922 0.510050 0.000000 0.577889 0.572864 0.497487 0.532663 0.545000 0.547500
6 0.608040 0.590452 0.586466 0.545226 0.580402 0.000000 0.429648 0.567839 0.575377 0.572500 0.565000
7 0.600502 0.570352 0.581454 0.540201 0.575377 0.432161 0.000000 0.567839 0.567839 0.547500 0.562500
8 0.592965 0.545226 0.553885 0.477387 0.494975 0.565327 0.565327 0.000000 0.542714 0.525000 0.520000
9 0.608040 0.427136 0.566416 0.547739 0.540201 0.577889 0.570352 0.547739 0.000000 0.562500 0.575000
10 0.590000 0.560000 0.555000 0.422500 0.552500 0.570000 0.545000 0.527500 0.562500 0.000000 0.462500
11 0.577500 0.550000 0.557500 0.457500 0.547500 0.567500 0.567500 0.522500 0.575000 0.462500 0.000000
