11
1 0.000000 0.459799 0.451128 0.479899 0.457286 0.482412 0.464824 0.452261 0.452261 0.475000 0.452500
2 0.459799 0.000000 0.263158 0.346734 0.324121 0.369347 0.180905 0.301508 0.384422 0.460000 0.330000
3 0.448622 0.263158 0.000000 0.353383 0.353383 0.363409 0.308271 0.278196 0.393484 0.460000 0.317500
4 0.474874 0.346734 0.353383 0.000000 0.339196 0.261307 0.394472 0.346734 0.386935 0.470000 0.392500
5 0.459799 0.324121 0.353383 0.341709 0.000000 0.336683 0.339196 0.324121 0.349246 0.432500 0.345000
6 0.479899 0.369347 0.363409 0.258794 0.334171 0.000000 0.394472 0.346734 0.404523 0.452500 0.362500
7 0.467337 0.180905 0.308271 0.396985 0.341709 0.394472 0.000000 0.311558 0.381910 0.475000 0.347500
8 0.449749 0.301508 0.278196 0.349246 0.324121 0.344221 0.311558 0.000000 0.394472 0.460000 0.237500
9 0.454774 0.386935 0.390977 0.389447 0.349246 0.407035 0.381910 0.394472 0.000000 0.490000 0.397500
10 0.472500 0.457500 0.467500 0.472500 0.432500 0.457500 0.477500 0.460000 0.490000 0.000000 0.462500
11 0.455000 0.332500 0.317500 0.395000 0.345000 0.367500 0.350000 0.237500 0.392500 0.465000 0.000000
