11
1 0.000000 9.156830 9.190878 9.273809 9.263605 9.251700 9.216949 9.260204 9.203046 9.166667 9.087543
2 9.202361 0.000000 8.473862 9.180438 9.143339 8.763912 8.942664 8.949409 8.495784 9.075758 8.813131
3 9.179054 8.536257 0.000000 9.128378 9.158784 8.944257 8.903716 8.974662 8.601352 9.038720 8.690236
4 9.285714 9.173693 9.209459 0.000000 7.504259 9.298456 9.203390 9.276923 9.209814 9.163300 9.163300
5 9.232993 9.079258 9.103041 7.587734 0.000000 9.126064 9.161017 9.199319 9.157360 9.114478 9.111111
6 9.215986 8.782462 8.979730 9.236707 9.182282 0.000000 8.428814 8.741880 8.903553 8.835017 8.574074
7 9.208474 8.964587 8.905405 9.159322 9.159322 8.562712 0.000000 8.872881 9.059221 8.937711 8.390573
8 9.275510 8.912311 8.974662 9.317948 9.233390 8.772650 8.693220 0.000000 9.109983 7.420876 7.947812
9 9.208122 8.558179 8.633446 9.214890 9.196278 8.918781 9.032149 9.054146 0.000000 9.057240 9.011785
10 9.143098 9.037037 9.045455 9.119529 9.109427 8.814815 8.966330 7.601010 9.080808 0.000000 8.491583
11 9.154882 8.877105 8.917508 9.124579 9.170033 8.638047 8.540404 8.121212 9.043771 8.447811 0.000000
