11
1 0.000000 4.028668 4.199324 4.238095 4.059524 4.096939 4.189830 4.250000 4.197969 4.244108 4.228956
2 3.929174 0.000000 3.236088 3.256324 2.397976 3.168634 3.259696 3.246206 3.354131 3.281145 3.351852
3 4.238176 3.276560 0.000000 3.530406 3.248311 3.444257 3.613176 2.765203 3.643581 3.686869 3.808081
4 4.278912 3.259696 3.560811 0.000000 3.277683 3.567753 3.749153 3.678632 3.715736 3.649832 3.710438
5 4.022109 2.403035 3.234797 3.253833 0.000000 3.178876 3.267797 3.272573 3.353638 3.277778 3.328283
6 4.224490 3.198988 3.396960 3.557462 3.194208 0.000000 3.532203 3.429060 3.759729 3.540404 3.671717
7 4.174576 3.281619 3.500000 3.642373 3.289830 3.571187 0.000000 3.564407 3.125211 3.563973 3.629630
8 4.289115 3.236088 2.756757 3.639316 3.269165 3.437607 3.557627 0.000000 3.712352 3.680135 3.691919
9 4.184433 3.349072 3.599662 3.634518 3.355330 3.734349 3.103215 3.690355 0.000000 3.631313 3.771044
10 4.161616 3.316498 3.644781 3.560606 3.296296 3.555556 3.570707 3.649832 3.670034 0.000000 2.811448
11 4.225589 3.400673 3.685185 3.727273 3.407408 3.735690 3.666667 3.702020 3.809764 2.811448 0.000000
