11
1 0.000000 5.565327 5.461153 5.462312 5.530151 5.520101 5.532663 5.424623 5.505025 5.515000 5.495000
2 5.570352 0.000000 5.461153 5.469849 5.547739 5.434673 5.447236 5.462312 5.452261 5.492500 5.462500
3 5.463659 5.451128 0.000000 4.972431 5.406015 5.408521 5.426065 4.927318 4.666667 5.340000 5.330000
4 5.464824 5.467337 4.982456 0.000000 5.422111 5.414573 5.434673 4.731156 5.085427 5.345000 5.345000
5 5.527638 5.540201 5.413534 5.407035 0.000000 5.510050 5.477387 5.396985 5.407035 5.442500 5.440000
6 5.512563 5.424623 5.406015 5.407035 5.515075 0.000000 5.223618 5.366834 5.389447 5.415000 5.432500
7 5.535176 5.449749 5.428571 5.439699 5.479899 5.241206 0.000000 5.419598 5.407035 5.432500 5.435000
8 5.437186 5.447236 4.932331 4.736181 5.402010 5.364322 5.414573 0.000000 5.045226 5.327500 5.295000
9 5.512563 5.454774 4.671679 5.087940 5.407035 5.399498 5.409548 5.047739 0.000000 5.332500 5.307500
10 5.522500 5.487500 5.337500 5.345000 5.445000 5.417500 5.440000 5.322500 5.322500 0.000000 5.042500
11 5.485000 5.455000 5.325000 5.327500 5.445000 5.442500 5.430000 5.300000 5.300000 5.042500 0.000000
