11
1 0.000000 0.327150 0.349662 0.318027 0.341837 0.357143 0.349153 0.328231 0.338409 0.333333 0.329966
2 0.333895 0.000000 0.306914 0.279933 0.284992 0.354132 0.315346 0.279933 0.185497 0.277778 0.276094
3 0.344595 0.300169 0.000000 0.260135 0.290541 0.336149 0.309122 0.280405 0.282095 0.267677 0.276094
4 0.306122 0.271501 0.255068 0.000000 0.250426 0.289880 0.262712 0.246154 0.277496 0.193603 0.191919
5 0.324830 0.281619 0.290541 0.257240 0.000000 0.328790 0.306780 0.236797 0.277496 0.279461 0.272727
6 0.348639 0.333895 0.326014 0.289880 0.325383 0.000000 0.183051 0.294017 0.336717 0.328283 0.318182
7 0.333898 0.301855 0.307432 0.277966 0.303390 0.189831 0.000000 0.288136 0.307953 0.282828 0.297980
8 0.321429 0.279933 0.278716 0.256410 0.245315 0.305983 0.300000 0.000000 0.272420 0.271044 0.267677
9 0.335025 0.178752 0.293919 0.285956 0.291032 0.340102 0.307953 0.270728 0.000000 0.279461 0.299663
10 0.333333 0.271044 0.269360 0.198653 0.274411 0.328283 0.277778 0.260943 0.272727 0.000000 0.200337
11 0.308081 0.262626 0.262626 0.188552 0.259259 0.313131 0.279461 0.255892 0.287879 0.190236 0.000000
