11
1 0.000000 23.888594 23.830238 24.029179 23.883598 23.877985 23.782494 23.849207 23.716181 23.841688 23.759260
2 23.893900 0.000000 22.716181 22.822281 22.727512 22.907162 22.697613 22.685184 22.713528 22.577837 22.571428
3 23.838196 22.737400 0.000000 23.299734 18.097883 23.053051 22.952255 22.952381 22.877985 23.021109 18.714285
4 24.023872 22.811670 23.302387 0.000000 23.283070 23.368700 23.201591 20.314816 23.098143 19.187336 23.082010
5 23.888889 22.727512 18.100529 23.280424 0.000000 23.121693 22.875662 22.899471 22.880953 23.050133 18.724867
6 23.885942 22.909815 23.050398 23.371353 23.129629 0.000000 22.079576 23.089947 21.140583 23.174143 22.949736
7 23.782494 22.702917 22.952255 23.201591 22.870371 22.079576 0.000000 22.947090 21.496021 22.939314 22.632275
8 23.841270 22.682539 22.939154 20.309525 22.904762 23.074074 22.962963 0.000000 22.859789 20.108179 22.701057
9 23.732096 22.702917 22.872679 23.095491 22.873016 21.135279 21.488064 22.875662 0.000000 22.881266 22.563492
10 23.849604 22.580475 23.034300 19.182058 23.047493 23.171503 22.939314 20.116095 22.886543 0.000000 22.857519
11 23.767197 22.584656 18.714285 23.079365 18.727512 22.952381 22.632275 22.701057 22.566137 22.860159 0.000000
