11
1 0.000000 0.673740 0.671088 0.673740 0.669312 0.671088 0.668435 0.664021 0.668435 0.664908 0.666667
2 0.673740 0.000000 0.671088 0.673740 0.666667 0.668435 0.668435 0.661376 0.665783 0.664908 0.658730
3 0.671088 0.663130 0.000000 0.655172 0.658730 0.657825 0.655172 0.656085 0.668435 0.667546 0.640212
4 0.673740 0.671088 0.660477 0.000000 0.648148 0.668435 0.615385 0.656085 0.671088 0.670185 0.661376
5 0.669312 0.656085 0.650794 0.637566 0.000000 0.650794 0.632275 0.634921 0.661376 0.664908 0.634921
6 0.671088 0.668435 0.663130 0.671088 0.664021 0.000000 0.668435 0.666667 0.665783 0.659631 0.664021
7 0.665783 0.660477 0.660477 0.615385 0.632275 0.660477 0.000000 0.650794 0.660477 0.664908 0.650794
8 0.658730 0.653439 0.653439 0.653439 0.637566 0.661376 0.650794 0.000000 0.664021 0.659631 0.624339
9 0.668435 0.665783 0.668435 0.673740 0.666667 0.665783 0.671088 0.666667 0.000000 0.667546 0.666667
10 0.667546 0.662269 0.667546 0.670185 0.664908 0.659631 0.667546 0.662269 0.667546 0.000000 0.664908
11 0.669312 0.661376 0.650794 0.666667 0.640212 0.666667 0.658730 0.624339 0.669312 0.670185 0.000000
