11
1 0.000000 5.376658 5.190981 5.161804 5.285714 5.098143 5.074271 5.142857 5.228117 5.298153 5.298942
2 5.389920 0.000000 5.159151 5.169761 5.037037 5.119363 5.114058 5.137566 4.413793 5.255937 5.349206
3 5.183024 5.156499 0.000000 4.782494 5.026455 4.039788 4.647215 4.835979 4.994695 4.955145 5.034391
4 5.153846 5.172414 4.782494 0.000000 4.992064 4.660478 4.307693 3.513227 4.949602 5.034301 4.801587
5 5.275132 5.031746 5.021164 4.989418 0.000000 4.973545 4.949736 5.007936 4.804233 5.131926 5.224868
6 5.090186 5.119363 4.039788 4.660478 4.973545 0.000000 4.546419 4.769841 4.885942 4.836411 4.904762
7 5.068965 5.106101 4.647215 4.310345 4.952381 4.549072 0.000000 4.328043 4.893899 4.981530 4.388889
8 5.140212 5.140212 4.835979 3.515873 5.013227 4.769841 4.328043 0.000000 4.952381 5.021108 4.777778
9 5.222812 4.408488 4.994695 4.949602 4.804233 4.888594 4.896552 4.952381 0.000000 5.137203 5.227513
10 5.298153 5.248021 4.955145 5.039578 5.139842 4.839050 4.984169 5.026385 5.137203 0.000000 5.211082
11 5.314815 5.354497 5.034391 4.801587 5.214286 4.907407 4.386243 4.775132 5.222222 5.200528 0.000000
