11
1 0.000000 143.371857 142.411026 142.580399 148.515076 144.947235 149.567841 144.706024 144.404526 144.662506 143.597504
2 143.283920 0.000000 135.656647 135.844223 143.309052 137.974869 144.422104 137.665833 137.407028 137.842499 136.637497
3 142.380951 135.711777 0.000000 132.255646 142.360901 137.248123 143.473679 136.974930 136.739349 137.397507 136.330002
4 142.517593 135.871857 132.223053 0.000000 142.575378 137.442215 143.753769 137.180908 136.942215 137.217499 136.172501
5 148.356781 143.238693 142.233078 142.479904 0.000000 145.022614 144.037689 144.718597 144.582916 144.695007 143.702499
6 144.934677 138.050247 137.268173 137.492462 145.168335 0.000000 146.238693 135.909546 135.170853 138.649994 134.732498
7 149.412064 144.356781 143.350876 143.663315 144.042709 146.097992 0.000000 145.768845 145.615585 145.717499 144.772507
8 144.572861 137.620605 136.872177 137.110550 144.746231 135.786438 145.788940 0.000000 135.133163 138.197495 134.062500
9 144.419601 137.512558 136.786972 137.020096 144.758789 135.198486 145.786438 135.281403 0.000000 138.160004 134.149994
10 144.595001 137.865005 137.360001 137.214996 144.787506 138.595001 145.802505 138.262497 138.077499 0.000000 137.902496
11 143.475006 136.602493 136.237503 136.112503 143.737503 134.619995 144.800003 134.072495 134.009995 137.845001 0.000000
