11
1 0.000000 4.286678 4.258446 4.316327 4.284014 4.301021 4.249153 4.297619 4.324873 4.272727 4.242424
2 4.298482 0.000000 4.121417 4.214165 3.357504 3.124789 4.048904 3.087690 4.198988 4.257576 4.158249
3 4.258446 4.188870 0.000000 2.993243 3.971284 4.214527 3.697635 4.162162 3.748311 4.095960 3.365320
4 4.321429 4.215852 3.010135 0.000000 4.151618 4.307033 3.703390 4.184616 3.898477 4.089226 3.447811
5 4.277211 3.313659 3.951014 4.122658 0.000000 3.345826 4.018644 3.388416 4.013536 4.102694 4.040404
6 4.295918 3.124789 4.138514 4.166381 3.335605 0.000000 4.193220 3.097436 4.225042 4.265993 4.176768
7 4.203390 4.065767 3.628378 3.661017 4.033898 4.225424 0.000000 4.162712 3.065990 4.016835 3.575758
8 4.318027 3.079258 4.133446 4.174359 3.335605 3.133333 4.228814 0.000000 4.245347 4.250842 4.225589
9 4.323181 4.214165 3.677365 3.935702 4.043993 4.245347 3.065990 4.248731 0.000000 4.087542 3.585859
10 4.314815 4.244108 4.018518 4.069024 4.148148 4.289562 4.067340 4.223906 4.053872 0.000000 3.872054
11 4.319865 4.240741 3.367003 3.424242 4.008418 4.222222 3.636364 4.225589 3.574074 3.912458 0.000000
