11
1 0.000000 0.613065 0.616541 0.620603 0.618090 0.618090 0.605528 0.615578 0.605528 0.615000 0.610000
2 0.608040 0.000000 0.604010 0.603015 0.597990 0.587940 0.610553 0.597990 0.577889 0.610000 0.605000
3 0.614035 0.604010 0.000000 0.601504 0.596491 0.546366 0.588972 0.561404 0.591479 0.602500 0.527500
4 0.620603 0.605528 0.601504 0.000000 0.610553 0.608040 0.610553 0.603015 0.603015 0.615000 0.605000
5 0.615578 0.603015 0.598997 0.613065 0.000000 0.595477 0.595477 0.603015 0.592965 0.610000 0.600000
6 0.615578 0.592965 0.546366 0.613065 0.595477 0.000000 0.600502 0.560301 0.592965 0.597500 0.545000
7 0.603015 0.615578 0.591479 0.610553 0.587940 0.603015 0.000000 0.603015 0.590452 0.455000 0.597500
8 0.618090 0.597990 0.563910 0.595477 0.603015 0.560301 0.600502 0.000000 0.587940 0.592500 0.572500
9 0.603015 0.582915 0.591479 0.603015 0.590452 0.590452 0.590452 0.585427 0.000000 0.592500 0.587500
10 0.612500 0.610000 0.605000 0.615000 0.602500 0.597500 0.452500 0.597500 0.590000 0.000000 0.597500
11 0.612500 0.610000 0.532500 0.605000 0.597500 0.545000 0.600000 0.570000 0.587500 0.597500 0.000000
