11
1 0.000000 185.635757 185.766891 186.590134 187.418365 187.229599 186.266098 186.731293 186.115067 185.072388 185.250839
2 184.892075 0.000000 156.360870 184.219223 173.281616 184.107925 184.694778 184.598648 184.232712 183.338379 177.340073
3 183.939194 155.630692 0.000000 183.133453 166.856415 183.434128 184.143585 184.456085 183.106415 181.111115 173.688553
4 187.534012 185.573349 185.402023 0.000000 187.110733 187.576324 186.693222 188.164108 139.893402 183.191925 185.407410
5 186.074829 172.519394 168.731415 185.940369 0.000000 185.492340 185.291519 186.158432 184.627747 183.092590 175.932663
6 186.566330 184.450256 184.680740 186.540314 186.124359 0.000000 184.928818 186.309402 183.930634 178.885529 183.695282
7 185.750854 184.652618 185.027023 185.549149 185.591522 184.833893 0.000000 162.183044 185.218277 182.723907 184.363632
8 186.042511 184.396286 184.434128 186.418808 185.967636 185.613678 160.730515 0.000000 184.744507 182.217178 183.814819
9 185.069366 184.043839 184.008453 139.884933 184.637909 183.742813 184.991547 184.536377 0.000000 181.737381 183.648148
10 183.988220 183.511780 182.851852 181.890579 183.175079 178.804718 183.148148 183.060608 181.722229 0.000000 182.872055
11 183.632996 176.156570 173.382156 183.372055 175.838379 182.924240 183.565659 183.597641 183.360275 182.521881 0.000000
