11
1 0.000000 5.809443 5.927365 5.838435 5.833333 5.913265 5.891525 5.845238 5.917089 5.973064 5.905724
2 5.822934 0.000000 5.062395 4.996627 5.305228 4.956155 4.833052 5.323777 4.954469 5.213805 5.067340
3 5.937500 5.048904 0.000000 5.172297 5.418919 5.005067 5.145270 5.442567 5.224662 5.318182 5.196970
4 5.843537 4.998313 5.192567 0.000000 5.310051 5.157804 5.086441 5.353846 5.208122 5.279461 5.159933
5 5.845238 5.306914 5.442567 5.321976 0.000000 5.415673 5.394915 4.940375 5.468697 5.533670 5.419192
6 5.909864 4.946037 5.001689 5.133791 5.398637 0.000000 5.069491 5.447863 5.162436 5.249158 5.107744
7 5.894915 4.826307 5.143581 5.079661 5.367796 5.076271 0.000000 5.406780 5.060914 5.287879 5.138047
8 5.863945 5.313659 5.449324 5.345299 4.919932 5.435897 5.403390 0.000000 5.483925 5.543771 5.447812
9 5.949239 4.962901 5.238176 5.206430 5.460237 5.174281 5.071066 5.492386 0.000000 5.407407 5.272727
10 5.974748 5.227273 5.340067 5.292929 5.542088 5.269360 5.311448 5.570707 5.417509 0.000000 5.254209
11 5.952862 5.094276 5.254209 5.188552 5.457912 5.146465 5.188552 5.484848 5.299663 5.264310 0.000000
