11
1 0.000000 61.957840 61.949326 61.950680 61.673470 63.107143 62.015255 62.651360 62.201355 61.654881 61.988216
2 62.074200 0.000000 50.935921 57.136593 53.720066 59.760540 57.145027 54.446880 57.640808 58.590908 53.363636
3 61.966217 50.900505 0.000000 57.150337 53.810810 59.739864 57.143581 54.484798 57.555744 58.400673 53.244106
4 62.037415 57.134907 57.153717 0.000000 56.780239 60.684391 54.700001 58.329914 55.159054 58.329967 57.106060
5 61.663265 53.640808 53.755066 56.695061 0.000000 59.611584 56.489830 54.817719 56.881557 57.663300 53.683502
6 63.081635 59.666103 59.790539 60.602058 59.587734 0.000000 59.920338 60.909401 60.260574 55.565655 59.776093
7 62.067795 57.109612 57.216217 54.686440 56.557629 60.040676 0.000000 57.869492 53.128597 58.404041 57.092594
8 62.576530 54.323776 54.388512 58.198292 54.715504 60.805130 57.733898 0.000000 58.057529 58.681820 54.457912
9 62.182739 57.581787 57.574326 55.133671 56.915398 60.177666 53.060913 58.138748 0.000000 58.747475 57.484848
10 61.563972 58.404041 58.335018 58.222221 57.702019 55.503368 58.259258 58.762627 58.698654 0.000000 58.469696
11 61.762627 53.365318 53.259258 57.057240 53.784512 59.727272 57.005051 54.565655 57.493267 58.552189 0.000000
