11
1 0.000000 5.676393 5.721486 5.681698 5.732804 5.710876 5.726790 5.613757 5.655172 5.641161 5.658730
2 5.679045 0.000000 5.551724 5.331565 5.632275 5.294430 5.615385 4.875661 4.965517 5.224275 5.087302
3 5.732096 5.551724 0.000000 5.623342 5.489418 5.588860 5.694960 5.526455 5.554377 5.585752 5.587302
4 5.668435 5.331565 5.615385 0.000000 5.589947 4.663130 5.594164 5.277778 5.334218 5.448549 5.407407
5 5.732804 5.640212 5.500000 5.587302 0.000000 5.576720 5.632275 5.579365 5.619048 5.662269 5.666667
6 5.716180 5.283820 5.591512 4.665782 5.568783 0.000000 5.583554 5.211640 5.297082 5.377309 5.380952
7 5.740053 5.620690 5.692307 5.607427 5.640212 5.591512 0.000000 5.597884 5.631300 5.617414 5.626984
8 5.629630 4.873016 5.531746 5.275132 5.587302 5.208995 5.589947 0.000000 4.224868 4.870712 4.825397
9 5.671088 4.968170 5.549072 5.344828 5.621693 5.286472 5.612732 4.227513 0.000000 4.944591 4.933862
10 5.643799 5.226913 5.591029 5.461741 5.667546 5.358839 5.609499 4.875989 4.947229 0.000000 4.868074
11 5.669312 5.089947 5.584656 5.417989 5.669312 5.386243 5.613757 4.828043 4.941799 4.868074 0.000000
