11
1 0.000000 4.421585 4.456081 4.488095 4.464286 4.486394 4.469491 4.476191 4.463621 4.405724 4.407407
2 4.430017 0.000000 4.032041 4.435076 4.416526 4.426644 4.435076 4.428330 4.428330 4.420876 4.018518
3 4.435811 4.050590 0.000000 4.408784 4.410473 4.415541 4.432433 4.437500 4.412162 4.375421 3.892256
4 4.486394 4.431703 4.440878 0.000000 4.431005 4.500858 4.467797 4.449573 4.480541 4.415825 4.407407
5 4.467687 4.391231 4.420608 4.415673 0.000000 4.466780 4.447458 4.083475 4.441624 4.393939 4.370370
6 4.472789 4.438448 4.447635 4.519725 4.463373 0.000000 4.466102 4.495727 3.939086 4.402357 4.409091
7 4.466102 4.426644 4.439189 4.477966 4.464407 4.488136 0.000000 4.464407 4.438240 4.271044 4.427609
8 4.448979 4.413154 4.417230 4.417094 4.023850 4.475214 4.428813 0.000000 4.439932 4.405724 4.410774
9 4.465313 4.431703 4.449324 4.489002 4.461929 3.928934 4.446701 4.450085 0.000000 4.410774 4.419192
10 4.395623 4.409091 4.383838 4.412458 4.402357 4.404040 4.234007 4.414141 4.397306 0.000000 4.377104
11 4.398990 4.023569 3.880471 4.393939 4.373737 4.385522 4.402357 4.393939 4.383838 4.387206 0.000000
