11
1 0.000000 8.866779 8.988175 8.998300 9.047619 9.015306 8.947457 9.023809 8.971235 8.833333 8.937711
2 8.935919 0.000000 8.082631 7.888701 8.629005 8.101180 8.313660 8.465430 8.269814 7.991582 8.050505
3 9.109797 7.962901 0.000000 8.388514 8.726352 8.293919 8.239865 8.655405 7.518581 8.122895 8.478114
4 9.039116 7.880270 8.423986 0.000000 8.655877 8.233276 8.218644 8.471795 8.326565 7.986532 6.609427
5 9.129251 8.519393 8.699325 8.701874 0.000000 8.456559 8.425424 8.293015 8.861252 8.057240 8.705387
6 9.037415 7.996627 8.216216 8.313893 8.310051 0.000000 6.764407 7.994872 8.487309 6.563973 8.264310
7 8.976272 8.335582 8.334459 8.332204 8.408475 6.744068 0.000000 8.108475 8.570220 6.070707 8.227273
8 9.076530 8.473862 8.699325 8.517949 8.538330 7.964103 8.188135 0.000000 8.597293 7.956229 8.466330
9 9.030457 8.266441 7.722973 8.417935 8.896785 8.554992 8.541455 8.566835 0.000000 8.324916 8.338384
10 8.777778 7.920876 8.053872 8.058923 8.099326 6.523569 6.031987 7.949495 8.257576 0.000000 8.217172
11 8.934343 7.885522 8.392256 6.656566 8.693603 8.154882 8.338384 8.308081 8.245791 8.203704 0.000000
