11
1 0.000000 9.109612 9.116554 9.107142 9.209184 9.156463 9.189831 9.205782 9.113367 9.074074 9.072391
2 9.119730 0.000000 8.502529 8.271501 8.443507 8.426644 6.991568 8.615515 8.566610 8.281145 8.548821
3 9.079391 8.381113 0.000000 7.405406 8.248311 8.239865 8.457770 8.552365 8.283784 7.414141 6.956229
4 9.144558 8.526138 7.417230 0.000000 8.490630 8.327616 8.584745 8.829060 8.336718 6.346801 7.772727
5 9.219388 8.661045 8.537162 8.557070 0.000000 8.880750 8.764407 8.902896 7.175973 8.326599 8.432660
6 9.183674 8.551434 8.305743 8.226415 8.698467 0.000000 8.703390 7.148718 8.639594 8.297979 8.612795
7 9.188135 6.934233 8.557432 8.505085 8.605084 8.545763 0.000000 8.649153 8.363791 8.424242 8.427609
8 9.154762 8.564924 8.423986 8.717949 8.725724 7.196581 8.689831 0.000000 8.619289 8.520202 8.670033
9 9.145516 8.625632 8.310811 8.272420 7.118443 8.619289 8.475466 8.632826 0.000000 8.245791 8.350168
10 9.026936 8.242424 7.378788 6.355219 8.232324 8.144781 8.291245 8.574074 8.053872 0.000000 7.592593
11 8.962963 8.424242 6.939394 7.681818 8.331650 8.425926 8.377105 8.542088 8.329967 7.639730 0.000000
