11
1 0.000000 5.856764 5.758621 5.753315 5.804233 5.814323 5.822281 5.698413 5.803713 5.802111 5.798942
2 5.867374 0.000000 5.771883 5.766578 5.825397 5.729443 5.745358 5.732804 5.737401 5.773087 5.769841
3 5.758621 5.771883 0.000000 5.249337 5.701058 5.708223 5.734748 5.182539 4.917772 5.609499 5.624339
4 5.745358 5.755968 5.246685 0.000000 5.687831 5.705570 5.724138 4.957672 5.347480 5.622691 5.626984
5 5.809524 5.822752 5.690476 5.685185 0.000000 5.801587 5.764550 5.658730 5.669312 5.722955 5.746032
6 5.806366 5.729443 5.710876 5.700265 5.801587 0.000000 5.514589 5.637566 5.692307 5.701847 5.751323
7 5.827586 5.742705 5.732096 5.724138 5.769841 5.517241 0.000000 5.698413 5.684350 5.728232 5.746032
8 5.698413 5.730159 5.182539 4.955027 5.677248 5.645503 5.695767 0.000000 5.293651 5.606860 5.587302
9 5.801061 5.734748 4.917772 5.342175 5.674603 5.692307 5.687003 5.293651 0.000000 5.604222 5.592593
10 5.802111 5.778364 5.620053 5.622691 5.728232 5.701847 5.720316 5.601583 5.609499 0.000000 5.300792
11 5.798942 5.772487 5.619048 5.626984 5.748677 5.759259 5.753968 5.587302 5.603175 5.303430 0.000000
