11
1 0.000000 11.932160 11.892231 11.896985 11.929648 11.849246 11.987437 11.964824 11.859297 11.875000 11.890000
2 11.927135 0.000000 11.847117 11.856784 10.959799 11.731155 11.969850 11.974874 11.726130 11.822500 11.902500
3 11.902256 11.854636 0.000000 11.847117 11.829574 11.626567 11.939850 11.922306 11.619047 11.855000 11.887500
4 11.907035 11.856784 11.847117 0.000000 11.881909 11.660804 11.962312 11.947236 11.658292 11.860000 11.850000
5 11.929648 10.937186 11.817042 11.866835 0.000000 11.748744 11.979899 11.969850 11.726130 11.837500 11.900000
6 11.841708 11.713568 11.624060 11.643216 11.743718 0.000000 11.902010 11.927135 7.650754 11.735000 11.832500
7 11.994975 11.972362 11.947369 11.962312 11.969850 11.914573 0.000000 12.000000 11.909548 11.927500 11.930000
8 11.969850 11.984924 11.922306 11.944724 11.969850 11.927135 12.000000 0.000000 11.919598 11.915000 11.885000
9 11.864322 11.703518 11.611528 11.648241 11.723619 7.650754 11.899497 11.914573 0.000000 11.695000 11.845000
10 11.875000 11.830000 11.852500 11.852500 11.845000 11.742500 11.930000 11.910000 11.720000 0.000000 11.895000
11 11.897500 11.907500 11.890000 11.855000 11.907500 11.837500 11.935000 11.885000 11.840000 11.910000 0.000000
