11
1 0.000000 5.557789 5.536341 5.618091 5.587940 5.577889 5.590452 5.577889 5.610553 5.587500 5.507500
2 5.555276 0.000000 5.453634 5.532663 5.510050 5.512563 5.542714 5.505025 5.464824 5.467500 5.440000
3 5.526316 5.431077 0.000000 5.451128 5.370927 5.363409 5.476191 5.345865 5.468672 5.442500 4.370000
4 5.610553 5.525126 5.468672 0.000000 4.964824 5.517588 5.552764 5.515075 5.560301 5.557500 5.462500
5 5.565327 5.505025 5.370927 4.959799 0.000000 5.449749 5.472362 5.437186 5.540201 5.542500 5.342500
6 5.565327 5.502512 5.353384 5.507538 5.442211 0.000000 5.422111 4.753769 5.535176 5.522500 5.320000
7 5.580402 5.547739 5.481203 5.550251 5.479899 5.429648 0.000000 5.379397 5.560301 5.557500 5.475000
8 5.567839 5.487437 5.353384 5.502512 5.444724 4.748744 5.374372 0.000000 5.532663 5.520000 5.332500
9 5.603015 5.464824 5.476191 5.575377 5.550251 5.550251 5.560301 5.537688 0.000000 4.802500 5.450000
10 5.580000 5.462500 5.445000 5.562500 5.542500 5.540000 5.557500 5.520000 4.795000 0.000000 5.442500
11 5.510000 5.452500 4.370000 5.462500 5.362500 5.350000 5.497500 5.342500 5.450000 5.447500 0.000000
