11
1 0.000000 128.763931 128.729446 129.294434 128.751328 128.358093 129.212204 128.391541 128.663132 128.525070 129.145508
2 128.774536 0.000000 121.005302 125.283821 122.698410 115.188332 123.442970 123.730156 118.050400 123.271767 125.103172
3 128.745361 120.984085 0.000000 125.061005 122.679893 119.228119 116.305038 122.806877 121.198936 122.928757 125.134918
4 129.302383 125.289124 125.053047 0.000000 122.322754 124.458885 126.572945 125.724869 125.419098 122.783638 111.494705
5 128.761902 122.687828 122.685188 122.338623 0.000000 121.552910 124.619049 124.150795 123.399467 120.042213 122.698410
6 128.366043 115.190979 119.228119 124.456230 121.563492 0.000000 121.925728 121.928574 109.962868 122.023750 124.402115
7 129.220154 123.435013 116.305038 126.562332 124.613754 121.907166 0.000000 124.724869 123.519897 124.794197 126.359787
8 128.386246 123.740738 122.812172 125.740738 124.145500 121.923279 124.730156 0.000000 123.563492 124.416885 126.148148
9 128.684357 118.068962 121.228119 125.419098 123.383598 109.957558 123.498672 123.568787 0.000000 123.353561 125.420631
10 128.509232 123.292877 122.931396 122.786278 120.031662 122.013191 124.791557 124.398415 123.337730 0.000000 123.052773
11 129.148148 125.111115 125.156082 111.497353 122.682541 124.396828 126.362434 126.150795 125.417992 123.047493 0.000000
