11
1 0.000000 68.706573 67.018578 62.602039 67.224487 61.687077 70.633896 67.988098 67.177666 73.370369 66.698654
2 68.583473 0.000000 64.305229 65.421585 64.050591 64.907249 71.994942 65.357506 64.382797 71.429291 69.693604
3 66.717903 64.301857 0.000000 63.603039 57.094593 63.006756 70.489868 59.123310 49.457771 66.676765 67.855217
4 62.375851 65.396294 63.385136 0.000000 63.618397 54.469982 68.222031 65.051285 63.600677 70.819862 60.149830
5 67.363945 64.433388 57.234798 63.899490 0.000000 63.477001 70.901695 58.955708 57.424706 66.873741 68.001686
6 61.664967 65.123100 63.162163 54.567753 63.519592 0.000000 67.506783 64.699142 63.304569 70.422562 61.373737
7 70.393219 71.715012 70.581078 68.272881 70.538986 67.442375 0.000000 71.359322 70.681892 75.188553 71.323235
8 68.205780 65.563240 59.244934 65.263245 59.025555 64.591454 71.549156 0.000000 59.456852 66.712120 68.712120
9 66.994926 64.430016 49.456081 63.578682 57.275803 63.133671 70.624367 59.458546 0.000000 66.762627 67.957916
10 73.104378 71.102692 66.951180 70.668350 66.540405 70.252525 75.178452 66.592590 66.861954 0.000000 73.555557
11 66.946129 70.010101 68.038719 60.405724 67.829964 61.208755 71.547134 68.728958 68.035355 73.915825 0.000000
