11
1 0.000000 23.929647 23.471178 23.884422 23.766331 23.849247 23.977386 23.773869 23.866835 23.735001 23.412500
2 23.927135 0.000000 22.937344 23.623116 23.364321 23.412060 23.628141 23.314070 23.309046 23.205000 22.969999
3 23.486216 22.947369 0.000000 23.142857 22.754387 22.877193 23.220551 22.679197 23.210526 23.082500 18.230000
4 23.869347 23.633165 23.137844 0.000000 21.030151 23.505026 23.726131 23.419598 23.721106 23.575001 23.184999
5 23.741205 23.361809 22.776943 21.025126 0.000000 23.163317 23.442211 23.105528 23.427135 23.377501 22.722500
6 23.826633 23.404522 22.859650 23.512564 23.185930 0.000000 23.100502 20.193468 23.515076 23.424999 22.912500
7 23.967337 23.643215 23.225563 23.746231 23.452261 23.097990 0.000000 22.949749 23.718594 23.620001 23.237499
8 23.768845 23.321608 22.686716 23.434673 23.110552 20.185930 22.957287 0.000000 23.457287 23.417500 22.732500
9 23.864321 23.336683 23.220551 23.741205 23.442211 23.537689 23.721106 23.467337 0.000000 19.934999 23.167500
10 23.727501 23.190001 23.065001 23.587500 23.372499 23.422501 23.592501 23.430000 19.927500 0.000000 23.042500
11 23.400000 22.967501 18.235001 23.184999 22.700001 22.932501 23.235001 22.725000 23.170000 23.045000 0.000000
