11
1 0.000000 11.824121 11.791980 11.829145 11.851759 11.821608 11.839196 11.846734 11.879397 11.787500 11.797500
2 11.829145 0.000000 10.498747 10.660804 10.660804 10.356784 11.685929 10.937186 11.640703 10.747500 10.532500
3 11.809524 10.508772 0.000000 10.275689 10.546366 10.463659 11.606516 10.769423 11.536341 10.735000 10.445000
4 11.844221 10.663317 10.275689 0.000000 10.713568 10.620603 11.638191 10.854271 11.597990 10.715000 10.597500
5 11.866835 10.660804 10.548872 10.698492 0.000000 10.525126 11.703518 10.957287 11.680904 10.887500 10.417500
6 11.831658 10.364322 10.453634 10.618091 10.535176 0.000000 11.635678 10.907035 11.610553 10.790000 10.555000
7 11.846734 11.678392 11.619047 11.660804 11.718593 11.645729 0.000000 11.683417 10.743718 11.580000 11.585000
8 11.856784 10.937186 10.759398 10.846734 10.944724 10.899497 11.645729 0.000000 11.565327 10.727500 10.827500
9 11.881909 11.648241 11.543859 11.610553 11.695980 11.618091 10.736181 11.590452 0.000000 11.565000 11.580000
10 11.772500 10.760000 10.722500 10.700000 10.872500 10.782500 11.562500 10.717500 11.545000 0.000000 10.850000
11 11.807500 10.537500 10.445000 10.585000 10.422500 10.565000 11.585000 10.837500 11.580000 10.840000 0.000000
