11
1 0.000000 15.314071 15.132833 15.148241 15.572865 15.344221 15.293970 15.276381 15.394472 15.150000 15.125000
2 15.319096 0.000000 13.040100 13.072865 13.540201 13.364322 13.206030 13.236181 13.145729 13.077500 13.010000
3 15.135339 13.040100 0.000000 12.827067 13.283208 13.110275 12.954887 12.967419 13.110275 12.792500 12.625000
4 15.148241 13.072865 12.827067 0.000000 13.316583 13.140703 12.989950 12.989950 13.123116 12.885000 12.820000
5 15.570352 13.535176 13.278195 13.311558 0.000000 13.597990 13.130653 13.442211 13.582914 13.337500 13.282500
6 15.346734 13.364322 13.110275 13.140703 13.603015 0.000000 13.286432 13.042713 13.472362 13.132500 13.117500
7 15.293970 13.206030 12.954887 12.992462 13.135678 13.286432 0.000000 13.135678 13.276381 12.990000 12.960000
8 15.276381 13.233668 12.967419 12.987437 13.447236 13.040201 13.135678 0.000000 13.329145 12.990000 12.975000
9 15.396985 13.148241 13.112782 13.125628 13.590452 13.474874 13.276381 13.334171 0.000000 13.157500 13.097500
10 15.147500 13.072500 12.787500 12.882500 13.337500 13.127500 12.985000 12.987500 13.150000 0.000000 12.815000
11 15.130000 13.012500 12.627500 12.822500 13.290000 13.120000 12.962500 12.980000 13.097500 12.822500 0.000000
