11
1 0.000000 0.424403 0.403183 0.405836 0.351852 0.408488 0.347480 0.420635 0.363395 0.366755 0.378307
2 0.424403 0.000000 0.384615 0.159151 0.357143 0.403183 0.342175 0.441799 0.371353 0.377309 0.359788
3 0.403183 0.384615 0.000000 0.360743 0.269841 0.405836 0.336870 0.425926 0.238727 0.279683 0.335979
4 0.405836 0.159151 0.363395 0.000000 0.335979 0.360743 0.307692 0.425926 0.344828 0.345646 0.365079
5 0.351852 0.357143 0.269841 0.333333 0.000000 0.373016 0.277778 0.394180 0.201058 0.213720 0.285714
6 0.411141 0.403183 0.405836 0.360743 0.375661 0.000000 0.352785 0.444444 0.387268 0.379947 0.428571
7 0.350133 0.342175 0.336870 0.305040 0.277778 0.350133 0.000000 0.367725 0.291777 0.295515 0.341270
8 0.420635 0.441799 0.425926 0.425926 0.394180 0.444444 0.367725 0.000000 0.407407 0.411610 0.436508
9 0.360743 0.371353 0.238727 0.344828 0.201058 0.384615 0.289125 0.407407 0.000000 0.158311 0.288360
10 0.366755 0.377309 0.279683 0.345646 0.213720 0.379947 0.295515 0.411610 0.158311 0.000000 0.298153
11 0.378307 0.359788 0.335979 0.365079 0.285714 0.428571 0.341270 0.436508 0.291005 0.298153 0.000000
