11
1 0.000000 14.991569 14.253378 14.918367 14.860544 14.829932 15.145762 14.838435 15.257192 15.237373 14.143098
2 14.962900 0.000000 13.811130 14.450253 14.121416 14.234402 14.483980 14.225969 14.175380 14.210438 13.912457
3 14.271959 13.912311 0.000000 13.579391 13.204391 13.646959 14.000000 13.520270 14.109797 14.180135 10.976431
4 14.947279 14.581787 13.557432 0.000000 12.183987 14.360206 14.415255 14.188034 14.962775 14.710438 13.548821
5 14.678572 14.050591 13.206081 12.173765 0.000000 14.088586 14.211864 13.904599 14.412860 14.230639 13.171718
6 14.855442 14.350759 13.619932 14.442538 14.095401 0.000000 13.708474 11.940171 14.590525 14.680135 13.530303
7 15.179661 14.627318 14.121622 14.640678 14.284746 13.771187 0.000000 13.598305 14.813875 14.809764 14.035354
8 14.792517 14.313660 13.626689 14.259830 13.817718 11.931623 13.661017 0.000000 14.297800 14.387205 13.552189
9 15.389171 14.256324 14.067568 14.800339 14.358714 14.556684 14.752961 14.446700 0.000000 11.750842 14.058923
10 15.272727 14.331650 13.981482 14.632997 14.398990 14.538720 14.878788 14.501683 11.703704 0.000000 14.124579
11 14.136364 13.962963 10.951179 13.582492 13.190236 13.538720 13.973064 13.531986 14.005051 14.281145 0.000000
