11
1 0.000000 7.792580 7.400338 7.977891 7.659864 7.901361 7.805085 7.833333 7.998308 7.952862 7.543771
2 7.962901 0.000000 6.856661 7.283305 7.013491 7.315346 7.460371 7.242833 7.107926 7.195286 6.878788
3 7.488176 6.920742 0.000000 6.951014 6.619933 6.922297 7.020270 6.851351 7.222973 7.217172 5.434343
4 8.022109 7.413154 6.947635 0.000000 6.143101 7.236707 7.266102 7.241025 7.802031 7.658249 6.932660
5 7.595238 6.974705 6.591216 6.091993 0.000000 7.054514 7.072881 6.947189 7.350254 7.368687 6.611111
6 8.028912 7.217538 6.858108 7.308748 7.049404 0.000000 6.972881 5.820513 7.467005 7.358586 6.912458
7 7.832203 7.394604 6.964527 7.322034 7.113559 7.025424 0.000000 6.832203 7.688663 7.607744 7.003367
8 7.957483 7.112985 6.793919 7.242735 6.988075 5.852992 6.850847 0.000000 7.585448 7.451179 6.760943
9 7.886633 7.040472 7.153716 7.614213 7.291032 7.451777 7.527919 7.558376 0.000000 5.867003 7.047138
10 8.131313 7.154882 7.193603 7.498316 7.383838 7.412458 7.685185 7.597643 5.882155 0.000000 7.247475
11 7.624579 6.934343 5.456229 6.939394 6.663300 6.936027 7.025252 6.850168 7.151515 7.217172 0.000000
