11
1 0.000000 11.952261 11.942356 11.992462 11.969850 11.952261 11.972362 11.967337 11.984924 11.902500 11.910000
2 11.944724 0.000000 11.789474 11.796482 11.919598 11.819096 11.824121 11.859297 11.814071 11.737500 11.755000
3 11.949875 11.796992 0.000000 11.867167 11.912281 11.867167 11.874686 11.884712 11.691730 11.827500 11.835000
4 11.979899 11.786432 11.872180 0.000000 11.924623 11.874372 11.876884 11.914573 11.874372 11.810000 11.185000
5 11.974874 11.927135 11.909775 11.927135 0.000000 11.874372 11.859297 11.831658 11.954774 11.797500 11.892500
6 11.957287 11.831658 11.852130 11.884422 11.869347 0.000000 11.319096 11.844221 11.884422 11.142500 11.802500
7 11.974874 11.824121 11.869674 11.879397 11.866835 11.309045 0.000000 11.846734 11.904523 10.375000 11.797500
8 11.969850 11.869347 11.887218 11.914573 11.839196 11.841708 11.841708 0.000000 11.919598 11.775000 11.830000
9 11.987437 11.829145 11.701755 11.891960 11.959799 11.902010 11.914573 11.922111 0.000000 11.845000 11.867500
10 11.902500 11.727500 11.810000 11.810000 11.790000 11.137500 10.377500 11.772500 11.835000 0.000000 11.765000
11 11.915000 11.750000 11.827500 11.192500 11.892500 11.797500 11.795000 11.827500 11.855000 11.780000 0.000000
