11
1 0.000000 24.082914 24.112782 24.190954 24.040201 24.223618 24.118090 24.158291 24.170855 24.090000 24.082500
2 24.077890 0.000000 22.498747 22.826633 16.851759 22.329145 22.763819 22.404522 23.007538 22.727501 22.740000
3 24.120300 22.493734 0.000000 23.348372 22.463659 23.127819 23.471178 18.606516 23.538847 23.252501 23.232500
4 24.206030 22.826633 23.365915 0.000000 22.864321 23.530151 23.726131 23.374372 23.786432 23.522499 23.594999
5 24.027637 16.851759 22.451128 22.871859 0.000000 22.238693 22.688442 22.399498 22.954773 22.652500 22.660000
6 24.233669 22.339195 23.120300 23.532663 22.253769 0.000000 23.487436 23.000000 23.562815 23.322500 23.312500
7 24.108040 22.736181 23.481203 23.703518 22.683416 23.492462 0.000000 23.502512 21.758795 23.469999 23.514999
8 24.153267 22.379396 18.586466 23.356785 22.396984 22.992462 23.502512 0.000000 23.560301 23.252501 23.320000
9 24.168343 23.015076 23.551378 23.776382 22.957287 23.567839 21.761307 23.587940 0.000000 23.520000 23.557501
10 24.094999 22.727501 23.245001 23.530001 22.645000 23.307501 23.482500 23.280001 23.510000 0.000000 19.437500
11 24.075001 22.740000 23.225000 23.582500 22.639999 23.297501 23.512501 23.302500 23.552500 19.422501 0.000000
