11
1 0.000000 3.696459 3.591216 3.397959 3.658163 3.664966 3.645763 3.493197 3.553299 3.547138 3.498317
2 3.677909 0.000000 3.215852 3.134907 3.269814 3.416526 3.419899 3.150084 2.684654 3.223906 3.215488
3 3.609797 3.273187 0.000000 3.130068 3.300676 3.442568 3.442568 3.152027 3.194257 3.227273 3.202020
4 3.440476 3.158516 3.143581 0.000000 3.209540 3.334477 3.310169 3.080342 3.125211 2.861953 2.875421
5 3.656463 3.256324 3.258446 3.189097 0.000000 3.461669 3.452542 3.180579 3.209814 3.284512 3.265993
6 3.661565 3.430017 3.427365 3.324185 3.442930 0.000000 2.703390 3.377778 3.380711 3.414141 3.390572
7 3.667797 3.436762 3.476351 3.296610 3.411865 2.701695 0.000000 3.332203 3.370558 3.390572 3.390572
8 3.532313 3.177066 3.153716 3.099145 3.224872 3.398291 3.372881 0.000000 3.130288 3.138047 3.138047
9 3.558376 2.694772 3.185811 3.111675 3.225042 3.404399 3.348562 3.081218 0.000000 3.215488 3.193603
10 3.563973 3.228956 3.196970 2.841751 3.237374 3.385522 3.372054 3.094276 3.191919 0.000000 2.914141
11 3.474747 3.239057 3.208754 2.855219 3.281145 3.398990 3.383838 3.146465 3.213805 2.932660 0.000000
