11
1 0.000000 5.384615 5.411140 5.392573 5.320106 5.488064 5.350132 5.404762 5.403183 5.411610 5.346561
2 5.374005 0.000000 3.687003 4.891247 4.343915 5.286472 4.888594 4.502645 4.962865 5.110818 4.291005
3 5.408488 3.681698 0.000000 4.973475 4.433862 5.299735 4.986737 4.597884 5.000000 5.139842 4.335979
4 5.397878 4.891247 4.970822 0.000000 4.764550 5.233422 4.456234 4.976191 4.607427 5.105541 4.960318
5 5.325397 4.341270 4.436508 4.761905 0.000000 5.124339 4.777778 4.386243 4.801587 5.034301 4.267196
6 5.472148 5.307693 5.312997 5.233422 5.137566 0.000000 5.180371 5.256614 5.236074 4.733509 5.195767
7 5.352785 4.891247 5.002653 4.458886 4.783069 5.180371 0.000000 4.917989 4.238727 5.108180 4.917989
8 5.402116 4.505291 4.605820 4.978836 4.391534 5.259259 4.925926 0.000000 4.952381 5.150396 4.507936
9 5.413793 4.976127 5.010610 4.604774 4.804233 5.236074 4.236074 4.949736 0.000000 5.160950 4.973545
10 5.422163 5.116095 5.150396 5.110818 5.036939 4.733509 5.105541 5.150396 5.166227 0.000000 5.126649
11 5.346561 4.291005 4.341270 4.960318 4.269841 5.182539 4.915344 4.505291 4.973545 5.121372 0.000000
