11
1 0.000000 5.557789 5.561403 5.597990 5.605527 5.562814 5.587940 5.605527 5.582914 5.572500 5.580000
2 5.557789 0.000000 5.250627 5.477387 5.417086 5.105527 5.404522 5.434673 5.183417 5.462500 5.450000
3 5.563910 5.253133 0.000000 5.421052 5.380952 5.135338 5.077694 5.330827 5.260652 5.370000 5.390000
4 5.595478 5.477387 5.423559 0.000000 5.351759 5.419598 5.512563 5.474874 5.447236 5.412500 4.862500
5 5.608040 5.429648 5.390977 5.351759 0.000000 5.351759 5.457286 5.449749 5.376884 5.277500 5.372500
6 5.557789 5.097990 5.140351 5.419598 5.364322 0.000000 5.296483 5.384422 4.763819 5.322500 5.390000
7 5.587940 5.402010 5.055138 5.507538 5.447236 5.296483 0.000000 5.409548 5.381909 5.417500 5.470000
8 5.608040 5.414573 5.325815 5.464824 5.454774 5.384422 5.404522 0.000000 5.409548 5.437500 5.477500
9 5.592965 5.183417 5.265664 5.462312 5.386935 4.763819 5.399498 5.414573 0.000000 5.380000 5.417500
10 5.570000 5.467500 5.360000 5.415000 5.277500 5.340000 5.422500 5.440000 5.377500 0.000000 5.412500
11 5.575000 5.455000 5.402500 4.860000 5.362500 5.402500 5.490000 5.487500 5.417500 5.415000 0.000000
