11
1 0.000000 4.854271 4.874687 4.816583 4.876884 4.874372 4.806533 4.859296 4.806533 4.807500 4.795000
2 4.866834 0.000000 4.045113 4.394473 4.304020 4.422111 3.339196 3.984925 4.349246 4.660000 4.000000
3 4.884712 4.042606 0.000000 4.365915 4.358396 4.406015 3.969925 3.791980 4.380952 4.605000 3.880000
4 4.819096 4.394473 4.365915 0.000000 4.311558 3.902010 4.334171 4.346734 4.236181 4.580000 4.327500
5 4.879397 4.304020 4.358396 4.309045 0.000000 4.371859 4.228643 4.314070 4.273870 4.597500 4.262500
6 4.889447 4.427135 4.406015 3.904523 4.376884 0.000000 4.324121 4.404522 4.329146 4.692500 4.357500
7 4.819096 3.339196 3.972431 4.331658 4.226130 4.321608 0.000000 3.864322 4.261307 4.627500 3.882500
8 4.856784 3.977387 3.789474 4.346734 4.306533 4.402010 3.859297 0.000000 4.304020 4.620000 3.762500
9 4.809045 4.341709 4.388471 4.238693 4.271357 4.324121 4.256281 4.311558 0.000000 4.670000 4.337500
10 4.812500 4.652500 4.597500 4.577500 4.592500 4.695000 4.627500 4.622500 4.667500 0.000000 4.592500
11 4.805000 4.000000 3.882500 4.327500 4.262500 4.357500 3.880000 3.767500 4.340000 4.600000 0.000000
