11
1 0.000000 3.613828 3.675676 3.695578 3.666667 3.790816 3.722034 3.704082 3.690355 3.597643 3.563973
2 3.635751 0.000000 3.374368 3.430017 3.332209 3.376054 3.435076 2.623946 3.317032 2.861953 3.321549
3 3.679054 3.440135 0.000000 3.481419 3.454392 3.500000 3.547297 3.464527 3.202703 3.427609 3.372054
4 3.790816 3.462057 3.484797 0.000000 2.586031 2.766724 3.437288 3.586325 3.558376 3.427609 3.176768
5 3.654762 3.357504 3.427365 2.591141 0.000000 2.686542 3.386441 3.466780 3.458545 3.390572 3.170034
6 3.736395 3.394604 3.486486 2.747856 2.700170 0.000000 3.400000 3.504273 3.531303 3.424242 3.191919
7 3.671186 3.404722 3.505068 3.379661 3.376271 3.345763 0.000000 3.562712 3.495770 3.498317 3.173401
8 3.731292 2.634064 3.442568 3.576068 3.492334 3.541880 3.547458 0.000000 3.385787 2.909091 3.353535
9 3.651438 3.286678 3.173986 3.487310 3.438240 3.463621 3.561760 3.358714 0.000000 3.323232 3.377104
10 3.563973 2.885522 3.385522 3.436027 3.388889 3.402357 3.459596 2.929293 3.335017 0.000000 3.323232
11 3.572391 3.264310 3.404040 3.149832 3.164983 3.168350 3.175084 3.306397 3.363636 3.297980 0.000000
