11
1 0.000000 4.308600 4.341216 4.374150 4.353742 4.391157 4.366102 4.360544 4.353638 4.353535 4.294613
2 4.320405 0.000000 3.758853 3.659359 3.694772 3.586847 3.598651 3.615514 3.851602 3.900673 3.621212
3 4.381757 3.774030 0.000000 3.714527 3.114865 3.733108 3.646960 3.665540 3.971284 3.850168 3.760943
4 4.380952 3.682968 3.771960 0.000000 3.686542 3.332762 3.301695 3.300855 3.891709 3.856902 3.348485
5 4.372449 3.669477 3.119932 3.720613 0.000000 3.647359 3.632203 3.649063 3.893401 3.811448 3.622896
6 4.370749 3.623946 3.729730 3.320755 3.596252 0.000000 2.855932 2.888889 3.813875 3.755892 2.929293
7 4.313560 3.564924 3.660473 3.286441 3.571187 2.864407 0.000000 2.555932 3.798646 3.661616 2.740741
8 4.318027 3.586847 3.640203 3.295727 3.589438 2.887179 2.552542 0.000000 3.730964 3.720539 2.772727
9 4.355330 3.917369 3.947635 3.868020 3.927242 3.888325 3.839256 3.908629 0.000000 3.264310 3.925926
10 4.323232 3.885522 3.804714 3.796296 3.747475 3.723906 3.678451 3.718855 3.242424 0.000000 3.769360
11 4.308081 3.592592 3.749158 3.358586 3.590909 2.946128 2.744108 2.782828 3.949495 3.856902 0.000000
