11
1 0.000000 93.052277 93.133446 93.751701 93.845238 93.768707 93.520340 93.831635 93.243652 92.680138 92.867004
2 93.010117 0.000000 78.428329 92.559868 87.048904 92.581787 92.846542 92.853287 92.462059 91.946129 89.166664
3 93.072632 78.424957 0.000000 92.582771 85.030403 92.929054 92.988174 93.111488 92.844597 91.941078 88.429291
4 93.505104 92.652611 92.750000 0.000000 93.281090 93.391083 93.040680 93.683762 69.917091 91.530304 92.259262
5 93.831635 86.455315 84.646957 93.805794 0.000000 93.488930 93.408478 93.734245 93.033844 92.424240 88.420876
6 93.096939 92.114670 92.459457 93.291595 92.643951 0.000000 92.389832 93.018806 91.730965 89.326599 91.895622
7 93.201698 92.684654 92.964523 93.225426 93.176270 92.861015 0.000000 80.635590 92.847717 92.045456 92.705391
8 93.896255 92.890388 93.128380 94.138458 93.863716 93.642738 80.896606 0.000000 93.192894 92.237373 92.723907
9 93.211510 92.445190 92.613174 70.304565 93.038918 92.458542 93.113365 93.153976 0.000000 92.016838 92.459595
10 92.658249 92.089226 91.961281 91.804710 92.338387 89.272728 92.087540 92.156563 91.774414 0.000000 92.139732
11 92.735687 88.919189 88.016838 92.444443 88.646461 92.239059 92.567337 92.609428 92.380470 91.794609 0.000000
