11
1 0.000000 20.977386 21.190475 21.020100 21.241205 21.103016 20.984924 20.989950 21.263819 21.087500 21.177500
2 20.959799 0.000000 17.443609 18.708542 18.783920 18.743719 15.158292 17.163317 19.070353 20.162500 17.542500
3 21.192982 17.443609 0.000000 18.736841 18.939850 18.924812 17.406015 16.406015 19.037594 20.367500 16.987499
4 21.025126 18.706030 18.729322 0.000000 18.917086 17.175879 18.711056 18.510050 19.057789 20.342501 18.995001
5 21.251257 18.776382 18.929825 18.917086 0.000000 19.105528 18.728643 18.723618 19.379396 20.387501 19.145000
6 21.115578 18.746231 18.934837 17.178392 19.110552 0.000000 18.809046 18.703518 19.201006 20.520000 19.049999
7 20.974874 15.155779 17.406015 18.701006 18.721106 18.804020 0.000000 17.188442 18.944723 20.102501 17.472500
8 20.997488 17.155779 16.403509 18.512564 18.728643 18.693468 17.183416 0.000000 18.982412 20.272499 16.825001
9 21.256281 19.067839 19.037594 19.062815 19.384422 19.203518 18.942211 18.974874 0.000000 20.492500 19.195000
10 21.087500 20.162500 20.367500 20.342501 20.395000 20.507500 20.107500 20.257500 20.490000 0.000000 20.407499
11 21.182501 17.542500 16.985001 18.987499 19.150000 19.045000 17.480000 16.827499 19.202499 20.400000 0.000000
