11
1 0.000000 16.902193 16.731419 17.051020 16.763605 16.431973 16.898306 17.069727 16.852793 16.739058 16.649832
2 16.676222 0.000000 16.070826 16.335583 15.679595 15.489038 16.099495 16.183811 16.099495 15.961280 16.092592
3 16.658783 16.064081 0.000000 16.400337 15.555743 15.165541 15.104730 16.084459 15.082770 14.392256 14.968014
4 16.935373 16.389545 16.312500 0.000000 16.040886 16.209263 16.354237 16.748718 16.175972 16.341751 16.452862
5 16.664967 15.741990 15.606419 16.051107 0.000000 14.725724 15.615254 16.161840 15.446700 15.518518 15.895623
6 16.465986 15.521079 15.086148 16.205832 14.742760 0.000000 15.579661 15.685470 15.302876 15.321548 15.535354
7 16.905085 16.112986 15.109797 16.508474 15.647458 15.498305 0.000000 16.371187 11.592216 15.223906 15.286196
8 17.066326 16.261383 16.136824 16.789743 16.209539 15.678633 16.437288 0.000000 16.375635 16.084175 16.313131
9 16.849407 16.003372 14.991554 16.277496 15.565144 15.253807 11.685279 16.262268 0.000000 15.168350 15.370370
10 16.616161 15.890573 14.414142 16.417509 15.540404 15.276094 15.153198 16.028620 15.099326 0.000000 13.698653
11 16.718855 16.069023 14.937711 16.612795 15.909091 15.488215 15.377105 16.348484 15.543771 13.959596 0.000000
