11
1 0.000000 11.967337 11.922306 11.952261 11.974874 11.957287 11.972362 11.962312 11.944724 11.877500 11.940000
2 11.959799 0.000000 11.746867 11.854271 11.484924 11.615578 11.728643 10.580402 10.673367 11.600000 11.880000
3 11.919800 11.736842 0.000000 11.786967 11.711780 11.543859 11.563910 11.669173 11.651629 11.627500 11.850000
4 11.952261 11.854271 11.796992 0.000000 11.809045 11.793970 11.846734 11.846734 11.841708 11.765000 11.707500
5 11.967337 11.469850 11.696742 11.819096 0.000000 11.567840 11.678392 11.361809 11.271357 11.642500 11.857500
6 11.939698 11.600503 11.533834 11.776381 11.562814 0.000000 11.575377 11.530150 11.494975 10.842500 11.790000
7 11.952261 11.701005 11.553885 11.834171 11.670855 11.600503 0.000000 11.643216 11.590452 11.570000 11.837500
8 11.967337 10.580402 11.676692 11.864322 11.384422 11.540201 11.670855 0.000000 10.110553 11.595000 11.862500
9 11.939698 10.660804 11.651629 11.836683 11.281407 11.492462 11.600503 10.100503 0.000000 11.500000 11.817500
10 11.892500 11.587500 11.642500 11.765000 11.645000 10.870000 11.577500 11.585000 11.502500 0.000000 11.815000
11 11.930000 11.880000 11.865000 11.710000 11.870000 11.802500 11.847500 11.845000 11.820000 11.820000 0.000000
