11
1 0.000000 3.311973 3.244932 3.214286 3.197279 3.268708 3.315254 3.277211 3.201354 3.250842 3.141414
2 3.344013 0.000000 2.369309 2.516020 2.605396 2.468803 2.431703 2.448567 2.536256 2.321549 2.500000
3 3.250000 2.357504 0.000000 2.444257 2.530406 2.388514 2.375000 2.388514 2.466216 2.254209 2.415825
4 3.195578 2.536256 2.462838 0.000000 2.378194 2.459691 2.522034 2.557265 2.272420 2.449495 2.146465
5 3.222789 2.610455 2.554054 2.378194 0.000000 2.545145 2.622034 2.638842 2.255499 2.543771 2.345118
6 3.260204 2.480607 2.412162 2.459691 2.553663 0.000000 2.452542 2.494017 2.467005 2.395623 2.414141
7 3.281356 2.430017 2.381757 2.508475 2.616949 2.438983 0.000000 2.386441 2.531303 2.356902 2.484848
8 3.301020 2.458685 2.410473 2.557265 2.637138 2.499145 2.393220 0.000000 2.551607 2.377104 2.520202
9 3.160744 2.544688 2.481419 2.265651 2.248731 2.470389 2.546531 2.548223 0.000000 2.461279 2.242424
10 3.237374 2.328283 2.269360 2.436027 2.528620 2.387205 2.358586 2.372054 2.457912 0.000000 2.417508
11 3.163300 2.510101 2.446128 2.148148 2.343434 2.412458 2.498317 2.511785 2.250842 2.436027 0.000000
