11
1 0.000000 156.418213 157.109802 157.748306 157.076538 158.197281 157.993225 157.636047 156.375641 157.011780 156.368683
2 157.001694 0.000000 140.623947 131.615509 139.824615 140.284988 133.677902 112.359192 139.507584 140.090912 139.671722
3 156.586151 139.765594 0.000000 140.347977 131.309128 130.542236 140.954391 139.672302 131.322632 130.276093 129.314819
4 159.231293 131.755478 140.866547 0.000000 140.516190 142.797592 134.732208 132.417099 139.576981 140.680130 140.138046
5 157.204086 139.369308 131.173981 140.739349 0.000000 132.858597 139.922028 140.436111 123.008461 131.262619 130.765991
6 159.056122 140.283310 130.655411 142.478561 132.662689 0.000000 141.628815 141.519653 131.636215 129.257568 124.202019
7 157.816956 133.789200 140.866547 134.701691 140.523727 141.401688 0.000000 133.484741 139.854477 140.919189 140.057236
8 158.382660 112.536255 140.358109 132.969238 140.132874 141.682053 134.196609 0.000000 139.194580 139.464645 139.654877
9 157.120132 139.478928 131.488174 140.186127 123.003387 131.966156 140.250427 139.142136 0.000000 131.050507 130.521881
10 156.166672 139.252518 129.968018 138.946121 130.755890 128.836700 140.220535 138.873734 130.563980 0.000000 128.111115
11 157.395630 139.518524 129.555557 140.042084 131.077438 124.424240 139.952866 139.417511 130.656570 128.752518 0.000000
