11
1 0.000000 109.218590 106.882202 107.987434 109.957283 108.454773 110.329147 107.082916 110.175880 108.017502 108.449997
2 109.226128 0.000000 100.423561 101.876884 84.188438 103.150757 87.580399 100.575378 96.165833 102.885002 103.557503
3 106.879700 100.438599 0.000000 89.914787 102.107773 91.305763 102.253136 73.593987 102.448624 91.934998 100.489998
4 107.989952 101.896988 89.929825 0.000000 103.341705 93.723618 103.386932 89.738693 103.866837 93.547501 101.982498
5 109.914574 84.195976 102.105263 103.339195 0.000000 104.492462 90.849243 102.266335 98.944725 104.120003 105.084999
6 108.437187 103.188438 91.320801 93.698494 104.502510 0.000000 104.718590 91.613068 104.907036 88.667503 102.717499
7 110.291458 87.575378 102.248123 103.334167 90.831657 104.683418 0.000000 102.236183 99.384422 104.347504 105.162498
8 107.090454 100.608040 73.626564 89.758797 102.286430 91.618088 102.281410 0.000000 102.525124 91.824997 100.464996
9 110.168343 96.155777 102.451126 103.809044 98.942207 104.846733 99.391960 102.517586 0.000000 104.675003 105.300003
10 107.967499 102.910004 91.940002 93.529999 104.092499 88.660004 104.355003 91.802498 104.637497 0.000000 102.722504
11 108.440002 103.574997 100.485001 101.942497 105.059998 102.714996 105.122498 100.442497 105.279999 102.720001 0.000000
