11
1 0.000000 17.637436 17.868244 17.903061 18.130953 18.044218 18.174576 18.034014 17.989847 17.929293 17.734007
2 17.679596 0.000000 16.256323 15.768971 16.721754 16.057335 16.165262 16.290051 16.323778 16.035353 15.619529
3 17.798986 16.197302 0.000000 16.484797 17.043919 16.322636 16.576014 16.822636 15.398648 16.484848 16.483166
4 17.923470 15.863406 16.407095 0.000000 17.293015 16.692966 16.491526 17.176069 16.692047 16.388889 13.461280
5 18.261906 16.745363 17.109797 17.267462 0.000000 16.419081 16.508474 16.557070 17.153976 16.252525 17.006735
6 18.027210 16.048904 16.452703 16.533447 16.340715 0.000000 13.279661 15.758974 16.546532 12.996633 16.217173
7 18.027119 16.207420 16.695946 16.559322 16.299999 13.293221 0.000000 15.720339 16.534687 12.220539 16.501684
8 18.178572 16.510962 16.743244 17.071795 16.628620 15.815385 15.796610 0.000000 17.045685 15.562289 16.757576
9 18.059221 16.374367 15.244932 16.749577 16.971235 16.698816 16.644670 17.152285 0.000000 16.781145 16.614479
10 17.747475 16.225590 16.462963 16.538721 16.303030 13.011785 12.193603 15.658249 16.511784 0.000000 16.473064
11 17.752525 15.646464 16.543772 13.397306 17.035353 16.355219 16.454546 16.690235 16.658249 16.415825 0.000000
