11
1 0.000000 4.340641 4.395270 4.384354 4.372449 4.397959 4.386441 4.438776 4.399323 4.306397 4.321549
2 4.357504 0.000000 4.053963 4.006745 3.655987 3.689713 3.876897 3.824620 4.074199 3.683502 3.161616
3 4.388514 3.959528 0.000000 3.199324 4.065878 4.038851 4.172297 4.189189 3.224662 4.097643 3.986532
4 4.365646 3.991568 3.189189 0.000000 4.040886 4.137221 4.081356 4.234188 2.658206 3.962963 4.040404
5 4.329932 3.544688 4.047297 3.928450 0.000000 3.400341 3.466102 3.817717 4.040609 3.405724 3.555556
6 4.341837 3.647555 4.038851 4.060034 3.424191 0.000000 3.527119 4.047863 4.021996 3.493266 3.616162
7 4.379661 3.814502 4.108108 4.061017 3.464407 3.623729 0.000000 4.086441 4.037225 3.582492 3.617845
8 4.416667 3.720068 4.140203 4.141881 3.805792 4.008547 4.015254 0.000000 4.145516 3.843434 3.678451
9 4.375635 4.003373 3.234797 2.670051 4.120135 4.115059 4.116751 4.204738 0.000000 4.047138 3.983165
10 4.335017 3.675084 4.057239 3.912458 3.390572 3.530303 3.563973 3.829966 3.978114 0.000000 3.626263
11 4.360270 3.170034 3.988215 4.074074 3.594276 3.720539 3.616162 3.695286 3.936027 3.649832 0.000000
