11
1 0.000000 61.315346 62.099663 63.852039 62.430271 65.280609 61.408474 65.278908 63.664974 64.483162 65.065659
2 61.249577 0.000000 57.397976 60.546375 58.607082 60.618889 55.224285 60.854973 60.854973 60.146465 62.466331
3 62.130066 57.593594 0.000000 61.591217 59.596283 62.082771 57.395271 62.260136 61.601353 61.457912 63.262627
4 63.607143 60.748734 61.371620 0.000000 59.947189 65.099487 60.474575 65.044441 53.233501 63.670033 62.784512
5 62.294216 58.720066 59.516891 59.945484 0.000000 63.172062 58.491524 63.400341 59.847717 62.324917 61.681820
6 65.054420 60.716694 61.755066 65.065178 63.020443 0.000000 60.633900 59.451283 64.307953 57.845119 65.375420
7 61.294914 55.327148 57.305744 60.606781 58.488136 60.774578 0.000000 60.808475 60.609138 59.983166 62.132996
8 65.226189 60.827991 62.018581 65.027351 63.306644 59.429058 60.886440 0.000000 64.434853 54.831650 65.607742
9 63.497463 60.831367 61.437500 53.189510 59.768188 64.294418 60.590523 64.445007 0.000000 64.008415 62.878788
10 64.284515 60.272728 61.378788 63.873737 62.250843 58.010101 60.116161 54.863636 63.951180 0.000000 65.345116
11 64.858589 62.723907 63.143097 62.848484 61.730640 65.500000 62.292931 65.794609 63.097645 65.582489 0.000000
