11
1 0.000000 5.592965 5.563910 5.580402 5.597990 5.585427 5.587940 5.590452 5.597990 5.525000 5.567500
2 5.590452 0.000000 5.461153 5.502512 5.472362 5.570352 5.477387 5.522613 4.753769 5.420000 5.500000
3 5.553885 5.461153 0.000000 5.471178 5.493734 5.476191 5.433584 5.476191 5.483709 4.862500 5.507500
4 5.565327 5.494975 5.458647 0.000000 5.512563 5.517588 5.497488 5.500000 5.512563 5.425000 5.485000
5 5.582914 5.477387 5.481203 5.525126 0.000000 5.530151 5.477387 5.515075 5.489950 5.447500 5.525000
6 5.587940 5.575377 5.486216 5.532663 5.545226 0.000000 5.535176 5.530151 5.562814 5.477500 5.487500
7 5.580402 5.474874 5.428571 5.502512 5.479899 5.520101 0.000000 5.530151 5.469849 5.422500 5.510000
8 5.585427 5.520101 5.481203 5.510050 5.512563 5.527638 5.537688 0.000000 5.532663 5.440000 5.512500
9 5.587940 4.753769 5.473684 5.517588 5.482412 5.560301 5.467337 5.525126 0.000000 5.435000 5.497500
10 5.517500 5.425000 4.847500 5.440000 5.455000 5.470000 5.430000 5.422500 5.445000 0.000000 5.480000
11 5.562500 5.500000 5.510000 5.502500 5.535000 5.482500 5.507500 5.505000 5.492500 5.490000 0.000000
