11
1 0.000000 4.595478 4.461153 4.542714 4.384422 4.381909 4.336683 4.768844 4.396985 4.382500 4.480000
2 4.592965 0.000000 4.411027 3.384422 4.434673 4.221106 4.334171 4.778894 4.364322 4.395000 4.415000
3 4.461153 4.416040 0.000000 4.355890 3.869674 4.260652 4.315790 4.669173 3.776942 3.807500 4.082500
4 4.547739 3.384422 4.350877 0.000000 4.354271 4.206030 4.233668 4.743719 4.298995 4.307500 4.380000
5 4.386935 4.434673 3.872180 4.349246 0.000000 4.251256 4.246231 4.610553 3.731156 3.747500 3.890000
6 4.381909 4.218593 4.260652 4.203517 4.246231 0.000000 4.153266 4.660804 4.216080 4.160000 4.375000
7 4.336683 4.329146 4.308270 4.228643 4.251256 4.148241 0.000000 4.673367 4.243719 4.165000 4.310000
8 4.771357 4.773870 4.674185 4.741206 4.610553 4.663317 4.678392 0.000000 4.610553 4.620000 4.750000
9 4.396985 4.374372 3.776942 4.301507 3.731156 4.216080 4.246231 4.615578 0.000000 3.302500 3.965000
10 4.385000 4.397500 3.812500 4.310000 3.750000 4.165000 4.170000 4.625000 3.305000 0.000000 3.945000
11 4.487500 4.425000 4.090000 4.387500 3.895000 4.380000 4.315000 4.752500 3.967500 3.942500 0.000000
