11
1 0.000000 122.932159 123.340851 123.688438 122.746231 123.133163 123.582916 122.942207 123.572861 123.057503 122.827499
2 122.989952 0.000000 122.704262 123.201004 116.035179 108.678391 122.957283 108.628143 123.231155 122.785004 122.180000
3 123.426064 122.741852 0.000000 107.441101 122.107773 122.671677 120.223061 122.709274 120.368423 121.242500 115.875000
4 123.731155 123.123116 107.426064 0.000000 122.597992 123.163315 120.851761 123.155777 120.972359 121.285004 116.862503
5 122.706032 115.952263 122.015038 122.562813 0.000000 115.927139 122.545227 115.871857 122.660805 122.235001 121.440002
6 123.208542 108.658295 122.646614 123.203514 115.972359 0.000000 123.145729 109.846733 123.261307 122.860001 122.205002
7 123.633163 122.969849 120.185463 120.839195 122.585426 123.128143 0.000000 123.027641 108.216080 121.250000 119.802498
8 122.959801 108.640701 122.598999 123.125626 115.894470 109.834167 123.007538 0.000000 123.113068 122.720001 122.125000
9 123.736183 123.266335 120.395988 121.015076 122.821609 123.359299 108.233665 123.203514 0.000000 121.235001 120.099998
10 123.129997 122.849998 121.269997 121.342499 122.394997 122.945000 121.290001 122.827499 121.222504 0.000000 121.002502
11 122.997498 122.277496 115.907501 116.919998 121.567497 122.294998 119.847504 122.292503 120.139999 120.970001 0.000000
