11
1 0.000000 11.309045 11.250627 11.065327 11.123116 11.261307 11.256282 11.293970 11.090452 11.202500 11.015000
2 11.311558 0.000000 7.832080 8.613066 8.977386 8.203518 8.022614 8.077889 8.788945 7.440000 8.595000
3 11.263158 7.829574 0.000000 8.288220 8.776942 7.859649 7.746867 7.799499 8.486216 7.145000 8.285000
4 11.072865 8.603015 8.290727 0.000000 7.407035 7.954774 8.439698 8.547739 6.979899 8.060000 6.035000
5 11.120603 8.974874 8.779449 7.412060 0.000000 8.572865 8.864322 8.934673 6.861809 8.505000 7.372500
6 11.276381 8.206030 7.864662 7.957286 8.570352 0.000000 7.942211 8.070352 8.273870 7.657500 7.940000
7 11.273870 8.017588 7.746867 8.439698 8.866835 7.937186 0.000000 7.628141 8.635678 7.430000 8.435000
8 11.296482 8.070352 7.802005 8.542713 8.934673 8.067840 7.625628 0.000000 8.718593 7.570000 8.515000
9 11.097990 8.791457 8.486216 6.979899 6.859296 8.273870 8.630653 8.721106 0.000000 8.257500 6.952500
10 11.190000 7.432500 7.142500 8.055000 8.495000 7.650000 7.427500 7.570000 8.252500 0.000000 8.080000
11 11.025000 8.590000 8.287500 6.037500 7.372500 7.940000 8.437500 8.517500 6.955000 8.085000 0.000000
