11
1 0.000000 6.387858 6.363176 6.581633 6.387755 6.438776 6.489830 6.498299 6.379019 6.466330 6.404040
2 6.413154 0.000000 6.057335 6.311973 5.296796 6.082631 6.252951 5.851602 6.182125 6.271044 6.138047
3 6.429054 6.131535 0.000000 6.396959 6.076014 5.577703 6.270270 6.145270 6.187500 6.309764 6.119529
4 6.605442 6.350759 6.378378 0.000000 6.396934 6.452830 5.623729 6.517949 6.181049 6.279461 6.387206
5 6.391157 5.317032 6.027027 6.379898 0.000000 6.103918 6.293221 5.867121 6.181049 6.269360 6.121212
6 6.484694 6.089376 5.555743 6.452830 6.107326 0.000000 6.288136 6.203419 6.219966 6.299663 6.161616
7 6.416949 6.202361 6.239865 5.586441 6.223729 6.233898 0.000000 6.289831 6.013536 6.101010 6.227273
8 6.523809 5.905565 6.128378 6.528205 5.901193 6.196581 6.347457 0.000000 6.272419 6.378788 6.228956
9 6.358714 6.141653 6.133446 6.162436 6.157361 6.155668 6.040609 6.223350 0.000000 5.779461 6.131313
10 6.446128 6.254209 6.250842 6.247475 6.272727 6.282828 6.153199 6.336700 5.794613 0.000000 6.269360
11 6.436027 6.149832 6.075758 6.351852 6.127946 6.144781 6.281145 6.203704 6.175084 6.264310 0.000000
