11
1 0.000000 5.876897 5.733108 5.855442 5.943878 5.863945 5.935593 5.751701 5.949239 5.791246 5.897306
2 5.878583 0.000000 5.502530 5.596964 4.996627 5.612142 5.111299 5.507588 5.332209 5.574074 5.680135
3 5.770270 5.536256 0.000000 5.175676 5.567567 5.248311 5.621622 4.780406 5.614865 5.207071 5.574074
4 5.879251 5.603710 5.145270 0.000000 5.696763 5.392796 5.696610 5.200000 5.705584 5.271044 5.638047
5 5.957483 5.020236 5.554054 5.713799 0.000000 5.717206 5.235593 5.604770 5.455161 5.624579 5.707071
6 5.852041 5.595278 5.212838 5.363636 5.679728 0.000000 5.701695 5.249573 5.678511 5.124579 5.636364
7 5.923729 5.094435 5.550676 5.652543 5.211864 5.688136 0.000000 5.562712 5.423012 5.638047 5.698653
8 5.765306 5.505902 4.761824 5.198291 5.580920 5.275214 5.594915 0.000000 5.580372 5.181818 5.548821
9 5.928934 5.317032 5.557433 5.664975 5.412859 5.681895 5.424704 5.563452 0.000000 5.636364 5.703704
10 5.777778 5.553872 5.170033 5.255892 5.594276 5.121212 5.626263 5.173401 5.626263 0.000000 5.589226
11 5.907407 5.690236 5.542088 5.624579 5.722222 5.651515 5.728956 5.547138 5.737374 5.614478 0.000000
