11
1 0.000000 24.527637 24.501253 24.515076 24.550251 24.492462 24.522614 24.575377 24.540201 24.445000 24.372499
2 24.512564 0.000000 24.300753 24.369347 24.434673 23.256281 24.336683 24.293970 24.361809 24.177500 23.235001
3 24.501253 24.303259 0.000000 24.350878 24.385965 24.180450 24.363409 22.786968 24.360903 23.017500 24.150000
4 24.497488 24.359297 24.345865 0.000000 23.721106 24.301508 20.560301 24.364321 21.163317 24.242500 24.067499
5 24.540201 24.437185 24.373434 23.738693 0.000000 24.379396 23.824121 24.414574 23.917086 24.352501 24.222500
6 24.492462 23.276382 24.192982 24.319096 24.381910 0.000000 24.286432 24.178392 24.304020 24.070000 22.690001
7 24.510050 24.334171 24.370928 20.562815 23.806532 24.286432 0.000000 24.364321 20.422110 24.254999 24.142500
8 24.565327 24.291458 22.809525 24.361809 24.396984 24.148241 24.349247 0.000000 24.369347 21.540001 24.025000
9 24.527637 24.354271 24.370928 21.168343 23.894472 24.301508 20.424623 24.379396 0.000000 24.242500 24.127501
10 24.447500 24.195000 23.032499 24.245001 24.360001 24.072500 24.250000 21.555000 24.237499 0.000000 24.100000
11 24.367500 23.245001 24.155001 24.067499 24.230000 22.695000 24.142500 24.042500 24.142500 24.094999 0.000000
