11
1 0.000000 18.163317 18.010025 18.037689 18.115578 18.020100 18.153267 18.085426 18.077890 17.882500 17.915001
2 18.158291 0.000000 17.904762 17.979900 18.153267 18.178392 18.238693 18.188442 18.015076 18.070000 18.157499
3 18.015038 17.909775 0.000000 17.854637 18.042606 18.037594 18.085213 18.070175 17.897243 17.927500 18.142500
4 18.030151 17.982412 17.842106 0.000000 18.092964 17.962311 18.108040 18.042713 17.575377 17.905001 17.987499
5 18.110552 18.148241 18.030075 18.097990 0.000000 18.045227 17.075377 17.535175 18.082914 17.602501 18.082500
6 18.012564 18.178392 18.035088 17.974874 18.050251 0.000000 18.090452 17.994974 18.017588 17.832500 17.662500
7 18.163317 18.236181 18.077694 18.115578 17.095478 18.097990 0.000000 17.585426 18.133165 17.657499 18.165001
8 18.092964 18.175879 18.052631 18.042713 17.542713 17.989950 17.567839 0.000000 18.025126 17.637501 18.049999
9 18.075377 18.012564 17.877193 17.565327 18.085426 18.017588 18.125628 18.025126 0.000000 17.915001 18.037500
10 17.887501 18.062500 17.927500 17.905001 17.602501 17.817499 17.655001 17.647499 17.920000 0.000000 17.957500
11 17.905001 18.147499 18.122499 17.987499 18.087500 17.652500 18.147499 18.052500 18.035000 17.955000 0.000000
