11
1 0.000000 23.716181 23.588860 23.631300 23.534391 23.737400 23.718832 23.685184 23.689655 23.440634 23.634920
2 23.721485 0.000000 23.209549 23.445623 23.047619 23.498674 23.315649 23.328043 20.403183 23.042217 23.380953
3 23.591513 23.201591 0.000000 23.312998 22.920635 23.302387 23.079576 23.037037 23.100796 20.604221 23.240740
4 23.644562 23.453581 23.318302 0.000000 23.402117 23.435013 23.583555 23.373016 23.464191 23.179420 23.394180
5 23.529100 23.047619 22.920635 23.373016 0.000000 23.341270 23.000000 23.140211 23.039682 22.857519 23.261906
6 23.734749 23.501326 23.312998 23.429708 23.343916 0.000000 23.583555 23.447090 23.488064 23.153034 22.994709
7 23.724138 23.312998 23.082228 23.580902 23.000000 23.578249 0.000000 23.320107 23.177719 22.968338 23.468254
8 23.682539 23.320107 23.044973 23.362434 23.132275 23.449736 23.320107 0.000000 23.283070 22.952507 23.439154
9 23.692308 20.408487 23.098143 23.448277 23.047619 23.490717 23.180372 23.293652 0.000000 22.915567 23.415344
10 23.448549 23.036940 20.614777 23.174143 22.868074 23.160950 22.973616 22.965700 22.915567 0.000000 23.216358
11 23.637566 23.362434 23.230158 23.378307 23.240740 22.989418 23.465609 23.417990 23.399471 23.200527 0.000000
