11
1 0.000000 141.691406 145.221283 145.278915 145.134354 145.394562 145.933899 143.585037 144.116745 141.601013 141.111115
2 141.774033 0.000000 136.517700 136.025299 135.951096 136.032043 137.671158 110.477234 134.416519 118.380470 132.718857
3 145.251694 136.153458 0.000000 139.011826 139.665543 139.604736 141.682434 136.942566 127.233109 135.809769 136.267670
4 144.450684 135.976395 138.743240 0.000000 108.243614 113.080620 134.276276 137.912827 138.057526 135.244110 128.112793
5 145.103745 135.939285 139.832764 108.444633 0.000000 112.633728 135.027115 137.805786 138.450089 136.050507 128.390579
6 144.717682 136.141647 139.569260 113.229843 112.626915 0.000000 135.084747 138.413681 138.693741 135.658249 128.378784
7 146.511871 137.870148 141.785477 134.662704 135.162704 134.737289 0.000000 139.118637 140.977997 138.409088 128.841751
8 142.938782 110.313660 136.788849 138.377777 138.299835 138.145294 138.910172 0.000000 135.546524 119.350166 133.159927
9 143.937393 134.600342 127.040543 138.333328 138.656509 139.040604 140.778336 136.047379 0.000000 133.957916 135.144775
10 141.498322 118.212120 135.526932 135.045456 135.262619 135.129623 137.311447 119.193604 134.139725 0.000000 132.442764
11 141.000000 132.703705 136.607742 128.383835 128.417511 128.422562 128.614471 133.284515 134.989899 132.877106 0.000000
