11
1 0.000000 5.587940 5.568923 5.597990 5.595478 5.580402 5.592965 5.605527 5.577889 5.550000 5.565000
2 5.582914 0.000000 4.894737 4.899498 4.957286 4.904522 5.500000 5.158291 5.510050 5.117500 4.875000
3 5.573935 4.887218 0.000000 4.832080 4.979950 4.894737 5.513784 5.140351 5.503759 5.080000 4.837500
4 5.592965 4.894473 4.834587 0.000000 4.997488 4.937186 5.482412 5.135678 5.464824 5.070000 4.865000
5 5.582914 4.959799 4.974937 4.994975 0.000000 4.977387 5.467337 5.123116 5.472362 5.117500 4.835000
6 5.570352 4.902010 4.897243 4.932161 4.969849 0.000000 5.479899 5.138191 5.472362 5.065000 4.887500
7 5.590452 5.510050 5.516291 5.482412 5.482412 5.482412 0.000000 5.502512 5.077889 5.477500 5.467500
8 5.610553 5.160804 5.147870 5.140704 5.130653 5.135678 5.510050 0.000000 5.510050 5.092500 5.102500
9 5.577889 5.489950 5.498747 5.459799 5.467337 5.457286 5.075377 5.484925 0.000000 5.477500 5.425000
10 5.560000 5.117500 5.080000 5.072500 5.117500 5.067500 5.475000 5.090000 5.482500 0.000000 5.012500
11 5.560000 4.882500 4.847500 4.862500 4.845000 4.892500 5.457500 5.105000 5.430000 5.020000 0.000000
