11
1 0.000000 0.192243 0.202703 0.192177 0.181973 0.205782 0.191525 0.181973 0.204738 0.215488 0.213805
2 0.183811 0.000000 0.075885 0.075885 0.131535 0.072513 0.062395 0.139966 0.077572 0.126263 0.095960
3 0.195946 0.074199 0.000000 0.101351 0.146959 0.087838 0.096284 0.152027 0.106419 0.136364 0.114478
4 0.185374 0.077572 0.104730 0.000000 0.136286 0.089194 0.088136 0.141880 0.103215 0.139731 0.124579
5 0.176871 0.128162 0.145270 0.132879 0.000000 0.137990 0.133898 0.083475 0.143824 0.181818 0.159933
6 0.193878 0.064081 0.081081 0.078902 0.134583 0.000000 0.076271 0.136752 0.101523 0.138047 0.104377
7 0.184746 0.064081 0.097973 0.089831 0.138983 0.084746 0.000000 0.142373 0.093063 0.138047 0.114478
8 0.175170 0.133221 0.146959 0.135043 0.081772 0.138462 0.135593 0.000000 0.148900 0.176768 0.163300
9 0.196277 0.077572 0.106419 0.101523 0.147208 0.106599 0.091371 0.150592 0.000000 0.154882 0.131313
10 0.208754 0.124579 0.138047 0.138047 0.180135 0.143098 0.136364 0.180135 0.154882 0.000000 0.144781
11 0.208754 0.099327 0.119529 0.126263 0.168350 0.114478 0.117845 0.170034 0.138047 0.148148 0.000000
