11
1 0.000000 68.001686 65.947632 66.964287 66.176872 65.908165 64.783051 66.920067 65.248734 65.885521 69.710434
2 67.880272 0.000000 64.913994 66.998314 66.010117 62.311974 64.799324 61.866779 64.237778 66.409088 70.111115
3 65.792229 64.920738 0.000000 64.761826 63.841217 62.295609 62.545609 63.185810 58.079391 64.373741 68.242424
4 67.061226 67.030357 64.783783 0.000000 64.971039 65.883362 63.415253 66.519661 64.395943 64.814812 66.693604
5 66.180275 66.227654 63.949326 65.068146 0.000000 64.204430 59.928814 64.938675 63.267342 60.792931 67.870369
6 66.103745 62.659359 62.298988 65.842194 64.291313 0.000000 62.552544 61.220512 61.549915 64.220535 68.099327
7 64.852539 64.994942 62.486488 63.344067 59.757626 62.416950 0.000000 63.266102 61.803722 60.247475 66.607742
8 66.722786 61.910625 62.907093 66.288887 65.022148 61.054703 63.240677 0.000000 62.390862 64.845116 68.474747
9 65.099831 64.273186 57.918919 64.450081 63.116753 61.516075 61.891708 62.465313 0.000000 63.432659 67.432663
10 66.114479 66.685188 64.257576 64.816498 60.666668 64.158249 60.245792 64.919189 63.407406 0.000000 68.489899
11 69.797981 70.153198 68.415825 66.631310 67.526939 67.828285 66.473061 68.698654 67.562286 68.483162 0.000000
