11
1 0.000000 12.490716 12.519894 12.482759 12.462963 12.511936 12.496021 12.441799 12.498673 12.445910 12.473545
2 12.488064 0.000000 12.204244 11.867374 12.193122 12.238727 12.090186 10.116402 12.177719 12.221636 12.256614
3 12.525199 12.198939 0.000000 12.233421 11.727513 11.859416 12.214854 12.179894 11.824934 11.807388 11.817460
4 12.496021 11.867374 12.236074 0.000000 12.174603 12.289124 12.050398 11.875662 12.220160 12.218997 12.251323
5 12.460318 12.182540 11.751323 12.150794 0.000000 11.920635 12.195767 12.203704 11.275132 11.825857 11.854497
6 12.511936 12.244032 11.854112 12.283819 11.896826 0.000000 12.238727 12.211640 11.846154 11.775725 11.402117
7 12.493369 12.079576 12.228117 12.037135 12.171958 12.244032 0.000000 12.066137 12.214854 12.171504 12.232804
8 12.447090 10.119047 12.174603 11.851851 12.201058 12.201058 12.066137 0.000000 12.198413 12.158311 12.198413
9 12.493369 12.161803 11.835544 12.196286 11.272487 11.854112 12.212201 12.193122 0.000000 11.812665 11.851851
10 12.440633 12.237467 11.831135 12.211082 11.844327 11.794195 12.179420 12.176781 11.820580 0.000000 11.715039
11 12.486773 12.240741 11.825397 12.248677 11.862433 11.404762 12.230159 12.206349 11.851851 11.709763 0.000000
