11
1 0.000000 88.888702 89.930740 91.406464 91.255104 88.401360 89.245766 89.418365 90.001694 89.449493 87.803032
2 89.720070 0.000000 79.703201 89.138283 88.536255 80.458687 81.694771 82.234398 79.618889 85.159935 81.257576
3 90.214523 79.485664 0.000000 89.913849 89.618240 82.354729 83.229729 83.400337 78.621620 85.804710 82.180138
4 91.869049 89.005058 90.234795 0.000000 71.712097 89.293312 89.262711 90.579491 90.209816 89.410774 88.855217
5 91.880951 88.546371 89.861488 71.938675 0.000000 87.948891 88.444069 89.017036 89.966156 88.737373 88.168350
6 88.937073 80.708260 82.665543 89.325897 88.240204 0.000000 79.196609 80.623932 82.697121 82.360268 77.737373
7 89.322037 81.726814 83.466217 89.310173 88.442375 79.047455 0.000000 78.771187 83.101524 81.574074 76.622894
8 90.141159 82.065765 83.744934 90.384613 89.068146 80.581200 78.633896 0.000000 83.957695 72.350166 74.193604
9 90.600677 79.531197 79.388512 90.429779 90.756348 83.627747 84.181046 85.130287 0.000000 86.715485 83.025253
10 89.653198 85.095963 86.279465 89.531990 88.730637 82.244110 81.185188 72.436028 86.870369 0.000000 77.764313
11 88.540405 81.227272 82.920876 88.659935 88.338387 78.237373 77.336700 74.053871 82.855217 77.178452 0.000000
