11
1 0.000000 5.605527 5.616541 5.643216 5.608040 5.625628 5.620603 5.633166 5.633166 5.622500 5.610000
2 5.600502 0.000000 5.365915 5.374372 3.741206 5.331658 5.359296 5.341709 5.439699 5.287500 5.377500
3 5.616541 5.380952 0.000000 5.506266 5.370927 5.418546 5.466166 4.506266 5.506266 5.510000 5.487500
4 5.640704 5.374372 5.506266 0.000000 5.359296 5.505025 5.507538 5.515075 5.550251 5.485000 5.535000
5 5.600502 3.748744 5.368421 5.369347 0.000000 5.346734 5.369347 5.339196 5.439699 5.312500 5.385000
6 5.615578 5.316583 5.413534 5.500000 5.324121 0.000000 5.479899 5.419598 5.560301 5.470000 5.497500
7 5.618091 5.364322 5.473684 5.530151 5.366834 5.487437 0.000000 5.494975 5.228643 5.477500 5.507500
8 5.625628 5.344221 4.508772 5.510050 5.336683 5.429648 5.497488 0.000000 5.550251 5.500000 5.502500
9 5.623116 5.437186 5.503759 5.542714 5.429648 5.555276 5.218593 5.537688 0.000000 5.522500 5.527500
10 5.627500 5.305000 5.505000 5.475000 5.305000 5.485000 5.490000 5.497500 5.530000 0.000000 4.670000
11 5.610000 5.390000 5.492500 5.527500 5.385000 5.507500 5.505000 5.510000 5.537500 4.667500 0.000000
