11
1 0.000000 8.082631 8.339527 7.880952 8.238095 7.828231 7.825424 8.107142 7.910322 8.136364 8.286196
2 8.166947 0.000000 7.993255 7.691400 6.578415 7.482294 7.940978 8.010118 7.581788 6.671717 8.030303
3 8.324325 8.050591 0.000000 7.856419 8.160473 7.800676 7.226351 7.077703 7.900338 8.043771 7.957912
4 7.926871 7.640810 7.875000 0.000000 7.541738 7.207547 7.374576 7.505983 7.231811 7.459596 7.515152
5 8.323130 6.598651 8.268581 7.638842 0.000000 7.717206 7.852542 8.097104 7.756345 6.700337 8.126263
6 7.801021 7.438448 7.853041 7.204117 7.509370 0.000000 7.420339 7.569231 7.458545 7.550505 7.404040
7 7.881356 7.976391 7.287162 7.401695 7.679661 7.494915 0.000000 7.093220 7.465313 7.653199 7.688552
8 8.158163 7.983137 7.148649 7.589744 7.909710 7.480342 7.137288 0.000000 7.602369 7.804714 7.754209
9 7.950931 7.524452 7.984797 7.285956 7.661591 7.439932 7.507614 7.600677 0.000000 7.601010 7.639730
10 8.188552 6.644781 8.099326 7.489899 6.744108 7.575758 7.737374 7.818182 7.496633 0.000000 7.740741
11 8.368687 8.225589 8.058923 7.609427 8.077441 7.526936 7.767677 7.727273 7.735690 7.792929 0.000000
