11
1 0.000000 131.628647 131.366043 131.519897 131.079361 131.315643 131.352783 131.182541 131.493362 130.683380 131.185181
2 131.644562 0.000000 128.387268 129.686996 123.648148 126.957558 127.909813 112.256615 114.960213 127.102905 130.240738
3 131.384613 128.374008 0.000000 129.575592 127.460320 126.265251 126.188332 126.867722 127.408485 126.393143 130.113754
4 131.506638 129.700272 129.575592 0.000000 129.132278 127.946953 129.403183 129.071426 129.376663 128.258575 128.082016
5 131.103180 123.626984 127.444443 129.111115 0.000000 125.746033 127.253967 121.597885 120.981483 126.654350 130.023804
6 131.318298 126.941643 126.251991 127.928383 125.753967 0.000000 125.716179 125.095238 124.848808 118.224274 129.264557
7 131.331558 127.893898 126.183022 129.384613 127.232803 125.716179 0.000000 126.708992 126.748009 125.934036 129.854492
8 131.169312 112.232803 126.862434 129.029099 121.595238 125.095238 126.722221 0.000000 108.465607 126.063324 129.862427
9 131.503983 114.952255 127.397881 129.363388 121.002647 124.838196 126.763924 108.473541 0.000000 125.467018 129.849213
10 130.680740 127.087074 126.372032 128.240112 126.659630 118.229553 125.949867 126.084435 125.448547 0.000000 129.155670
11 131.193115 130.230164 130.097885 128.082016 130.029099 129.272491 129.875656 129.870377 129.875656 129.160950 0.000000
