11
1 0.000000 0.339523 0.376658 0.350133 0.417989 0.344828 0.371353 0.378307 0.368700 0.364116 0.412698
2 0.339523 0.000000 0.286472 0.302387 0.296296 0.275862 0.262599 0.285714 0.294430 0.292876 0.291005
3 0.376658 0.286472 0.000000 0.331565 0.343915 0.336870 0.095491 0.328042 0.326260 0.292876 0.328042
4 0.350133 0.299735 0.328912 0.000000 0.370370 0.233422 0.331565 0.351852 0.196286 0.200528 0.373016
5 0.417989 0.296296 0.343915 0.370370 0.000000 0.367725 0.314815 0.314815 0.388889 0.377309 0.169312
6 0.344828 0.275862 0.336870 0.233422 0.367725 0.000000 0.320955 0.341270 0.225464 0.245383 0.380952
7 0.368700 0.265252 0.095491 0.331565 0.314815 0.320955 0.000000 0.301587 0.326260 0.298153 0.301587
8 0.378307 0.285714 0.330688 0.351852 0.317460 0.341270 0.301587 0.000000 0.365079 0.366755 0.320106
9 0.366048 0.294430 0.326260 0.196286 0.388889 0.225464 0.326260 0.365079 0.000000 0.166227 0.388889
10 0.364116 0.292876 0.292876 0.200528 0.377309 0.248021 0.298153 0.366755 0.168865 0.000000 0.358839
11 0.415344 0.293651 0.330688 0.375661 0.169312 0.380952 0.304233 0.320106 0.388889 0.361478 0.000000
