11
1 0.000000 15.541315 14.964527 14.967687 15.343537 15.540816 15.508474 15.159863 14.996616 15.336700 15.245791
2 15.522765 0.000000 14.709949 14.772344 15.219224 14.305227 14.463743 14.657673 14.718381 15.237373 14.934343
3 14.986486 14.625632 0.000000 12.802365 14.250000 14.456081 14.481419 12.785473 11.934122 14.265993 13.968014
4 15.142858 14.748735 12.756757 0.000000 14.473595 14.789022 14.532204 11.947008 12.996616 14.188552 13.941077
5 15.413265 15.182125 14.342905 14.568995 0.000000 15.098807 14.993220 14.386712 14.504230 14.754209 14.715488
6 15.637755 14.306914 14.675675 14.792453 15.257240 0.000000 13.635593 14.832479 14.578680 15.082492 15.057240
7 15.540678 14.418213 14.510135 14.479661 15.049152 13.561017 0.000000 14.527119 14.597293 15.015152 14.799664
8 15.107142 14.575042 12.755068 11.907692 14.427598 14.772650 14.498305 0.000000 12.959391 14.249158 13.998317
9 15.064298 14.726812 12.028716 13.030457 14.399323 14.556684 14.551607 12.972927 0.000000 14.262627 13.991583
10 15.415825 15.208755 14.213804 14.265993 14.755892 15.075758 15.040404 14.279461 14.274411 0.000000 13.247475
11 15.324916 14.971380 14.031986 14.080808 14.691919 14.956229 14.806397 14.010101 14.067340 13.180135 0.000000
