11
1 0.000000 11.923077 12.100796 12.183023 11.986773 12.045093 12.156499 12.201058 12.066313 12.213720 12.100529
2 11.909814 0.000000 11.671087 11.875332 11.383598 11.742705 11.854112 11.875662 10.782494 11.984169 11.738095
3 12.103448 11.673740 0.000000 12.026525 11.621693 10.641910 11.957560 12.029100 11.806366 12.068602 11.566137
4 12.169762 11.859416 12.031830 0.000000 11.531746 12.005305 12.098144 12.042328 11.968170 12.124010 12.124338
5 11.976191 11.380953 11.624338 11.531746 0.000000 11.682540 11.875662 11.769841 11.611111 12.021109 11.775132
6 12.034483 11.729443 10.639257 12.000000 11.687831 0.000000 11.992043 12.005291 11.774536 12.029024 11.576719
7 12.156499 11.867374 11.954907 12.111405 11.878307 12.000000 0.000000 12.150794 11.936339 11.836411 12.031746
8 12.174603 11.862433 12.018518 12.029100 11.751323 12.007936 12.150794 0.000000 11.939154 12.200528 12.031746
9 12.068966 10.766579 11.790451 11.973475 11.600529 11.782494 11.954907 11.949736 0.000000 12.052771 11.798942
10 12.203166 11.965699 12.068602 12.121372 12.026385 12.047493 11.823219 12.200528 12.050132 0.000000 12.068602
11 12.097883 11.740741 11.574074 12.121693 11.793651 11.576719 12.029100 12.044973 11.804233 12.079156 0.000000
