11
1 0.000000 5.896552 5.901857 5.896552 5.896825 5.893899 5.923077 5.851852 5.909814 5.870712 5.907407
2 5.888594 0.000000 5.880637 5.832891 5.552910 5.832891 5.909814 5.875661 5.872679 5.559367 5.859788
3 5.917772 5.885942 0.000000 5.917772 5.912698 5.899204 5.814323 5.695767 5.907162 5.889182 5.873016
4 5.899204 5.827586 5.907162 0.000000 5.841270 5.777188 5.851459 5.854497 5.761273 5.796834 5.846561
5 5.888889 5.560846 5.904762 5.859788 0.000000 5.825397 5.880952 5.886243 5.873016 5.614776 5.883598
6 5.891247 5.827586 5.883289 5.801061 5.814815 0.000000 5.843501 5.835979 5.838196 5.796834 5.846561
7 5.904509 5.885942 5.801061 5.846154 5.867725 5.846154 0.000000 5.738095 5.875331 5.828496 5.875661
8 5.862434 5.873016 5.690476 5.862434 5.888889 5.838624 5.746032 0.000000 5.849206 5.878628 5.867725
9 5.915119 5.867374 5.899204 5.769231 5.862434 5.843501 5.870027 5.843915 0.000000 5.825858 5.873016
10 5.860158 5.548813 5.878628 5.799472 5.617414 5.807388 5.844327 5.865435 5.810026 0.000000 5.868074
11 5.907407 5.865079 5.867725 5.851852 5.886243 5.846561 5.891534 5.867725 5.865079 5.870712 0.000000
