11
1 0.000000 249.527634 249.135345 249.761307 249.957291 249.326630 249.683411 249.633163 249.839203 248.529999 248.202499
2 249.555283 0.000000 246.375946 248.062820 248.366837 236.090454 248.201004 246.701004 248.057785 245.750000 236.732498
3 249.035095 246.328323 0.000000 247.872177 248.200500 245.624054 247.982452 232.486221 247.952377 232.895004 245.517502
4 250.060303 248.346741 248.210526 0.000000 244.085434 247.884415 211.369354 248.500000 214.012558 247.425003 246.927505
5 250.015076 248.472366 248.333328 243.927139 0.000000 248.143219 244.306534 248.741211 244.668335 247.547501 247.125000
6 249.658295 236.298996 245.957397 247.952255 248.366837 0.000000 248.077896 246.183411 248.050247 245.065002 234.122498
7 249.673370 248.158295 247.959900 211.183411 244.133163 247.761307 0.000000 248.334167 209.721100 247.210007 246.777496
8 249.613068 246.690948 232.523804 248.203522 248.643219 245.896988 248.349243 0.000000 248.422104 216.302505 245.277496
9 249.814072 248.007538 247.954880 213.824127 244.510056 247.721100 209.733673 248.386932 0.000000 247.202499 246.710007
10 248.532501 245.797501 232.972504 247.205002 247.537506 244.830002 247.330002 216.382507 247.342499 0.000000 245.574997
11 248.217499 236.722504 245.595001 246.714996 247.100006 233.880005 246.860001 245.367493 246.774994 245.547501 0.000000
