11
1 0.000000 260.644562 260.440308 259.090179 259.674591 258.909821 258.816986 258.677246 259.506622 258.802124 259.656097
2 260.628662 0.000000 260.432373 257.607422 243.111115 257.790436 258.862061 258.798950 258.283813 244.221634 259.071442
3 260.432373 260.429718 0.000000 258.111420 259.550262 258.737396 254.872681 251.978836 258.880646 258.480225 259.566132
4 259.114044 257.626007 258.129974 0.000000 257.087311 253.625992 255.864716 256.312164 254.673737 255.411606 256.124329
5 259.658722 243.100525 259.555542 257.066132 0.000000 257.100525 258.253967 258.753967 257.333344 245.124008 258.624329
6 258.896545 257.771881 258.742706 253.610077 257.082001 0.000000 256.127319 256.433868 255.893906 255.395782 255.698410
7 258.827576 258.867371 254.867371 255.851456 258.256622 256.119354 0.000000 251.597885 256.944305 256.659637 257.574066
8 258.687836 258.820099 252.018524 256.296295 258.772491 256.412689 251.608459 0.000000 256.830688 257.313995 258.494720
9 259.514587 258.283813 258.888580 254.663132 257.317474 255.883286 256.931030 256.817474 0.000000 255.717682 257.039673
10 258.791565 244.221634 258.485474 255.401062 245.124008 255.437988 256.664917 257.311340 255.704483 0.000000 257.459106
11 259.669312 259.058197 259.560852 256.100525 258.619049 255.711639 257.576721 258.462952 257.018524 257.445923 0.000000
