11
1 0.000000 116.148544 115.710876 116.713531 115.640213 115.917770 116.450928 115.902115 115.331566 115.857521 116.089951
2 116.169762 0.000000 110.013260 114.381966 91.899467 109.984085 114.068962 105.142860 112.612732 113.443275 112.074074
3 115.721489 110.015915 0.000000 114.071617 109.296295 99.580902 113.421753 109.650795 112.114059 113.266487 111.806877
4 116.713531 114.384613 114.071617 0.000000 113.653442 114.206894 99.628647 114.264549 111.485413 112.266487 115.177246
5 115.666664 91.894180 109.298943 113.666664 0.000000 109.283066 113.428574 104.669312 111.804230 113.248024 111.761902
6 115.923080 109.981430 99.583557 114.209549 109.267197 0.000000 113.782494 109.478836 112.750664 113.485489 111.941795
7 116.450928 114.074272 113.421753 99.625992 113.431213 113.801064 0.000000 113.865082 110.530502 111.899734 114.671959
8 115.931213 105.134918 109.653442 114.264549 104.666664 109.489418 113.854500 0.000000 112.589951 113.741425 112.068787
9 115.320953 112.612732 112.122017 111.493370 111.793648 112.761276 110.522545 112.568787 0.000000 105.767807 113.230156
10 115.881264 113.445908 113.269127 112.263855 113.224274 113.474937 111.878632 113.736145 105.762535 0.000000 114.337730
11 116.111115 112.087303 111.806877 115.185188 111.772484 111.957672 114.682541 112.074074 113.246033 114.364113 0.000000
