11
1 0.000000 10.849246 10.857142 10.866835 10.748744 11.075377 10.786432 10.974874 10.806533 10.805000 10.835000
2 10.834171 0.000000 7.701755 9.773870 8.716081 10.592965 9.841708 9.163317 9.917086 10.367500 8.832500
3 10.834586 7.699248 0.000000 9.854636 8.731830 10.548872 9.954887 9.190476 9.934837 10.382500 8.767500
4 10.869347 9.778894 9.852130 0.000000 9.557789 10.552764 9.140703 9.954774 9.369347 10.382500 9.920000
5 10.736181 8.711055 8.729323 9.547739 0.000000 10.374372 9.615578 8.937186 9.673367 10.185000 8.797500
6 11.087939 10.580402 10.541353 10.527638 10.371860 0.000000 10.437186 10.638191 10.482412 9.595000 10.492500
7 10.781407 9.839196 9.942356 9.140703 9.615578 10.444724 0.000000 9.959799 8.494975 10.282500 9.870000
8 10.959799 9.160804 9.182958 9.947236 8.949749 10.645729 9.959799 0.000000 10.010050 10.395000 9.180000
9 10.801508 9.919598 9.934837 9.371860 9.670855 10.489950 8.497487 10.010050 0.000000 10.272500 9.980000
10 10.815000 10.370000 10.405000 10.385000 10.200000 9.597500 10.280000 10.395000 10.270000 0.000000 10.412500
11 10.822500 8.832500 8.767500 9.905000 8.805000 10.480000 9.870000 9.175000 9.980000 10.390000 0.000000
