11
1 0.000000 0.479899 0.431078 0.494975 0.467337 0.492462 0.482412 0.449749 0.489950 0.482500 0.487500
2 0.482412 0.000000 0.358396 0.454774 0.211055 0.429648 0.306533 0.379397 0.384422 0.412500 0.442500
3 0.433584 0.360902 0.000000 0.273183 0.320802 0.293233 0.403509 0.132832 0.380952 0.270000 0.370000
4 0.494975 0.454774 0.273183 0.000000 0.417085 0.331658 0.464824 0.218593 0.424623 0.325000 0.405000
5 0.469849 0.211055 0.320802 0.417085 0.000000 0.404523 0.273869 0.319095 0.364322 0.357500 0.432500
6 0.497487 0.432161 0.290727 0.334171 0.404523 0.000000 0.457286 0.253769 0.424623 0.285000 0.462500
7 0.482412 0.306533 0.403509 0.467337 0.273869 0.457286 0.000000 0.409548 0.422111 0.437500 0.480000
8 0.449749 0.379397 0.132832 0.218593 0.319095 0.253769 0.407035 0.000000 0.364322 0.247500 0.355000
9 0.489950 0.384422 0.378446 0.424623 0.364322 0.424623 0.422111 0.364322 0.000000 0.432500 0.470000
10 0.482500 0.412500 0.270000 0.325000 0.360000 0.285000 0.437500 0.250000 0.435000 0.000000 0.425000
11 0.487500 0.447500 0.370000 0.407500 0.432500 0.460000 0.485000 0.357500 0.475000 0.430000 0.000000
