11
1 0.000000 12.035176 12.007519 12.035176 12.035176 12.032663 12.035176 12.035176 12.032663 11.975000 11.970000
2 12.042713 0.000000 11.834586 12.032663 12.015076 12.032663 12.037688 12.037688 12.040201 11.970000 11.952500
3 12.007519 11.824561 0.000000 12.002506 11.969925 12.007519 12.002506 12.007519 12.002506 11.975000 11.940000
4 12.037688 12.032663 12.002506 0.000000 12.030150 12.032663 12.032663 12.035176 11.575377 11.977500 11.975000
5 12.030150 12.012563 11.972431 12.030150 0.000000 12.022614 12.032663 12.027638 12.027638 11.975000 11.952500
6 12.032663 12.027638 12.002506 12.020101 12.025126 0.000000 12.025126 12.027638 12.017588 11.965000 11.970000
7 12.032663 12.032663 12.002506 12.030150 12.025126 12.030150 0.000000 11.924623 12.035176 11.970000 11.972500
8 12.037688 12.037688 12.007519 12.032663 12.035176 12.030150 11.919598 0.000000 12.030150 11.957500 11.972500
9 12.030150 12.032663 12.007519 11.562814 12.030150 12.027638 12.035176 12.035176 0.000000 11.980000 11.965000
10 11.985000 11.980000 11.977500 11.977500 11.977500 11.975000 11.985000 11.967500 11.980000 0.000000 11.972500
11 11.967500 11.945000 11.945000 11.975000 11.945000 11.970000 11.975000 11.970000 11.967500 11.957500 0.000000
