11
1 0.000000 0.665783 0.668435 0.663130 0.661376 0.665783 0.663130 0.666667 0.660477 0.662269 0.664021
2 0.668435 0.000000 0.649867 0.652520 0.658730 0.657825 0.655172 0.645503 0.644562 0.649077 0.648148
3 0.665783 0.647215 0.000000 0.649867 0.653439 0.644562 0.652520 0.658730 0.631300 0.643799 0.653439
4 0.665783 0.652520 0.652520 0.000000 0.661376 0.663130 0.657825 0.653439 0.644562 0.649077 0.589947
5 0.656085 0.650794 0.648148 0.658730 0.000000 0.640212 0.640212 0.637566 0.653439 0.641161 0.648148
6 0.668435 0.660477 0.652520 0.663130 0.653439 0.000000 0.580902 0.656085 0.657825 0.601583 0.661376
7 0.668435 0.657825 0.660477 0.657825 0.658730 0.578249 0.000000 0.650794 0.660477 0.525066 0.650794
8 0.669312 0.653439 0.666667 0.656085 0.656085 0.656085 0.650794 0.000000 0.664021 0.635884 0.640212
9 0.665783 0.641910 0.641910 0.644562 0.664021 0.660477 0.660477 0.664021 0.000000 0.659631 0.653439
10 0.662269 0.649077 0.649077 0.649077 0.651715 0.601583 0.525066 0.635884 0.654354 0.000000 0.641161
11 0.669312 0.648148 0.653439 0.592593 0.658730 0.656085 0.645503 0.642857 0.650794 0.643799 0.000000
