11
1 0.000000 2.629005 2.616554 2.627551 2.687075 2.607143 2.633898 2.658163 2.597293 2.574074 2.649832
2 2.598651 0.000000 2.509275 2.548061 2.475548 2.516020 2.504216 2.406408 2.517707 2.493266 2.468014
3 2.609797 2.524452 0.000000 2.579392 2.538851 2.560811 2.246622 2.554054 2.538851 2.515152 2.510101
4 2.610544 2.556492 2.564189 0.000000 2.592845 2.437393 2.571187 2.603419 2.326565 2.284512 2.560606
5 2.641156 2.480607 2.521960 2.582623 0.000000 2.557070 2.522034 2.497445 2.536379 2.516835 2.247475
6 2.585034 2.524452 2.540540 2.433962 2.563884 0.000000 2.535593 2.560684 2.384095 2.355219 2.537037
7 2.625424 2.524452 2.246622 2.576271 2.537288 2.545763 0.000000 2.545763 2.534687 2.510101 2.508418
8 2.649660 2.426644 2.550676 2.608547 2.512777 2.569231 2.544068 0.000000 2.561760 2.520202 2.486532
9 2.590524 2.527825 2.535473 2.335025 2.546531 2.390863 2.532995 2.549915 0.000000 2.269360 2.516835
10 2.557239 2.503367 2.508418 2.284512 2.515152 2.358586 2.505050 2.508418 2.260943 0.000000 2.500000
11 2.638047 2.484848 2.501683 2.563973 2.254209 2.537037 2.505050 2.478114 2.518518 2.501683 0.000000
