11
1 0.000000 22.909548 22.754387 22.434673 22.648241 22.665829 22.889448 22.793970 22.494974 22.620001 22.309999
2 22.909548 0.000000 16.350878 17.711056 18.585426 17.010050 17.012564 16.972363 18.218594 15.795000 17.600000
3 22.729322 16.353384 0.000000 16.834587 17.817043 16.075188 16.082706 15.942356 17.406015 14.705000 16.747499
4 22.424623 17.708542 16.829575 0.000000 15.422111 16.100502 17.301508 17.281406 14.505025 16.532499 12.577500
5 22.643215 18.590452 17.822056 15.427135 0.000000 17.233669 18.261307 18.228643 14.394472 17.527500 15.362500
6 22.648241 17.017588 16.072681 16.103016 17.233669 0.000000 16.545227 16.633165 16.703518 15.600000 15.990000
7 22.874372 17.027637 16.080200 17.304020 18.263819 16.550251 0.000000 15.932160 17.831657 15.905000 17.200001
8 22.783920 16.979900 15.942356 17.276382 18.223618 16.638191 15.937186 0.000000 17.846733 15.780000 17.160000
9 22.477386 18.218594 17.403509 14.505025 14.391960 16.703518 17.829145 17.846733 0.000000 17.132500 14.445000
10 22.620001 15.807500 14.710000 16.540001 17.525000 15.607500 15.905000 15.780000 17.137501 0.000000 16.492500
11 22.305000 17.600000 16.747499 12.577500 15.357500 15.990000 17.202499 17.170000 14.445000 16.490000 0.000000
