11
1 0.000000 0.134907 0.146959 0.141156 0.161565 0.137755 0.140678 0.161565 0.138748 0.141414 0.156566
2 0.136594 0.000000 0.106239 0.129848 0.119730 0.119730 0.101180 0.112985 0.114671 0.112795 0.107744
3 0.150338 0.109612 0.000000 0.152027 0.141892 0.146959 0.040541 0.135135 0.128378 0.121212 0.126263
4 0.146259 0.129848 0.152027 0.000000 0.158433 0.101201 0.145763 0.157265 0.091371 0.087542 0.153199
5 0.168367 0.124789 0.146959 0.161840 0.000000 0.151618 0.135593 0.134583 0.159052 0.153199 0.074074
6 0.141156 0.121417 0.148649 0.104631 0.151618 0.000000 0.138983 0.153846 0.103215 0.107744 0.149832
7 0.144068 0.102867 0.038851 0.149153 0.132203 0.135593 0.000000 0.125424 0.126904 0.122896 0.119529
8 0.168367 0.119730 0.140203 0.164103 0.136286 0.157265 0.132203 0.000000 0.160745 0.158249 0.138047
9 0.143824 0.118044 0.128378 0.093063 0.155668 0.103215 0.126904 0.155668 0.000000 0.067340 0.141414
10 0.141414 0.112795 0.119529 0.089226 0.148148 0.104377 0.117845 0.151515 0.067340 0.000000 0.131313
11 0.161616 0.112795 0.126263 0.154882 0.069024 0.148148 0.121212 0.132997 0.143098 0.131313 0.000000
