11
1 0.000000 84.360878 83.577705 84.452377 84.539116 81.892860 83.918648 84.496597 83.130287 82.198654 86.159935
2 83.424957 0.000000 71.807755 75.593590 65.647552 69.065765 70.586845 59.172009 60.116356 70.464645 78.452866
3 83.981422 71.986511 0.000000 75.771957 71.493240 69.376686 68.410477 70.454391 70.471283 70.437714 78.500000
4 85.377548 76.251266 76.184120 0.000000 76.614990 73.643227 75.450844 76.169228 75.074448 73.643097 72.580811
5 84.627548 65.789207 71.364868 76.422485 0.000000 69.604767 70.718643 64.931854 64.226738 70.282829 78.309761
6 82.552719 69.190559 69.136826 74.262436 69.860306 0.000000 68.491524 68.993164 67.959389 62.614479 76.006737
7 84.035591 71.217537 68.488174 75.428810 70.813560 68.386444 0.000000 69.920341 69.282570 69.343437 77.861954
8 84.068024 59.161888 70.297295 75.931625 64.855194 68.887177 69.688133 0.000000 58.084602 69.471382 77.777779
9 83.362099 60.212479 70.326012 75.209816 64.155670 68.005074 69.269035 58.098137 0.000000 69.116165 77.850166
10 82.410774 70.580811 70.202019 74.000000 70.691917 62.675083 69.486534 69.611115 69.373741 0.000000 76.604378
11 85.314812 78.962959 78.318184 72.759262 78.479797 75.919189 77.828285 77.589226 77.964645 76.668350 0.000000
