11
1 0.000000 12.099494 11.842905 11.880953 12.178572 11.806123 11.652542 11.874149 11.998308 12.047138 12.126263
2 12.082631 0.000000 11.718381 11.701518 11.677909 11.549747 11.516020 11.682968 10.755481 11.954545 12.055555
3 11.792230 11.691400 0.000000 11.163852 11.613175 10.454391 10.981419 11.157095 11.483109 11.446128 11.515152
4 11.787415 11.667791 11.150338 0.000000 11.729131 11.180103 10.649153 10.023932 11.536379 11.434343 11.222222
5 12.175170 11.688027 11.635135 11.781942 0.000000 11.613288 11.523728 11.729131 11.424704 11.991583 11.946128
6 11.795918 11.558179 10.486486 11.240137 11.638842 0.000000 10.886440 11.170940 11.387479 11.367003 11.437711
7 11.594915 11.510962 10.974662 10.659322 11.489831 10.832204 0.000000 10.650847 11.296108 11.239058 10.816499
8 11.799319 11.649241 11.179054 10.023932 11.700171 11.141880 10.661017 0.000000 11.517767 11.415825 11.217172
9 11.956007 10.752108 11.506757 11.539763 11.385787 11.384095 11.335026 11.512691 0.000000 11.752525 11.843434
10 11.988215 11.932660 11.430977 11.444445 11.905724 11.296296 11.228956 11.425926 11.723906 0.000000 11.809764
11 12.050505 11.968014 11.488215 11.228956 11.927609 11.361953 10.811448 11.200336 11.776094 11.813131 0.000000
