11
1 0.000000 83.468803 83.501686 84.307823 84.306122 84.394554 83.935593 84.882652 83.478851 83.606064 82.957916
2 83.600334 0.000000 76.581787 76.291740 72.448570 72.708260 73.370995 74.917366 76.357506 73.149834 64.473061
3 83.655403 76.187187 0.000000 65.201012 76.326012 76.604729 77.130066 78.319260 65.334457 76.898987 75.676765
4 84.790817 76.618889 65.263512 0.000000 77.303238 77.742714 76.874573 78.815384 55.793571 76.774414 75.717171
5 84.790817 72.669479 76.679054 76.938675 0.000000 69.816017 69.730507 75.643951 76.543144 69.479797 71.350166
6 84.108841 72.709946 76.692566 77.715263 69.378197 0.000000 69.344070 75.495728 76.263962 69.728958 72.015152
7 84.725426 73.509277 77.467903 77.469490 69.484749 69.915253 0.000000 76.313560 76.879868 70.398987 72.747475
8 84.926872 74.664421 78.006760 78.683762 75.446335 75.511108 75.927116 0.000000 77.507614 74.875420 73.949493
9 84.079529 76.521080 65.172295 55.690357 76.037224 76.321487 76.966156 77.018616 0.000000 76.619530 75.402359
10 83.890572 73.146461 76.971382 76.491585 69.149834 69.920876 70.287880 74.932663 76.452866 0.000000 71.904037
11 82.873741 64.488213 75.516838 75.513466 70.942764 71.954544 72.616165 73.971382 75.181816 71.604378 0.000000
