11
1 0.000000 118.238724 118.050400 117.318306 116.661377 119.042442 117.559685 118.386246 118.358093 117.142479 117.902115
2 118.251991 0.000000 86.564987 108.538460 97.632278 114.021217 108.636604 99.957672 109.734749 111.189972 96.505295
3 118.055702 86.564987 0.000000 108.344826 98.116402 114.029175 108.485413 100.322754 109.615387 111.221634 96.179893
4 117.339523 108.535812 108.352783 0.000000 105.883598 113.710876 99.907166 109.092590 101.816978 110.707123 108.365082
5 116.664024 97.634918 98.111115 105.873016 0.000000 112.211639 105.595238 99.293648 107.179893 109.461739 98.161377
6 119.031830 114.015915 114.010612 113.708221 112.219574 0.000000 113.718834 114.000000 114.535812 102.519791 113.859787
7 117.557030 108.636604 108.482758 99.901855 105.603172 113.700264 0.000000 108.947090 94.944298 110.765175 108.259262
8 118.375664 99.957672 100.322754 109.087303 99.301590 113.994705 108.944443 0.000000 110.103172 111.817940 100.537041
9 118.368698 109.726791 109.604774 101.835541 107.198410 114.557030 94.952255 110.097885 0.000000 111.873352 109.425926
10 117.153038 111.195251 111.221634 110.720314 109.485489 102.527702 110.778366 111.823219 111.865433 0.000000 111.321899
11 117.907410 96.494705 96.177246 108.362434 98.158730 113.865082 108.251320 100.531746 109.417992 111.321899 0.000000
