11
1 0.000000 247.464188 250.129974 247.580902 249.965607 248.034485 250.387268 246.653442 247.313004 247.730865 247.621689
2 247.466843 0.000000 244.586212 233.432358 243.423279 234.880630 245.588852 217.462967 217.381958 224.060684 221.772491
3 250.127319 244.588852 0.000000 244.368698 240.269836 245.241379 248.522552 243.039688 243.567642 244.857513 244.563492
4 247.588852 233.416443 244.368698 0.000000 243.248672 210.694962 245.559677 232.444443 232.400528 236.108185 235.179901
5 249.949738 243.417984 240.269836 243.251328 0.000000 244.571426 248.039688 242.312164 242.830688 244.815308 244.518524
6 248.031830 234.872681 245.265259 210.700272 244.595245 0.000000 246.262604 233.481476 234.090179 236.751984 236.470901
7 250.381958 245.583557 248.543762 245.580902 248.058197 246.270554 0.000000 244.460312 244.957565 246.271774 245.968246
8 246.650787 217.486771 243.071426 232.478836 242.338623 233.489410 244.449738 0.000000 188.600525 216.817947 213.222229
9 247.286469 217.358093 243.588852 232.389923 242.838623 234.066315 244.938995 188.574081 0.000000 216.546173 213.293655
10 247.738785 224.071243 244.857513 236.126648 244.849609 236.751984 246.269135 216.802109 216.551453 0.000000 211.791550
11 247.624344 221.780426 244.574081 235.195770 244.560852 236.468246 245.976196 213.203705 213.312164 211.794189 0.000000
