11
1 0.000000 49.930859 49.847973 50.227890 50.545918 50.447277 50.144070 50.319729 50.258884 49.715488 49.720539
2 49.826305 0.000000 47.483978 47.477234 47.919056 47.917370 47.580101 47.720066 47.755482 47.446129 47.473064
3 49.706081 47.440136 0.000000 47.275337 47.805744 47.699326 47.420609 47.471283 47.758446 47.050507 46.885521
4 50.124149 47.472176 47.314190 0.000000 48.241909 48.519726 47.611866 48.143589 47.884941 47.208755 47.235691
5 50.460884 47.939293 47.863174 48.253834 0.000000 48.654175 47.793221 48.473595 48.307953 47.759258 47.764309
6 50.370747 47.942665 47.771961 48.545456 48.662693 0.000000 48.093220 48.295727 48.318104 47.648148 47.678452
7 49.979660 47.517708 47.398647 47.552544 47.713558 48.008476 0.000000 47.805084 47.912014 47.313129 47.319866
8 50.170067 47.674538 47.469593 48.100853 48.420784 48.227352 47.822033 0.000000 48.064297 47.365318 47.390572
9 50.091370 47.693085 47.733109 47.824028 48.223351 48.226734 47.910320 48.043995 0.000000 47.622894 47.641415
10 49.601009 47.434345 47.079124 47.198654 47.727272 47.619530 47.361954 47.397305 47.668350 0.000000 47.159931
11 49.629631 47.476433 46.927608 47.240742 47.747475 47.656567 47.385521 47.444443 47.705387 47.173401 0.000000
