11
1 0.000000 5.989390 5.992043 5.992043 5.976191 5.989390 5.992043 5.973545 5.992043 5.965699 5.973545
2 5.986737 0.000000 5.328912 5.954907 5.941799 5.960212 5.976127 5.970900 5.968170 5.939314 5.936508
3 5.989390 5.328912 0.000000 5.952255 5.944445 5.957560 5.965517 5.965609 5.970822 5.931398 5.920635
4 5.986737 5.954907 5.960212 0.000000 5.917989 5.885942 5.965517 5.904762 5.936339 5.899736 5.878307
5 5.970900 5.939154 5.952381 5.923280 0.000000 5.928571 5.849206 5.962963 5.960318 5.923483 5.933862
6 5.992043 5.954907 5.957560 5.896552 5.933862 0.000000 5.973475 5.875661 5.946949 5.923483 5.912698
7 5.997347 5.976127 5.965517 5.970822 5.854497 5.986737 0.000000 5.970900 5.968170 5.944591 5.962963
8 5.970900 5.957672 5.960318 5.907407 5.955027 5.867725 5.965609 0.000000 5.960318 5.931398 5.902116
9 5.989390 5.965517 5.981432 5.944297 5.955027 5.944297 5.965517 5.957672 0.000000 5.868074 5.915344
10 5.963061 5.941953 5.941953 5.899736 5.923483 5.926121 5.941953 5.939314 5.870712 0.000000 5.915567
11 5.973545 5.933862 5.915344 5.875661 5.928571 5.917989 5.955027 5.917989 5.917989 5.926121 0.000000
