11
1 0.000000 23.711056 23.598997 23.736181 23.670855 23.758795 23.650753 23.650753 23.479900 23.627501 23.367500
2 23.718594 0.000000 23.403509 23.527637 22.241205 23.467337 22.027637 23.153267 22.932161 23.697500 22.787500
3 23.596491 23.385965 0.000000 22.260653 23.192982 22.418547 23.258146 22.807018 22.867168 23.697500 22.757500
4 23.746231 23.520100 22.250628 0.000000 23.366835 22.494974 23.316584 22.841709 22.929647 23.732500 22.770000
5 23.658291 22.246231 23.170425 23.356785 0.000000 23.226131 21.597990 23.065327 22.736181 23.632500 22.552500
6 23.758795 23.472363 22.438597 22.489950 23.231155 0.000000 23.213568 22.804020 22.942211 23.715000 22.777500
7 23.653267 22.045227 23.253134 23.316584 21.597990 23.203518 0.000000 23.075377 22.736181 23.650000 22.607500
8 23.635679 23.145729 22.804512 22.811558 23.077890 22.809046 23.062815 0.000000 22.663317 23.652500 22.459999
9 23.489950 22.942211 22.862156 22.909548 22.731155 22.924623 22.751257 22.670855 0.000000 23.532499 18.437500
10 23.610001 23.674999 23.695000 23.707500 23.625000 23.700001 23.645000 23.662500 23.514999 0.000000 23.462500
11 23.382500 22.809999 22.777500 22.762501 22.567499 22.775000 22.617500 22.480000 18.437500 23.480000 0.000000
