11
1 0.000000 0.527638 0.523810 0.535176 0.502513 0.545226 0.517588 0.537688 0.527638 0.537500 0.512500
2 0.527638 0.000000 0.157895 0.447236 0.301508 0.474874 0.427136 0.364322 0.459799 0.462500 0.335000
3 0.523810 0.157895 0.000000 0.466165 0.340852 0.506266 0.473684 0.393484 0.468672 0.472500 0.355000
4 0.535176 0.449749 0.466165 0.000000 0.407035 0.502513 0.386935 0.447236 0.404523 0.505000 0.442500
5 0.500000 0.298995 0.340852 0.404523 0.000000 0.464824 0.422111 0.339196 0.457286 0.465000 0.330000
6 0.540201 0.472362 0.503759 0.500000 0.462312 0.000000 0.469849 0.489950 0.494975 0.435000 0.477500
7 0.520100 0.427136 0.473684 0.386935 0.422111 0.472362 0.000000 0.449749 0.366834 0.470000 0.455000
8 0.540201 0.364322 0.393484 0.447236 0.339196 0.492462 0.452261 0.000000 0.497487 0.480000 0.390000
9 0.530151 0.457286 0.468672 0.404523 0.454774 0.492462 0.364322 0.497487 0.000000 0.520000 0.460000
10 0.532500 0.462500 0.472500 0.502500 0.465000 0.435000 0.465000 0.482500 0.520000 0.000000 0.467500
11 0.512500 0.337500 0.357500 0.440000 0.332500 0.480000 0.457500 0.392500 0.462500 0.470000 0.000000
