11
1 0.000000 122.030151 121.817039 122.092964 121.959801 122.000000 121.783920 121.741203 120.969849 121.402496 120.269997
2 121.907036 0.000000 119.441101 119.909546 113.369347 119.695976 112.580399 118.484924 117.462311 121.010002 116.345001
3 121.827065 119.513786 0.000000 113.360901 119.082710 115.639099 118.914787 116.907265 117.308273 121.292503 116.614998
4 121.972359 119.937187 113.335838 0.000000 119.341705 115.746231 119.067841 116.565323 117.251259 121.207497 116.227501
5 121.861809 113.374374 119.040100 119.349243 0.000000 119.022614 110.751259 117.884422 116.610550 120.942497 115.555000
6 121.821609 119.625626 115.538849 115.688438 118.972359 0.000000 118.871857 116.816582 117.110550 121.017502 116.235001
7 121.620605 112.587936 118.879700 119.070351 110.743721 118.912064 0.000000 117.673370 116.168343 120.769997 115.027496
8 121.608040 118.447235 116.834587 116.550255 117.881912 116.851761 117.640701 0.000000 115.316582 120.767502 113.962502
9 120.753769 117.434677 117.215538 117.216080 116.600502 117.082916 116.113068 115.281410 0.000000 119.790001 93.587502
10 121.355003 121.087502 121.272499 121.272499 120.995003 121.154999 120.790001 120.815002 119.875000 0.000000 119.677498
11 120.247498 116.445000 116.637497 116.307503 115.610001 116.347504 115.099998 114.017502 93.714996 119.742500 0.000000
