11
1 0.000000 0.575597 0.607427 0.564987 0.595238 0.602122 0.607427 0.589947 0.591512 0.604222 0.584656
2 0.575597 0.000000 0.559682 0.535809 0.595238 0.551724 0.575597 0.515873 0.498674 0.519789 0.500000
3 0.607427 0.567639 0.000000 0.604775 0.597884 0.615385 0.625995 0.584656 0.575597 0.583113 0.563492
4 0.572944 0.541114 0.602122 0.000000 0.582011 0.376658 0.596817 0.534392 0.559682 0.577836 0.542328
5 0.597884 0.589947 0.597884 0.576720 0.000000 0.595238 0.611111 0.587302 0.584656 0.598945 0.587302
6 0.610080 0.551724 0.610080 0.376658 0.597884 0.000000 0.596817 0.552910 0.570292 0.585752 0.555556
7 0.610080 0.575597 0.623342 0.596817 0.624339 0.602122 0.000000 0.608466 0.620690 0.627968 0.600529
8 0.592593 0.515873 0.576720 0.534392 0.595238 0.552910 0.600529 0.000000 0.362434 0.456464 0.452381
9 0.588859 0.496021 0.575597 0.557029 0.592593 0.567639 0.610080 0.362434 0.000000 0.472296 0.497355
10 0.591029 0.509235 0.575198 0.567282 0.601583 0.577836 0.609499 0.453826 0.472296 0.000000 0.414248
11 0.584656 0.500000 0.563492 0.539683 0.595238 0.555556 0.600529 0.455026 0.500000 0.416887 0.000000
