11
1 0.000000 261.702911 261.403198 260.925720 259.682526 261.225464 260.464203 259.896820 261.315643 258.823212 260.719574
2 261.710876 0.000000 253.408493 261.135284 260.013214 261.570282 261.448273 260.185181 261.864716 259.825867 252.968246
3 261.413788 253.416443 0.000000 261.180359 259.835968 261.395233 261.135284 260.031738 261.843506 259.598938 246.867722
4 260.946960 261.145874 261.188324 0.000000 257.216919 261.050385 260.639252 257.920624 261.251984 259.052765 260.359802
5 259.682526 260.013214 259.843903 257.198425 0.000000 259.981476 259.193115 249.349213 260.177246 258.087067 259.761902
6 261.230774 261.580902 261.408478 261.068970 260.005280 0.000000 260.729431 260.201050 249.034485 258.941956 260.783081
7 260.453583 261.445618 261.129974 260.620697 259.179901 260.718842 0.000000 259.547607 260.763916 254.720322 260.539673
8 259.894165 260.177246 260.018524 257.899475 249.338623 260.174591 259.534393 0.000000 260.116394 258.490753 259.849213
9 261.342163 261.856750 261.830231 261.251984 260.193115 249.026520 260.779846 260.140198 0.000000 259.213715 260.989410
10 258.836426 259.849609 259.633240 259.065948 258.102905 258.957794 254.746704 258.532990 259.221649 0.000000 259.667542
11 260.730164 252.970901 246.886246 260.354492 259.759247 260.761902 260.552917 259.854492 260.976196 259.635895 0.000000
