11
1 0.000000 9.247892 9.260135 9.331633 9.335034 9.328231 9.277966 9.311225 9.247039 9.213804 9.232324
2 9.195616 0.000000 8.232715 9.222597 9.133221 9.192243 9.200675 9.202361 9.182125 9.170033 9.143098
3 9.243243 8.323777 0.000000 9.260135 9.081081 9.228041 9.228041 9.231419 9.229730 9.195286 9.148149
4 9.353742 9.252951 9.290541 0.000000 9.369677 9.411664 9.315254 9.391453 7.301185 9.244108 9.260942
5 9.290816 9.163575 9.180743 9.316865 0.000000 9.315162 9.261017 9.296423 9.245347 9.203704 9.191919
6 9.285714 9.188870 9.229730 9.363636 9.320272 0.000000 9.249152 9.309402 9.213198 9.158249 9.186869
7 9.223729 9.185497 9.214527 9.242373 9.249152 9.230509 0.000000 8.744068 9.197969 9.154882 9.175084
8 9.251700 9.166947 9.189189 9.300855 9.284497 9.294017 8.669492 0.000000 9.187818 9.156566 9.171718
9 9.175973 9.134908 9.185811 7.201354 9.189509 9.177665 9.182741 9.172589 0.000000 9.136364 9.124579
10 9.175084 9.149832 9.168350 9.178452 9.173401 9.124579 9.153198 9.151515 9.136364 0.000000 9.164983
11 9.144781 9.101010 9.122895 9.164983 9.139730 9.144781 9.138047 9.138047 9.132997 9.146464 0.000000
