11
1 0.000000 5.864721 5.835544 5.912467 5.859788 5.864721 5.875331 5.841270 5.901857 5.873351 5.806878
2 5.859416 0.000000 5.755968 5.824934 5.788360 5.809019 5.851459 5.785714 5.763926 5.770449 5.751323
3 5.832891 5.758621 0.000000 5.782494 5.666667 5.668435 5.806366 5.642857 5.785146 5.744063 4.603175
4 5.907162 5.819629 5.769231 0.000000 5.193122 5.816976 5.862069 5.793651 5.864721 5.852243 5.761905
5 5.859788 5.788360 5.661376 5.214286 0.000000 5.743386 5.775132 5.719577 5.835979 5.849604 5.650794
6 5.870027 5.811671 5.657825 5.811671 5.738095 0.000000 5.718833 4.984127 5.851459 5.825858 5.634921
7 5.870027 5.859416 5.801061 5.848806 5.769841 5.713528 0.000000 5.645503 5.854111 5.844327 5.793651
8 5.841270 5.785714 5.642857 5.796296 5.727513 4.986773 5.658730 0.000000 5.828043 5.817942 5.642857
9 5.899204 5.758621 5.777188 5.854111 5.833333 5.851459 5.867374 5.830688 0.000000 5.039578 5.743386
10 5.860158 5.765172 5.733509 5.841689 5.833773 5.812665 5.852243 5.796834 5.029024 0.000000 5.725594
11 5.796296 5.735450 4.605820 5.772487 5.658730 5.626984 5.785714 5.637566 5.743386 5.730871 0.000000
