11
1 0.000000 3.114671 3.162162 3.224490 3.210884 3.234694 3.208475 3.267007 3.196277 3.191919 3.163300
2 3.139966 0.000000 2.898819 2.908938 2.910624 3.008432 2.925801 2.944351 2.888701 2.897306 2.900673
3 3.195946 2.890388 0.000000 2.978040 2.462838 3.055743 2.952703 3.000000 2.920608 2.969697 2.516835
4 3.231292 2.925801 3.008446 0.000000 3.040886 3.102916 3.006780 2.664957 2.974619 2.535353 2.978114
5 3.239796 2.890388 2.459460 3.030664 0.000000 3.066440 2.986441 3.039182 2.954315 2.976431 2.516835
6 3.273809 3.003373 3.076014 3.116638 3.073254 0.000000 2.886441 3.112821 2.844332 3.045455 3.037037
7 3.238983 2.934233 2.966216 2.996610 2.981356 2.905085 0.000000 3.030509 2.813875 2.969697 2.951179
8 3.277211 2.940978 2.964527 2.664957 3.015332 3.112821 3.028814 0.000000 3.001692 2.644781 2.986532
9 3.216582 2.887015 2.920608 2.971235 2.956007 2.820643 2.810491 2.994924 0.000000 2.959596 2.915825
10 3.230640 2.920875 2.983165 2.548821 2.993266 3.053872 2.988215 2.653199 2.979798 0.000000 2.973064
11 3.164983 2.883838 2.511785 2.964647 2.516835 3.045455 2.939394 2.973064 2.910774 2.944444 0.000000
