11
1 0.000000 0.519894 0.530504 0.546419 0.515873 0.559682 0.551724 0.539683 0.543767 0.548813 0.571429
2 0.522546 0.000000 0.493369 0.480106 0.301587 0.506631 0.501326 0.396825 0.490716 0.514512 0.507937
3 0.530504 0.493369 0.000000 0.519894 0.481481 0.408488 0.519894 0.510582 0.519894 0.519789 0.505291
4 0.546419 0.480106 0.519894 0.000000 0.492063 0.541114 0.392573 0.502645 0.442971 0.488127 0.542328
5 0.515873 0.301587 0.478836 0.492063 0.000000 0.486772 0.502645 0.396825 0.492063 0.490765 0.510582
6 0.562334 0.506631 0.408488 0.541114 0.486772 0.000000 0.549072 0.526455 0.543767 0.543536 0.542328
7 0.554377 0.498674 0.519894 0.392573 0.502645 0.546419 0.000000 0.510582 0.445623 0.482850 0.505291
8 0.539683 0.396825 0.500000 0.497355 0.396825 0.523810 0.507937 0.000000 0.473545 0.503958 0.521164
9 0.549072 0.490716 0.519894 0.445623 0.492063 0.549072 0.445623 0.481481 0.000000 0.445910 0.515873
10 0.548813 0.511873 0.519789 0.490765 0.493404 0.538259 0.482850 0.503958 0.445910 0.000000 0.511873
11 0.563492 0.497355 0.497355 0.542328 0.502645 0.544974 0.502645 0.529101 0.507937 0.509235 0.000000
