11
1 0.000000 0.641910 0.618037 0.583554 0.600529 0.612732 0.625995 0.624339 0.612732 0.609499 0.621693
2 0.647215 0.000000 0.591512 0.612732 0.611111 0.562334 0.625995 0.539683 0.591512 0.641161 0.619048
3 0.618037 0.591512 0.000000 0.596817 0.592593 0.599469 0.564987 0.566138 0.503979 0.612137 0.616402
4 0.586207 0.607427 0.588859 0.000000 0.582011 0.567639 0.570292 0.597884 0.591512 0.577836 0.568783
5 0.603175 0.611111 0.592593 0.584656 0.000000 0.595238 0.555556 0.592593 0.600529 0.522427 0.605820
6 0.615385 0.559682 0.599469 0.575597 0.600529 0.000000 0.570292 0.521164 0.564987 0.598945 0.616402
7 0.631300 0.623342 0.564987 0.575597 0.558201 0.570292 0.000000 0.574074 0.572944 0.567282 0.582011
8 0.629630 0.537037 0.574074 0.600529 0.595238 0.521164 0.576720 0.000000 0.550265 0.609499 0.605820
9 0.610080 0.588859 0.501326 0.599469 0.605820 0.564987 0.575597 0.550265 0.000000 0.609499 0.616402
10 0.609499 0.643799 0.614776 0.588391 0.522427 0.598945 0.567282 0.612137 0.609499 0.000000 0.630607
11 0.626984 0.621693 0.613757 0.574074 0.611111 0.619048 0.582011 0.611111 0.611111 0.630607 0.000000
