11
1 0.000000 0.132626 0.100796 0.090186 0.068783 0.090186 0.145889 0.126984 0.079576 0.124011 0.063492
2 0.132626 0.000000 0.135279 0.143236 0.121693 0.143236 0.193634 0.148148 0.132626 0.176781 0.121693
3 0.100796 0.137931 0.000000 0.111406 0.089947 0.111406 0.103448 0.140212 0.100796 0.158311 0.089947
4 0.090186 0.143236 0.111406 0.000000 0.079365 0.100796 0.164456 0.116402 0.076923 0.142480 0.079365
5 0.068783 0.121693 0.089947 0.079365 0.000000 0.079365 0.142857 0.113757 0.068783 0.102902 0.047619
6 0.090186 0.143236 0.111406 0.100796 0.079365 0.000000 0.167109 0.137566 0.087533 0.139842 0.079365
7 0.145889 0.193634 0.103448 0.164456 0.142857 0.164456 0.000000 0.187831 0.153846 0.205805 0.142857
8 0.126984 0.148148 0.140212 0.116402 0.113757 0.137566 0.187831 0.000000 0.126984 0.168865 0.113757
9 0.079576 0.132626 0.100796 0.076923 0.068783 0.084881 0.153846 0.126984 0.000000 0.137203 0.068783
10 0.126649 0.179420 0.158311 0.142480 0.102902 0.139842 0.208443 0.171504 0.137203 0.000000 0.113456
11 0.066138 0.124339 0.092593 0.082011 0.050265 0.082011 0.145503 0.116402 0.068783 0.113456 0.000000
