11
1 0.000000 0.453626 0.415541 0.428571 0.435374 0.413265 0.427119 0.397959 0.384095 0.447811 0.378788
2 0.443508 0.000000 0.411467 0.396290 0.317032 0.443508 0.311973 0.403035 0.367622 0.420875 0.350168
3 0.402027 0.411467 0.000000 0.327703 0.425676 0.359797 0.396959 0.376689 0.363176 0.425926 0.346801
4 0.431973 0.397976 0.344595 0.000000 0.403748 0.351629 0.374576 0.362393 0.363790 0.432660 0.343434
5 0.433673 0.322091 0.430743 0.388416 0.000000 0.402044 0.279661 0.388416 0.340102 0.434343 0.340067
6 0.409864 0.421585 0.349662 0.353345 0.391823 0.000000 0.372881 0.374359 0.379019 0.410774 0.351852
7 0.422034 0.315346 0.408784 0.376271 0.276271 0.369492 0.000000 0.355932 0.338409 0.425926 0.319865
8 0.392857 0.396290 0.388514 0.343590 0.371380 0.365812 0.367797 0.000000 0.329949 0.434343 0.331650
9 0.373942 0.370995 0.361486 0.345178 0.340102 0.368866 0.341794 0.343486 0.000000 0.383838 0.154882
10 0.437710 0.425926 0.437710 0.434343 0.430976 0.427609 0.425926 0.439394 0.392256 0.000000 0.375421
11 0.380471 0.361953 0.350168 0.338384 0.331650 0.367003 0.329966 0.335017 0.156566 0.372054 0.000000
