11
1 0.000000 3.615514 3.307432 3.370748 3.292517 3.287415 3.223729 3.445578 3.318105 3.284512 3.782828
2 3.600337 0.000000 3.231029 3.406408 3.273187 3.072513 3.246206 3.021922 3.156830 3.415825 3.537037
3 3.346284 3.276560 0.000000 3.265203 3.165540 3.059122 3.072635 3.103040 2.832770 3.234007 3.668350
4 3.437075 3.413153 3.244932 0.000000 3.224872 3.212693 3.166102 3.335043 3.214890 3.260943 3.447811
5 3.280612 3.311973 3.146960 3.228279 0.000000 3.177172 2.962712 3.255537 3.130288 2.986532 3.488215
6 3.336735 3.118044 3.081081 3.257290 3.194208 0.000000 3.086441 2.996581 3.042301 3.240741 3.510101
7 3.223729 3.283305 3.067568 3.194915 2.967797 3.088135 0.000000 3.127119 3.093063 3.008418 3.454545
8 3.450680 3.035413 3.084460 3.328205 3.253833 2.965812 3.103390 0.000000 3.087986 3.242424 3.516835
9 3.357022 3.178752 2.809122 3.231811 3.121827 3.003384 3.094755 3.079526 0.000000 3.138047 3.466330
10 3.314815 3.501683 3.230640 3.282828 2.966330 3.210438 3.016835 3.262626 3.149832 0.000000 3.543771
11 3.818182 3.565657 3.644781 3.430976 3.454545 3.510101 3.442761 3.525253 3.462963 3.520202 0.000000
