11
1 0.000000 24.296482 24.223057 24.060301 24.201006 24.015076 24.381910 24.391960 24.022614 24.187500 24.219999
2 24.306532 0.000000 23.984962 24.145729 22.015076 23.645729 24.381910 24.396984 23.675879 24.172501 24.307501
3 24.218044 23.982456 0.000000 24.022556 23.967419 23.538847 24.343359 24.353384 23.538847 24.092501 24.219999
4 24.052763 24.143215 24.020050 0.000000 24.080402 23.731155 24.341709 24.258795 23.776382 24.107500 24.100000
5 24.193468 22.007538 23.969925 24.103016 0.000000 23.633165 24.369347 24.434673 23.660805 24.152500 24.245001
6 24.020100 23.635679 23.526316 23.731155 23.643215 0.000000 24.241205 24.309046 15.572865 23.715000 24.059999
7 24.394472 24.396984 24.350878 24.366835 24.379396 24.258795 0.000000 24.542713 24.251257 24.245001 24.350000
8 24.399498 24.394472 24.355890 24.276382 24.417086 24.324121 24.537689 0.000000 24.329145 24.382500 24.237499
9 24.030151 23.670855 23.533834 23.766331 23.670855 15.577889 24.238693 24.324121 0.000000 23.719999 24.047501
10 24.184999 24.195000 24.102501 24.132500 24.160000 23.732500 24.254999 24.400000 23.727501 0.000000 24.297501
11 24.219999 24.307501 24.222500 24.092501 24.235001 24.055000 24.332500 24.219999 24.047501 24.297501 0.000000
