11
1 0.000000 112.416527 109.902023 113.380951 110.590134 110.513603 111.074577 115.534012 109.384094 108.836700 109.858589
2 112.482292 0.000000 110.507591 100.118042 110.413155 107.269814 109.151772 115.288361 109.659363 109.574074 110.446129
3 110.010132 110.489037 0.000000 110.589523 103.885132 107.440880 108.603043 112.780403 103.136826 102.925926 103.902359
4 113.539116 100.114670 110.543922 0.000000 111.471893 109.209259 109.816948 116.919655 110.067680 109.614479 110.479797
5 110.739799 110.483978 103.893578 111.434410 0.000000 108.304939 108.847458 113.783646 103.065987 102.574074 103.452866
6 110.726189 107.414841 107.574326 109.198975 108.391823 0.000000 106.555931 114.218803 106.956009 106.540405 107.557236
7 111.215256 109.166946 108.597977 109.801697 108.835594 106.510170 0.000000 114.050850 108.006767 107.584175 108.405724
8 115.692177 115.283302 112.768578 116.962395 113.660988 114.165810 113.974579 0.000000 112.450081 111.873741 112.622894
9 109.348564 109.499153 102.994934 109.930626 102.881554 106.712349 107.820641 112.155670 0.000000 99.122894 102.941078
10 109.052185 109.631310 102.993263 109.644783 102.611115 106.496635 107.574074 112.031990 99.335014 0.000000 103.144783
11 110.011787 110.407410 103.873741 110.481483 103.436028 107.459595 108.409088 112.863640 103.077438 103.072388 0.000000
