11
1 0.000000 131.840851 131.718826 131.893906 131.669312 132.005310 131.986740 131.576721 131.986740 131.335098 131.560852
2 131.848801 0.000000 116.992043 130.710876 131.219574 131.389923 131.660477 131.219574 131.405838 130.773087 130.433868
3 131.713531 116.984085 0.000000 130.668442 131.124344 131.344833 131.657822 131.206345 131.374008 130.759888 130.322754
4 131.907166 130.689651 130.663132 0.000000 130.828049 128.525192 131.371353 129.417984 130.148544 130.013199 128.478836
5 131.682541 131.232803 131.153442 130.851852 0.000000 131.335983 128.465607 131.486771 131.285721 130.817947 131.005295
6 131.994690 131.381958 131.355438 128.535812 131.328049 0.000000 131.697617 128.846558 131.100800 130.440628 130.357147
7 131.973480 131.649872 131.660477 131.379303 128.449738 131.700272 0.000000 131.447083 131.716187 131.071243 131.108459
8 131.592590 131.211639 131.209000 129.423279 131.481476 128.857147 131.460312 0.000000 130.904755 130.746704 130.616409
9 131.992035 131.403183 131.379303 130.148544 131.272491 131.103455 131.724136 130.925919 0.000000 129.240112 130.301590
10 131.329819 130.781006 130.759888 130.013199 130.825851 130.467026 131.065964 130.751984 129.250656 0.000000 130.189972
11 131.558197 130.431213 130.349213 128.507935 130.997360 130.359787 131.100525 130.608459 130.309525 130.195251 0.000000
