11
1 0.000000 150.944290 150.307693 150.108749 155.957672 152.604782 157.482758 151.947083 152.031830 152.263855 151.542328
2 150.944290 0.000000 143.249344 143.090179 150.568787 145.339523 152.145889 144.626984 144.740051 145.160950 144.269836
3 150.307693 143.251984 0.000000 139.591507 149.888885 144.875336 151.464188 144.203705 144.336868 144.633240 143.886246
4 150.098145 143.082230 139.583557 0.000000 149.764557 144.740051 151.405838 144.084656 144.212204 144.467026 143.743393
5 155.957672 150.568787 149.888885 149.772491 0.000000 152.449738 151.412704 152.126984 151.986771 152.464386 151.820099
6 152.604782 145.339523 144.875336 144.750656 152.449738 0.000000 153.984085 142.698410 142.297089 145.931396 142.171951
7 157.474808 152.137924 151.456238 151.405838 151.404755 153.976120 0.000000 153.222229 153.466843 153.530350 152.939148
8 151.949738 144.629623 144.206345 144.095245 152.129623 142.701065 153.232803 0.000000 142.013229 145.580475 141.592590
9 152.026520 144.734741 144.331558 144.217514 151.984131 142.294434 153.469498 142.005295 0.000000 145.379944 141.523804
10 152.266495 145.163589 144.633240 144.477570 152.467026 145.934036 153.540894 145.580475 145.387863 0.000000 145.205811
11 151.544968 144.272491 143.888885 143.753967 151.820099 142.174606 152.949738 141.592590 141.529099 145.208450 0.000000
