11
1 0.000000 25.074270 25.196287 25.183023 25.124338 25.145889 25.018568 25.044973 25.100796 25.031662 25.029100
2 25.066313 0.000000 24.090185 24.482759 24.182539 23.801062 24.267904 24.124338 24.053051 23.490765 23.687830
3 25.196287 24.084881 0.000000 24.729443 24.375662 24.397879 24.533157 23.566137 22.591513 24.319262 23.513227
4 25.201591 24.480106 24.748011 0.000000 24.759260 24.745358 24.657825 24.679893 24.684351 24.569921 24.531746
5 25.121693 24.177248 24.370371 24.756615 0.000000 24.383598 24.502645 24.388889 24.280424 24.313984 24.148148
6 25.129974 23.809019 24.413794 24.740053 24.407408 0.000000 24.549072 24.314816 24.320955 23.068602 24.103174
7 25.018568 24.265251 24.538462 24.636604 24.505291 24.546419 0.000000 24.182539 24.318302 24.324539 24.111111
8 25.042328 24.124338 23.563492 24.666666 24.402117 24.304234 24.182539 0.000000 23.370371 24.248020 23.306879
9 25.092838 24.045094 22.588860 24.687002 24.272488 24.302387 24.331566 23.394180 0.000000 24.295515 23.288361
10 25.005278 23.490765 24.329815 24.551451 24.300791 23.063324 24.327177 24.242744 24.290237 0.000000 23.899736
11 25.026455 23.682539 23.531746 24.515873 24.158730 24.076719 24.108465 23.296297 23.293652 23.891821 0.000000
