11
1 0.000000 25.758621 25.806366 25.790451 25.748676 25.832891 25.822281 25.751324 25.819628 25.720316 25.701057
2 25.750664 0.000000 25.490717 25.649868 25.555555 25.395226 25.639257 25.518518 25.371353 25.569921 25.529100
3 25.806366 25.488064 0.000000 25.525200 25.428572 25.562334 25.567638 25.346561 25.702917 25.656992 25.288361
4 25.798409 25.649868 25.525200 0.000000 24.722221 25.612732 24.111406 25.328043 25.803713 25.638523 25.373016
5 25.740740 25.542328 25.433863 24.708994 0.000000 25.473545 24.690475 25.240740 25.632275 25.654354 25.100529
6 25.827587 25.387268 25.578249 25.615385 25.502645 0.000000 25.721485 25.447090 25.713528 25.519789 25.494709
7 25.814323 25.644562 25.572945 24.119364 24.690475 25.708223 0.000000 25.243385 25.774536 25.701847 25.399471
8 25.761906 25.521164 25.354498 25.333334 25.269842 25.444445 25.251324 0.000000 25.661375 25.630608 25.042328
9 25.824934 25.366047 25.724138 25.803713 25.642857 25.718832 25.782494 25.664021 0.000000 25.656992 25.677248
10 25.709763 25.577837 25.662270 25.646439 25.664907 25.517151 25.691294 25.630608 25.656992 0.000000 25.633245
11 25.706348 25.518518 25.298943 25.378307 25.126984 25.486773 25.415344 25.044973 25.679893 25.622692 0.000000
