11
1 0.000000 253.456238 252.535812 252.498672 251.452377 251.294434 253.294434 252.388885 252.198944 251.200531 252.997360
2 253.466843 0.000000 247.503983 247.824936 246.068787 245.737396 249.625992 248.071426 247.021225 246.627975 225.465607
3 252.546417 247.522552 0.000000 236.689651 230.209000 242.347473 247.846161 239.283066 224.625992 235.883911 247.560852
4 252.514587 247.824936 236.676392 0.000000 233.642853 242.419098 248.063660 232.703705 234.965515 219.593674 247.682541
5 251.468246 246.060852 230.203705 233.640213 0.000000 240.306885 246.576721 237.873016 226.976196 233.258575 246.822754
6 251.307693 245.750656 242.350128 242.429703 240.328049 0.000000 243.068970 243.664017 240.883286 241.237473 246.158737
7 253.307693 249.641907 247.840851 248.058350 246.595245 243.063660 0.000000 248.537033 247.461533 246.891815 249.521164
8 252.402115 248.060852 239.256607 232.693115 237.873016 243.669312 248.529099 0.000000 237.957672 232.791550 248.529099
9 252.196289 247.047745 224.620697 234.960205 226.984131 240.891251 247.466843 237.973541 0.000000 234.234833 247.156082
10 251.221634 246.630600 235.875992 219.575195 233.250656 241.234833 246.889175 232.778366 234.237473 0.000000 247.002640
11 253.010590 225.484131 247.555557 247.693115 246.793655 246.142853 249.518524 248.542328 247.137573 247.007919 0.000000
