11
1 0.000000 4.126475 4.133446 4.175170 4.144558 4.144558 3.981356 4.044218 3.856176 4.122896 3.846801
2 4.114671 0.000000 3.817875 3.654300 3.232715 3.721754 3.145025 3.671164 3.453626 4.141414 3.385522
3 4.118243 3.795953 0.000000 3.266892 3.714527 3.420608 3.777027 3.440878 3.407094 4.097643 3.358586
4 4.153061 3.693086 3.263514 0.000000 3.594548 3.454545 3.515254 3.413675 3.353638 4.047138 3.289562
5 4.170068 3.273187 3.755068 3.580920 0.000000 3.867121 3.138983 3.533220 3.380711 4.023569 3.341751
6 4.192177 3.703204 3.417230 3.463122 3.805792 0.000000 3.772881 3.471795 3.448393 4.094276 3.383838
7 3.957627 3.158516 3.807432 3.574576 3.145763 3.738983 0.000000 3.466102 3.409476 4.043771 3.314815
8 4.119048 3.627319 3.481419 3.408547 3.504259 3.511111 3.454237 0.000000 3.225042 4.015152 3.164983
9 3.934010 3.441821 3.429054 3.343486 3.372250 3.439932 3.340101 3.226734 0.000000 3.878788 2.575758
10 4.144781 4.119529 4.131313 4.082491 4.010101 4.124579 4.070707 4.038721 3.919192 0.000000 3.888889
11 3.831650 3.397306 3.363636 3.309764 3.329966 3.402357 3.282828 3.168350 2.595960 3.861953 0.000000
