11
1 0.000000 80.628647 81.437668 77.259949 75.873016 78.437668 81.697609 77.383598 76.801064 77.139839 76.037041
2 80.623344 0.000000 83.933685 80.469498 79.158730 81.660477 84.193634 76.100533 79.655174 79.807388 79.121696
3 81.448273 83.949600 0.000000 80.941643 79.632278 82.129974 74.631302 81.238098 79.336868 80.960419 79.002647
4 77.259949 80.477455 80.931038 0.000000 74.894180 77.100800 81.251991 77.272484 76.344826 76.955147 75.658730
5 75.880951 79.171959 79.629631 74.902115 0.000000 76.190475 79.925926 76.153442 74.775131 75.746704 74.449738
6 78.432358 81.663132 82.114059 77.095490 76.177246 0.000000 82.464188 78.637566 77.535812 78.013191 76.851852
7 81.700264 84.198936 74.620689 81.251991 79.920631 82.469498 0.000000 81.402115 79.618034 81.187332 79.288361
8 77.370369 76.092590 81.214287 77.259262 76.132278 78.629631 81.388885 0.000000 76.513229 76.810028 76.132278
9 76.809021 79.665779 79.331566 76.350136 74.772484 77.546417 79.625992 76.534393 0.000000 76.435356 74.164024
10 77.145119 79.817940 80.957787 76.960419 75.746704 78.023750 81.192612 76.831131 76.435356 0.000000 75.849602
11 76.042328 79.129631 78.992065 75.661377 74.444443 76.859787 79.291008 76.148148 74.158730 75.846962 0.000000
