11
1 0.000000 4.489039 4.478041 4.522109 4.532313 4.539115 4.505085 4.515306 4.495770 4.483165 4.471380
2 4.487352 0.000000 4.015177 4.502530 4.435076 4.504216 4.483980 4.500843 4.490725 4.461279 4.469697
3 4.445946 4.057335 0.000000 4.467906 4.430743 4.471284 4.437500 4.457770 4.459459 4.427609 4.414141
4 4.510204 4.489039 4.474662 0.000000 4.531516 4.564322 4.503390 4.538462 3.593909 4.483165 4.471380
5 4.505102 4.451939 4.429054 4.529813 0.000000 4.540034 4.516949 4.524702 4.495770 4.469697 4.454545
6 4.530612 4.472176 4.496622 4.574614 4.543441 0.000000 4.515254 4.552137 4.521151 4.471380 4.498316
7 4.501695 4.470489 4.452703 4.516949 4.505085 4.518644 0.000000 4.201695 4.494078 4.474748 4.471380
8 4.474490 4.448566 4.435811 4.499146 4.483816 4.509402 4.157627 0.000000 4.467005 4.434343 4.446128
9 4.472081 4.462057 4.462838 3.624366 4.480541 4.485618 4.475465 4.489002 0.000000 4.456229 4.457912
10 4.439394 4.442761 4.429293 4.447812 4.449495 4.456229 4.442761 4.454545 4.437710 0.000000 4.444445
11 4.488215 4.462963 4.441077 4.489899 4.461279 4.496633 4.503367 4.494949 4.488215 4.473064 0.000000
