11
1 0.000000 0.607427 0.620690 0.575597 0.616402 0.575597 0.623342 0.619048 0.625995 0.635884 0.634921
2 0.607427 0.000000 0.583554 0.570292 0.566138 0.578249 0.625995 0.589947 0.591512 0.630607 0.605820
3 0.604775 0.575597 0.000000 0.564987 0.404762 0.559682 0.618037 0.476190 0.129973 0.588391 0.600529
4 0.575597 0.570292 0.575597 0.000000 0.582011 0.368700 0.618037 0.571429 0.591512 0.625330 0.558201
5 0.616402 0.566138 0.404762 0.582011 0.000000 0.568783 0.632275 0.500000 0.386243 0.604222 0.621693
6 0.572944 0.578249 0.567639 0.368700 0.568783 0.000000 0.602122 0.574074 0.580902 0.617414 0.563492
7 0.615385 0.620690 0.620690 0.607427 0.629630 0.599469 0.000000 0.619048 0.620690 0.649077 0.611111
8 0.600529 0.579365 0.478836 0.560847 0.500000 0.563492 0.616402 0.000000 0.497355 0.572559 0.597884
9 0.615385 0.583554 0.129973 0.586207 0.383598 0.572944 0.618037 0.500000 0.000000 0.601583 0.608466
10 0.627968 0.627968 0.593668 0.622691 0.596306 0.614776 0.649077 0.580475 0.601583 0.000000 0.633245
11 0.624339 0.603175 0.603175 0.552910 0.613757 0.552910 0.619048 0.600529 0.605820 0.630607 0.000000
