11
1 0.000000 24.543766 24.278515 22.888594 24.206348 22.564987 24.623343 24.235449 24.328913 24.817942 24.156084
2 24.546419 0.000000 23.472149 23.832891 23.394180 23.901857 24.769230 23.724867 23.511936 24.496042 24.613756
3 24.281168 23.458885 0.000000 23.538462 19.748676 23.498674 24.519894 21.468254 15.108753 23.833773 24.465609
4 22.875332 23.846153 23.530504 0.000000 23.494709 18.763926 24.058355 23.619047 23.586206 24.678101 22.216930
5 24.201057 23.388889 19.748676 23.478836 0.000000 23.441799 24.500000 21.230158 19.912699 23.659630 24.431217
6 22.543766 23.899204 23.493368 18.758621 23.449736 0.000000 24.124668 23.666666 23.506632 24.656992 22.571428
7 24.620689 24.761272 24.527851 24.061008 24.500000 24.137932 0.000000 24.621693 24.564987 25.052771 24.526455
8 24.230158 23.714285 21.457672 23.621693 21.224867 23.661375 24.626984 0.000000 21.671957 23.794195 24.526455
9 24.350132 23.501326 15.114058 23.610079 19.910053 23.527851 24.572945 21.687830 0.000000 23.941952 24.534391
10 24.823219 24.493404 23.828497 24.672823 23.662270 24.664907 25.050133 23.783642 23.926121 0.000000 25.013193
11 24.150793 24.621693 24.452381 22.224867 24.433863 22.579365 24.542328 24.531746 24.510582 25.021109 0.000000
