11
1 0.000000 9.003373 9.172297 9.221088 9.246598 9.149660 9.222034 9.195579 9.165821 9.136364 9.104377
2 9.106239 0.000000 8.866779 9.023609 8.924114 8.126475 8.981450 8.841484 8.124789 8.976431 8.804714
3 9.150338 8.733559 0.000000 8.775338 8.513514 8.810811 8.440878 8.108109 9.062500 9.062289 8.333333
4 9.232993 8.983136 8.679054 0.000000 7.621806 9.082333 7.054237 8.133333 9.137055 9.111111 8.129630
5 9.255102 8.807757 8.508446 7.660988 0.000000 8.880750 7.286441 7.986372 9.094754 9.129630 7.984848
6 9.163265 7.952783 8.707770 9.048027 8.843271 0.000000 8.918644 8.700854 8.668359 8.589226 8.654882
7 9.230509 8.816189 8.425675 7.055932 7.283051 8.805085 0.000000 7.888135 9.084602 9.134680 7.989899
8 9.173470 8.645868 8.062500 8.044444 7.909710 8.666667 7.988136 0.000000 9.054146 9.092592 7.308081
9 9.103215 7.836425 9.037162 9.118443 9.065989 8.752961 9.079526 9.027073 0.000000 9.082492 8.919192
10 9.180135 9.030303 9.087543 9.166667 9.158249 8.823233 9.156566 9.134680 9.151515 0.000000 9.139730
11 9.109427 8.786196 8.361953 8.279461 8.053872 8.828282 7.957912 7.420876 9.050505 9.070707 0.000000
