11
1 0.000000 0.628141 0.624060 0.633166 0.623116 0.630653 0.630653 0.625628 0.620603 0.625000 0.620000
2 0.625628 0.000000 0.609023 0.618090 0.610553 0.620603 0.608040 0.605528 0.605528 0.615000 0.595000
3 0.626566 0.606516 0.000000 0.611529 0.428571 0.616541 0.619048 0.496241 0.621554 0.557500 0.607500
4 0.635678 0.620603 0.614035 0.000000 0.605528 0.635678 0.633166 0.613065 0.623116 0.607500 0.620000
5 0.618090 0.610553 0.426065 0.605528 0.000000 0.620603 0.623116 0.515075 0.618090 0.522500 0.602500
6 0.630653 0.620603 0.619048 0.633166 0.625628 0.000000 0.502513 0.613065 0.615578 0.622500 0.610000
7 0.633166 0.608040 0.621554 0.630653 0.625628 0.500000 0.000000 0.603015 0.613065 0.622500 0.607500
8 0.623116 0.600502 0.496241 0.608040 0.517588 0.608040 0.603015 0.000000 0.610553 0.567500 0.600000
9 0.620603 0.603015 0.619048 0.620603 0.615578 0.613065 0.615578 0.608040 0.000000 0.620000 0.587500
10 0.620000 0.612500 0.550000 0.602500 0.517500 0.620000 0.622500 0.567500 0.622500 0.000000 0.600000
11 0.622500 0.595000 0.615000 0.622500 0.610000 0.615000 0.607500 0.600000 0.592500 0.607500 0.000000
