11
1 0.000000 13.812817 13.405405 13.715986 13.472789 13.522109 13.208474 13.508503 13.360406 13.594276 14.239058
2 13.726812 0.000000 13.082631 13.502529 13.328836 12.603710 13.075886 12.328836 12.893761 13.505051 14.232324
3 13.315878 13.032041 0.000000 13.146959 12.875000 12.618243 12.614865 12.643581 11.589527 13.106061 14.047138
4 13.748300 13.536257 13.206081 0.000000 13.136286 13.389365 12.842373 13.547009 12.996616 13.274411 13.649832
5 13.552721 13.397976 12.912162 13.080069 0.000000 13.132879 11.959322 13.129472 12.744501 12.314815 13.823233
6 13.532313 12.602024 12.636825 13.475128 13.134583 0.000000 12.808475 12.358974 12.494078 13.163300 14.106061
7 13.188135 13.133221 12.673986 12.754237 11.988135 12.755932 0.000000 12.879661 12.456853 12.311448 13.574074
8 13.520409 12.370995 12.712838 13.471795 13.180579 12.384615 12.920339 0.000000 12.546532 13.250842 14.089226
9 13.199661 12.866779 11.584459 12.981387 12.719120 12.458545 12.467005 12.480541 0.000000 12.838384 13.821548
10 13.626263 13.511785 13.043771 13.260942 12.321548 13.104377 12.279461 13.260942 12.880471 0.000000 14.003367
11 14.186869 14.247475 13.952862 13.675084 13.789562 13.942760 13.537037 14.067340 13.710438 13.853536 0.000000
