11
1 0.000000 5.687003 5.647215 5.511936 5.521164 5.649868 5.665782 5.656085 5.509284 5.641161 5.497355
2 5.665782 0.000000 3.793103 4.225464 4.505291 4.055703 3.960212 3.989418 4.352785 3.569921 4.232804
3 5.641910 3.793103 0.000000 4.013263 4.365079 3.883289 3.854111 3.828042 4.153846 3.408971 4.021164
4 5.496021 4.225464 4.010610 0.000000 3.603175 3.915119 4.225464 4.253968 3.310345 3.973615 2.857143
5 5.507936 4.505291 4.362434 3.603175 0.000000 4.312169 4.515873 4.544973 3.238095 4.282322 3.608466
6 5.644562 4.055703 3.883289 3.915119 4.314815 0.000000 4.005305 4.068783 4.092838 3.831135 3.915344
7 5.665782 3.962865 3.854111 4.228117 4.518518 4.005305 0.000000 3.767196 4.355438 3.720317 4.240741
8 5.653439 3.992064 3.828042 4.256614 4.544973 4.068783 3.767196 0.000000 4.402116 3.733509 4.272487
9 5.501326 4.355438 4.156499 3.310345 3.240741 4.095491 4.358090 4.402116 0.000000 4.081794 3.309524
10 5.635884 3.569921 3.406332 3.973615 4.282322 3.828496 3.720317 3.733509 4.079155 0.000000 3.986807
11 5.484127 4.235450 4.021164 2.857143 3.608466 3.915344 4.240741 4.272487 3.309524 3.986807 0.000000
