11
1 0.000000 16.028667 16.168919 16.226191 16.221088 16.156462 16.096611 15.891156 15.495770 16.306396 15.469697
2 16.018549 0.000000 15.060708 14.946037 13.335582 14.998314 13.338955 14.618887 14.104553 15.851851 13.986532
3 16.152027 15.138280 0.000000 13.724662 14.986486 13.961148 14.829391 14.616554 14.300675 16.286196 14.409091
4 16.229591 14.880270 13.704391 0.000000 15.143101 14.104631 14.767797 14.323077 14.155668 16.217173 14.232324
5 16.205782 13.360877 15.092905 15.120954 0.000000 14.948893 12.906779 14.485519 13.932318 15.981482 13.860270
6 16.227892 15.145025 13.994932 14.174957 15.051107 0.000000 14.852542 14.324786 14.319797 16.239058 14.271044
7 16.159323 13.411468 14.788852 14.791526 12.983051 14.791526 0.000000 14.425424 13.934011 16.063972 13.824916
8 15.952381 14.814503 14.540541 14.425641 14.712095 14.331624 14.469492 0.000000 13.923858 15.880471 13.673401
9 15.529611 14.114671 14.356419 14.196278 14.003384 14.397631 13.901861 13.840947 0.000000 15.582492 10.937711
10 16.249159 15.929293 16.255892 16.198652 16.050505 16.154882 15.910774 15.776094 15.538720 0.000000 15.601010
11 15.474748 14.074074 14.239058 14.163300 13.799664 14.329967 13.779461 13.661616 10.959596 15.661616 0.000000
