11
1 0.000000 0.570352 0.573935 0.540201 0.572864 0.537688 0.590452 0.577889 0.580402 0.602500 0.590000
2 0.565327 0.000000 0.546366 0.537688 0.532663 0.545226 0.592965 0.555276 0.550251 0.592500 0.570000
3 0.571429 0.546366 0.000000 0.538847 0.388471 0.536341 0.588972 0.456140 0.125313 0.560000 0.570000
4 0.540201 0.540201 0.541353 0.000000 0.547739 0.351759 0.585427 0.540201 0.550251 0.595000 0.525000
5 0.575377 0.540201 0.388471 0.547739 0.000000 0.535176 0.597990 0.477387 0.371859 0.570000 0.585000
6 0.537688 0.547739 0.538847 0.349246 0.535176 0.000000 0.575377 0.537688 0.547739 0.590000 0.522500
7 0.585427 0.587940 0.586466 0.580402 0.595477 0.570352 0.000000 0.582915 0.587940 0.615000 0.585000
8 0.575377 0.557789 0.458647 0.542714 0.472362 0.540201 0.582915 0.000000 0.477387 0.560000 0.567500
9 0.575377 0.547739 0.125313 0.550251 0.369347 0.542714 0.590452 0.477387 0.000000 0.567500 0.575000
10 0.600000 0.597500 0.567500 0.597500 0.570000 0.590000 0.617500 0.562500 0.570000 0.000000 0.605000
11 0.587500 0.572500 0.572500 0.527500 0.585000 0.525000 0.585000 0.570000 0.575000 0.605000 0.000000
