11
1 0.000000 124.027641 123.649124 123.791458 123.379395 123.876884 123.326630 123.444725 123.849243 122.767502 123.387497
2 123.929649 0.000000 120.177948 123.751259 123.585426 123.964821 123.728645 123.567841 124.077888 123.055000 119.837502
3 123.511276 120.135338 0.000000 123.458649 123.192986 123.593987 123.393486 123.180450 123.729324 122.980003 116.977501
4 123.766335 123.811562 123.563911 0.000000 122.339195 123.640701 123.592964 122.653267 123.831657 122.727501 123.209999
5 123.304024 123.597992 123.228073 122.246231 0.000000 123.467339 123.105530 118.206032 123.628143 122.207497 122.942497
6 123.826630 123.992462 123.671677 123.595474 123.535179 0.000000 123.605530 123.613068 117.979897 122.847504 123.327499
7 123.293968 123.773872 123.498749 123.557793 123.180908 123.633163 0.000000 123.276382 123.545227 120.877502 123.212502
8 123.437187 123.643219 123.275688 122.673370 118.266335 123.660805 123.271355 0.000000 123.663315 122.537498 122.955002
9 123.967339 124.311562 124.037598 124.010048 123.851761 118.077888 123.698494 123.811562 0.000000 123.080002 123.637497
10 122.754997 123.147499 123.122498 122.767502 122.332497 122.892502 120.925003 122.544998 122.957497 0.000000 123.154999
11 123.347504 119.875000 117.055000 123.180000 123.012497 123.372498 123.220001 122.949997 123.519997 123.125000 0.000000
