11
1 0.000000 0.527851 0.503979 0.458886 0.526455 0.453581 0.453581 0.468254 0.490716 0.540897 0.486772
2 0.525199 0.000000 0.530504 0.464191 0.473545 0.503979 0.448276 0.462963 0.368700 0.527704 0.505291
3 0.509284 0.530504 0.000000 0.427056 0.513228 0.363395 0.445623 0.428571 0.517241 0.503958 0.500000
4 0.458886 0.464191 0.429708 0.000000 0.431217 0.368700 0.307692 0.161376 0.408488 0.456464 0.388889
5 0.523810 0.473545 0.515873 0.431217 0.000000 0.465608 0.428571 0.439153 0.433862 0.490765 0.470899
6 0.453581 0.503979 0.366048 0.368700 0.465608 0.000000 0.366048 0.386243 0.408488 0.461741 0.420635
7 0.450928 0.448276 0.437666 0.305040 0.425926 0.363395 0.000000 0.312169 0.421751 0.464380 0.328042
8 0.468254 0.462963 0.431217 0.161376 0.439153 0.388889 0.317460 0.000000 0.428571 0.464380 0.415344
9 0.490716 0.368700 0.517241 0.408488 0.433862 0.411141 0.424403 0.428571 0.000000 0.498681 0.481481
10 0.543536 0.527704 0.503958 0.453826 0.488127 0.461741 0.464380 0.461741 0.496042 0.000000 0.493404
11 0.489418 0.513228 0.500000 0.388889 0.470899 0.423280 0.330688 0.412698 0.481481 0.493404 0.000000
