11
1 0.000000 129.697617 129.832886 129.814331 129.576721 129.814331 129.689651 129.269836 129.875336 129.160950 129.513229
2 129.684357 0.000000 126.771881 122.312996 126.169312 126.533157 123.816978 102.873016 126.233421 125.957787 126.208992
3 129.838196 126.777191 0.000000 126.580902 122.859787 122.416443 126.729446 126.103172 122.811668 121.432716 121.753967
4 129.824936 122.334221 126.575600 0.000000 126.145500 126.596817 123.801064 121.354500 126.281166 125.622688 126.232803
5 129.584656 126.190475 122.851852 126.169312 0.000000 122.949738 126.248680 125.828041 116.166664 122.670181 122.664024
6 129.816971 126.538460 122.395226 126.604774 122.957672 0.000000 126.599472 125.862434 123.196289 120.403694 117.248680
7 129.692307 123.795753 126.713531 123.809021 126.240738 126.594162 0.000000 123.052910 126.347481 125.970978 126.256615
8 129.261902 102.873016 126.084656 121.343918 125.820107 125.859787 123.060844 0.000000 125.666664 125.451187 125.883598
9 129.888596 126.257294 122.814323 126.281166 116.166664 123.164459 126.339523 125.679893 0.000000 122.715042 122.121696
10 129.163589 125.970978 121.403694 125.609497 122.643799 120.414246 125.984169 125.459106 122.709763 0.000000 120.250656
11 129.500000 126.203705 121.756615 126.238098 122.648148 117.224869 126.275131 125.880951 122.132278 120.253296 0.000000
