11
1 0.000000 218.233673 212.518799 215.002518 219.675873 215.902008 220.276382 213.123123 219.952255 215.217499 216.005005
2 218.216080 0.000000 201.097748 203.768845 169.075378 205.907028 177.118088 201.391953 192.442215 205.232498 206.684998
3 212.370926 201.027573 0.000000 179.030075 204.135345 182.090225 204.619049 148.095245 204.162903 182.304993 199.559998
4 214.859299 203.690948 179.000000 0.000000 206.505020 186.638184 207.005020 179.045227 206.670853 186.240005 202.217499
5 219.658295 169.123123 204.248123 206.620605 0.000000 208.449753 182.336685 204.608047 196.809052 207.507507 209.009995
6 215.806534 205.889450 182.145370 186.716080 208.472366 0.000000 209.253769 182.979904 208.718597 176.585007 203.512497
7 220.278900 177.135681 204.709274 207.135681 182.326630 209.261307 0.000000 204.881912 198.520096 208.507507 209.824997
8 213.082916 201.474869 148.250626 179.226135 204.660797 183.090454 204.942215 0.000000 204.638184 182.699997 199.837494
9 219.866837 192.391953 204.187973 206.693466 196.721100 208.663315 198.422104 204.497482 0.000000 207.789993 209.262497
10 215.259995 205.322495 182.449997 186.389999 207.527496 176.662506 208.570007 182.692505 207.914993 0.000000 203.962494
11 215.942505 206.697495 199.667496 202.365005 208.985001 203.532501 209.830002 199.774994 209.342499 203.912506 0.000000
