11
1 0.000000 117.691399 115.940880 117.399658 119.287415 117.869049 119.266098 116.585037 118.751266 116.540405 117.370369
2 117.696457 0.000000 110.672852 111.534569 102.360878 112.077568 104.060707 110.696457 108.352448 112.112793 112.734009
3 115.739868 110.613831 0.000000 104.679054 111.854729 105.447632 112.104729 97.706078 112.111488 105.247475 110.484848
4 117.517006 111.738617 104.873314 0.000000 113.921638 108.403084 113.554237 106.080345 113.318108 106.670036 111.691917
5 119.428574 102.384483 112.013512 113.851791 0.000000 114.321976 106.035591 112.989777 110.087990 113.151512 113.850166
6 117.982994 112.198990 105.660477 108.447685 114.342422 0.000000 114.113556 106.950424 113.719124 104.153198 112.131310
7 119.335594 104.166946 112.271957 113.596611 106.074577 114.013557 0.000000 112.611862 110.592216 113.419189 114.089226
8 116.596939 110.679596 97.780403 105.957268 112.899490 106.825638 112.601692 0.000000 112.417938 105.326599 110.612793
9 118.989845 108.404724 112.194260 113.226738 110.042305 113.653130 110.532997 112.384094 0.000000 113.191917 114.097641
10 116.656563 112.213806 105.489899 106.712120 113.176765 104.191917 113.479797 105.478111 113.407410 0.000000 112.183502
11 117.289566 112.658249 110.580811 111.570709 113.670036 111.882156 113.994949 110.653198 114.151512 112.033669 0.000000
