11
1 0.000000 5.663317 5.636591 5.660804 5.638191 5.668342 5.650754 5.645729 5.648241 5.637500 5.632500
2 5.650754 0.000000 5.601504 5.638191 5.364322 5.163317 5.610553 5.135678 5.625628 5.612500 5.597500
3 5.634085 5.616541 0.000000 4.989975 5.571429 5.629073 5.513784 5.598998 5.536341 5.567500 5.377500
4 5.653266 5.648241 4.987469 0.000000 5.608040 5.643216 5.537688 5.623116 5.555276 5.580000 5.417500
5 5.618091 5.369347 5.571429 5.600502 0.000000 5.384422 5.577889 5.369347 5.582914 5.595000 5.555000
6 5.653266 5.170854 5.624060 5.640704 5.391960 0.000000 5.640704 5.128141 5.638191 5.640000 5.617500
7 5.640704 5.618091 5.513784 5.537688 5.585427 5.650754 0.000000 5.628141 5.060301 5.562500 5.500000
8 5.643216 5.143216 5.588973 5.620603 5.366834 5.130653 5.620603 0.000000 5.625628 5.622500 5.607500
9 5.645729 5.615578 5.533834 5.562814 5.585427 5.645729 5.062814 5.620603 0.000000 5.580000 5.482500
10 5.637500 5.622500 5.575000 5.585000 5.610000 5.640000 5.547500 5.622500 5.577500 0.000000 5.555000
11 5.627500 5.607500 5.382500 5.412500 5.567500 5.620000 5.507500 5.617500 5.507500 5.555000 0.000000
