11
1 0.000000 221.781403 220.210526 222.572861 221.286438 220.756287 221.698486 221.500000 220.140701 221.677505 220.912506
2 221.575378 0.000000 209.829575 218.610550 176.582916 210.379395 217.788940 202.497482 215.836685 217.625000 213.607498
3 220.170425 209.952377 0.000000 217.117798 208.756897 189.395996 215.573929 209.456146 213.907272 217.182495 212.740005
4 222.384415 218.592972 216.939850 0.000000 217.804016 217.592972 191.587936 218.836685 212.605530 215.054993 218.517502
5 221.165833 176.683411 208.731827 217.932159 0.000000 209.386932 216.997482 200.839203 214.733673 216.977493 212.854996
6 220.675873 210.469849 189.323303 217.650757 209.311554 0.000000 216.500000 209.675873 214.851761 217.037506 212.652496
7 221.670853 217.969849 215.593979 191.733673 217.100510 216.618088 0.000000 217.839203 211.163315 214.107498 217.675003
8 221.412064 202.585434 209.395996 218.942215 200.844223 209.683411 217.726135 0.000000 215.633163 217.794998 213.539993
9 220.017593 215.912064 213.849625 212.673370 214.685928 214.851761 211.072861 215.658295 0.000000 202.300003 214.875000
10 221.817505 217.945007 217.362503 215.382507 217.184998 217.324997 214.244995 218.070007 202.479996 0.000000 218.432495
11 220.904999 213.782501 212.789993 218.702499 212.907501 212.777496 217.675003 213.554993 214.955002 218.255005 0.000000
