11
1 0.000000 4.313659 4.317567 4.428571 4.294218 4.311224 4.247458 4.414966 4.307952 4.316498 4.368687
2 4.284992 0.000000 4.096121 4.310287 4.096121 3.944351 4.151771 4.271501 4.118044 4.218855 4.186869
3 4.300676 4.101181 0.000000 4.209459 3.944257 3.891892 3.854730 4.206081 3.841216 3.700337 3.814815
4 4.418367 4.308600 4.190878 0.000000 4.201022 4.180103 4.249153 4.345299 4.280880 4.264310 4.301347
5 4.292517 4.089376 4.008446 4.185690 0.000000 3.664395 4.020339 4.158432 3.979695 4.070707 4.085859
6 4.251701 3.920742 3.814189 4.152658 3.671210 0.000000 3.894915 4.102564 3.846024 3.855219 4.069024
7 4.223729 4.146712 3.773649 4.259322 4.010170 3.893220 0.000000 4.252542 2.915398 3.927609 3.981482
8 4.414966 4.279932 4.206081 4.338461 4.216354 4.075214 4.230508 0.000000 4.196278 4.296296 4.292929
9 4.292724 4.143339 3.917230 4.279188 3.971235 3.883249 2.910321 4.253807 0.000000 3.946128 3.968014
10 4.345118 4.247475 3.668350 4.289562 4.097643 3.819865 3.930976 4.240741 3.848485 0.000000 3.415825
11 4.356902 4.185185 3.801347 4.321549 4.094276 4.095960 4.016835 4.289562 3.941077 3.447811 0.000000
