11
1 0.000000 5.645729 5.636591 5.640704 5.668342 5.668342 5.648241 5.635678 5.648241 5.640000 5.615000
2 5.650754 0.000000 5.516291 5.334171 5.494975 5.545226 5.417086 4.605527 5.512563 5.530000 5.492500
3 5.651629 5.516291 0.000000 5.516291 5.295739 5.325815 5.508772 5.531328 5.360902 5.365000 5.347500
4 5.648241 5.331658 5.516291 0.000000 5.525126 5.505025 5.437186 5.366834 5.500000 5.515000 5.490000
5 5.668342 5.479899 5.298245 5.512563 0.000000 5.326633 5.482412 5.487437 5.062814 5.330000 5.330000
6 5.668342 5.555276 5.325815 5.497488 5.324121 0.000000 5.527638 5.552764 5.356784 5.310000 5.122500
7 5.645729 5.407035 5.501253 5.429648 5.479899 5.522613 0.000000 5.419598 5.502512 5.485000 5.480000
8 5.638191 4.600502 5.528822 5.366834 5.492462 5.562814 5.424623 0.000000 5.515075 5.532500 5.522500
9 5.653266 5.494975 5.358396 5.497488 5.065327 5.349246 5.497488 5.512563 0.000000 5.287500 5.312500
10 5.645000 5.520000 5.352500 5.510000 5.335000 5.302500 5.495000 5.527500 5.287500 0.000000 5.240000
11 5.612500 5.505000 5.347500 5.490000 5.342500 5.120000 5.490000 5.522500 5.325000 5.245000 0.000000
