11
1 0.000000 22.053051 22.344828 22.100796 22.275133 22.188330 22.050398 22.015873 22.366047 22.171503 22.322752
2 22.061008 0.000000 18.374004 19.660477 19.693121 19.705570 15.920424 17.986773 20.047745 21.208443 18.481482
3 22.358089 18.374004 0.000000 19.737400 19.894180 19.938992 18.334217 17.222221 20.053051 21.403694 17.886244
4 22.098143 19.652519 19.732096 0.000000 19.820107 18.034483 19.649868 19.396826 20.018568 21.374670 19.997355
5 22.277779 19.687830 19.896826 19.825397 0.000000 20.023809 19.629629 19.626984 20.322752 21.430079 20.166666
6 22.201591 19.700266 19.938992 18.039787 20.023809 0.000000 19.758621 19.592592 20.185677 21.548813 20.058201
7 22.058355 15.917772 18.331566 19.657825 19.632275 19.761272 0.000000 18.007936 19.909815 21.131926 18.410053
8 22.031746 17.984127 17.222221 19.402117 19.629629 19.595238 18.010582 0.000000 19.891535 21.292875 17.716930
9 22.363396 20.042440 20.055702 20.018568 20.317461 20.180372 19.904509 19.888889 0.000000 21.548813 20.235449
10 22.174143 21.200527 21.411610 21.387863 21.437994 21.559366 21.134565 21.303431 21.535620 0.000000 21.464380
11 22.341270 18.478836 17.888889 20.007936 20.158730 20.060846 18.412699 17.719576 20.235449 21.469658 0.000000
