11
1 0.000000 246.462311 246.827072 247.613068 245.839203 246.592972 247.643219 246.354279 247.703522 246.502502 246.375000
2 246.233673 0.000000 244.994980 245.894470 231.934677 219.148239 246.180908 218.288940 246.402008 245.464996 244.449997
3 246.531326 244.974930 0.000000 215.568924 243.754379 245.037598 239.766922 245.085220 240.273178 241.675003 231.877502
4 247.344223 245.864319 215.614029 0.000000 244.874374 245.929642 241.047745 245.962311 241.670853 241.945007 233.460007
5 245.620605 231.937180 243.829575 244.904526 0.000000 231.989944 245.396988 232.042709 245.515076 244.774994 243.317505
6 246.309052 219.113068 245.007523 245.889450 231.944717 0.000000 246.173370 219.271362 246.351761 245.699997 244.437500
7 247.396988 246.223618 239.809525 241.055283 245.414566 246.221100 0.000000 246.213562 217.386932 242.630005 239.695007
8 246.042709 218.248749 245.077698 245.909546 232.000000 219.271362 246.118088 0.000000 246.097992 245.547501 244.372498
9 247.469849 246.414566 240.416046 241.685928 245.502518 246.419601 217.427139 246.206024 0.000000 242.522507 240.210007
10 246.347504 245.567505 241.807495 242.067505 244.845001 245.809998 242.669998 245.725006 242.600006 0.000000 241.929993
11 246.087494 244.419998 231.892502 233.432495 243.289993 244.470001 239.669998 244.412506 240.227493 241.772507 0.000000
