11
1 0.000000 0.665783 0.665783 0.668435 0.664021 0.668435 0.665783 0.664021 0.668435 0.664908 0.661376
2 0.655172 0.000000 0.620690 0.628647 0.608466 0.599469 0.607427 0.608466 0.633952 0.633245 0.621693
3 0.657825 0.615385 0.000000 0.623342 0.505291 0.588859 0.599469 0.592593 0.631300 0.627968 0.595238
4 0.657825 0.636605 0.636605 0.000000 0.626984 0.578249 0.596817 0.595238 0.631300 0.625330 0.595238
5 0.656085 0.611111 0.507937 0.621693 0.000000 0.576720 0.597884 0.595238 0.624339 0.614776 0.605820
6 0.663130 0.604775 0.599469 0.570292 0.579365 0.000000 0.461538 0.481481 0.628647 0.617414 0.505291
7 0.665783 0.618037 0.615385 0.602122 0.600529 0.461538 0.000000 0.248677 0.610080 0.612137 0.362434
8 0.658730 0.611111 0.600529 0.592593 0.595238 0.481481 0.248677 0.000000 0.616402 0.606860 0.394180
9 0.668435 0.631300 0.633952 0.633952 0.626984 0.625995 0.604775 0.613757 0.000000 0.556728 0.619048
10 0.664908 0.630607 0.627968 0.625330 0.612137 0.612137 0.604222 0.604222 0.556728 0.000000 0.604222
11 0.664021 0.632275 0.616402 0.595238 0.608466 0.507937 0.365079 0.396825 0.624339 0.609499 0.000000
