11
1 0.000000 116.507591 118.005066 116.965988 116.801018 118.151360 117.871185 116.593536 118.837563 119.767677 117.868690
2 116.554810 0.000000 102.924118 102.175377 107.672852 101.330521 99.263069 107.510963 101.462059 105.981483 102.981483
3 118.003380 102.817879 0.000000 104.738174 109.623314 101.312500 104.434120 109.545609 106.243240 107.765991 105.047134
4 116.848640 102.165260 104.766891 0.000000 108.137993 105.108063 104.066101 108.280342 105.883247 107.316498 104.621216
5 116.656464 107.723442 109.746620 108.211243 0.000000 109.810905 109.508476 100.074959 110.854485 111.843437 109.501686
6 118.309525 101.359192 101.457771 105.157806 109.781944 0.000000 103.477966 109.914528 105.269035 106.771042 103.978111
7 117.716949 99.128159 104.380066 103.984749 109.284744 103.320335 0.000000 109.133896 103.394249 107.144783 104.338387
8 116.573128 107.593590 109.613174 108.377777 100.054512 109.977776 109.318642 0.000000 110.727577 111.636360 109.345116
9 119.038918 101.499153 106.402023 105.945854 110.807106 105.284264 103.587143 110.730965 0.000000 109.089226 106.373741
10 119.853539 106.089226 107.829964 107.380470 111.900673 106.811447 107.331650 111.663300 109.063972 0.000000 106.683502
11 117.690239 102.904037 105.077438 104.553871 109.398987 103.843437 104.425926 109.237373 106.264313 106.526939 0.000000
