11
1 0.000000 0.620603 0.619048 0.618090 0.620603 0.613065 0.625628 0.613065 0.613065 0.620000 0.617500
2 0.623116 0.000000 0.624060 0.623116 0.555276 0.615578 0.625628 0.623116 0.615578 0.587500 0.620000
3 0.619048 0.629073 0.000000 0.626566 0.631579 0.624060 0.629073 0.596491 0.619048 0.632500 0.622500
4 0.613065 0.623116 0.626566 0.000000 0.608040 0.613065 0.613065 0.618090 0.600502 0.622500 0.607500
5 0.623116 0.555276 0.629073 0.610553 0.000000 0.610553 0.630653 0.625628 0.610553 0.600000 0.630000
6 0.610553 0.618090 0.616541 0.615578 0.613065 0.000000 0.605528 0.613065 0.613065 0.615000 0.600000
7 0.625628 0.625628 0.621554 0.618090 0.633166 0.608040 0.000000 0.615578 0.620603 0.627500 0.622500
8 0.613065 0.623116 0.596491 0.623116 0.623116 0.613065 0.613065 0.000000 0.620603 0.627500 0.620000
9 0.618090 0.613065 0.619048 0.605528 0.613065 0.610553 0.625628 0.618090 0.000000 0.617500 0.617500
10 0.625000 0.587500 0.632500 0.625000 0.597500 0.620000 0.625000 0.625000 0.617500 0.000000 0.620000
11 0.620000 0.620000 0.622500 0.612500 0.622500 0.600000 0.622500 0.620000 0.615000 0.615000 0.000000
