11
1 0.000000 166.010117 169.388519 169.482986 173.498306 169.144562 169.040680 170.586731 170.614212 167.308075 167.786194
2 166.249573 0.000000 152.077576 148.532883 159.529510 150.814499 151.301849 152.607086 152.261383 150.656570 147.875427
3 169.153717 152.025299 0.000000 154.939194 163.709457 155.594589 157.113174 157.832764 144.347977 155.299667 154.080811
4 169.981293 149.060715 155.584457 0.000000 164.114136 156.413376 155.642380 158.762390 156.786804 153.350174 131.887207
5 173.302719 159.760544 164.076019 163.034073 0.000000 156.148209 155.569489 156.787048 163.172592 154.335022 161.356903
6 169.879257 150.554810 155.731415 155.789017 156.313461 0.000000 131.130508 149.317947 156.407776 128.803024 152.639725
7 170.025421 151.934235 158.182434 157.066101 157.810165 131.416946 0.000000 149.198303 159.304565 119.617844 154.993271
8 171.741501 153.521072 157.704391 158.003418 156.207840 149.353851 148.942368 0.000000 157.769882 147.117844 155.777771
9 170.164124 152.426651 144.030411 155.878174 164.071060 156.071060 156.956009 158.086288 0.000000 155.286194 154.203705
10 168.569031 150.643097 155.730637 153.661621 155.090912 128.804718 119.446129 147.303024 155.673401 0.000000 153.198654
11 167.698654 148.097641 154.799667 132.084167 161.789566 153.067337 154.484848 155.234009 153.929291 152.602692 0.000000
