11
1 0.000000 129.957565 129.803711 129.381958 129.544968 129.209549 129.244034 129.195770 129.602127 129.124008 129.632278
2 129.941650 0.000000 129.928375 128.416443 121.529099 128.872681 129.153839 129.227509 128.851456 122.182060 129.341263
3 129.811676 129.920425 0.000000 128.663132 129.523804 129.164459 127.347481 125.931213 129.310349 129.007919 129.597885
4 129.371353 128.421753 128.633957 0.000000 128.362427 126.575600 127.769234 127.902115 127.135277 127.430077 127.992065
5 129.566132 121.568787 129.531754 128.375656 0.000000 128.489410 128.907410 129.296295 128.642853 122.707123 129.296295
6 129.193634 128.896545 129.161804 126.594162 128.465607 0.000000 127.811668 128.240738 127.716179 127.664909 127.730156
7 129.238724 129.153839 127.336868 127.761276 128.907410 127.811668 0.000000 125.965607 128.437668 128.131927 128.849213
8 129.177246 129.243393 125.939156 127.936508 129.293655 128.235443 125.976189 0.000000 128.494705 128.559372 129.269836
9 129.607422 128.846161 129.313004 127.140587 128.637573 127.721489 128.435013 128.486771 0.000000 127.749344 128.399475
10 129.131927 122.211082 129.026382 127.430077 122.709763 127.691292 128.139847 128.554092 127.738785 0.000000 128.635880
11 129.629623 129.333328 129.592590 128.000000 129.293655 127.711639 128.854492 129.267197 128.399475 128.630600 0.000000
