11
1 0.000000 12.623343 12.628647 12.628647 12.595238 12.628647 12.625995 12.584656 12.623343 12.564644 12.584656
2 12.623343 0.000000 12.562334 12.625995 12.568783 12.591512 12.588860 12.542328 12.570292 12.540897 12.587301
3 12.628647 12.559682 0.000000 12.631300 12.587301 12.604774 12.583554 12.568783 12.578249 12.538259 12.542328
4 12.625995 12.623343 12.628647 0.000000 12.253968 12.607427 12.607427 12.589947 12.620689 12.548813 12.568783
5 12.592592 12.574074 12.579365 12.253968 0.000000 12.579365 12.582010 12.579365 12.592592 12.554090 12.582010
6 12.641910 12.594165 12.607427 12.610080 12.574074 0.000000 12.530504 12.547619 12.604774 12.519789 12.510582
7 12.625995 12.596817 12.578249 12.612732 12.579365 12.527851 0.000000 12.547619 12.602122 12.525066 12.489418
8 12.592592 12.542328 12.574074 12.589947 12.587301 12.552910 12.537037 0.000000 12.589947 12.379948 12.481482
9 12.623343 12.572945 12.575597 12.618037 12.584656 12.599469 12.596817 12.582010 0.000000 12.554090 12.582010
10 12.567283 12.540897 12.543535 12.556728 12.554090 12.522428 12.522428 12.377309 12.559367 0.000000 12.480211
11 12.589947 12.579365 12.558201 12.568783 12.587301 12.507936 12.500000 12.500000 12.592592 12.480211 0.000000
