11
1 0.000000 3.932546 3.900338 4.093537 3.986395 3.994898 3.862712 3.955782 4.071066 4.055555 3.681818
2 3.858347 0.000000 3.399663 3.613828 3.497470 3.551433 3.720068 3.546374 3.494098 3.498317 3.441077
3 3.888514 3.438449 0.000000 3.467906 3.288851 3.413851 3.498311 3.364865 3.525338 3.528620 2.629630
4 4.108843 3.652614 3.439189 0.000000 2.989779 3.698113 3.766102 3.642735 3.868020 3.883838 3.393939
5 3.960884 3.482293 3.255068 2.981261 0.000000 3.451448 3.552542 3.442930 3.666667 3.651515 3.264310
6 4.020408 3.583474 3.415540 3.754717 3.511073 0.000000 3.406780 2.849573 3.695431 3.786195 3.407408
7 3.820339 3.659359 3.520270 3.806780 3.518644 3.457627 0.000000 3.374576 3.686971 3.853535 3.449495
8 3.954082 3.593592 3.383446 3.618804 3.437819 2.858120 3.386441 0.000000 3.670051 3.627946 3.382155
9 4.164129 3.490725 3.508446 3.866328 3.715736 3.664975 3.702200 3.710660 0.000000 2.831650 3.558923
10 4.045455 3.515152 3.558923 3.951179 3.646465 3.816498 3.782828 3.686869 2.843434 0.000000 3.604377
11 3.712121 3.414141 2.622896 3.420875 3.281145 3.383838 3.454545 3.353535 3.570707 3.641414 0.000000
