11
1 0.000000 0.399497 0.380952 0.381910 0.336683 0.386935 0.334171 0.402010 0.346734 0.347500 0.357500
2 0.402010 0.000000 0.368421 0.153266 0.341709 0.384422 0.329146 0.422111 0.354271 0.362500 0.345000
3 0.383459 0.368421 0.000000 0.348371 0.260652 0.388471 0.323308 0.408521 0.230576 0.265000 0.320000
4 0.384422 0.153266 0.343358 0.000000 0.316583 0.344221 0.293970 0.407035 0.326633 0.332500 0.350000
5 0.336683 0.344221 0.258145 0.319095 0.000000 0.359296 0.266332 0.379397 0.193467 0.207500 0.275000
6 0.386935 0.379397 0.385965 0.344221 0.356784 0.000000 0.336683 0.422111 0.366834 0.365000 0.407500
7 0.331658 0.326633 0.320802 0.291457 0.268844 0.336683 0.000000 0.351759 0.276382 0.282500 0.325000
8 0.402010 0.422111 0.406015 0.404523 0.379397 0.422111 0.351759 0.000000 0.389447 0.395000 0.412500
9 0.346734 0.354271 0.228070 0.329146 0.193467 0.369347 0.278894 0.389447 0.000000 0.152500 0.277500
10 0.347500 0.360000 0.265000 0.330000 0.207500 0.365000 0.282500 0.395000 0.152500 0.000000 0.282500
11 0.362500 0.345000 0.320000 0.347500 0.275000 0.410000 0.327500 0.415000 0.277500 0.282500 0.000000
