11
1 0.000000 23.289125 23.206896 23.079576 22.941799 23.493368 23.092838 23.216930 23.220160 23.124010 23.248676
2 23.286472 0.000000 16.663130 21.732096 19.304234 22.644562 21.572945 19.886244 21.734749 22.042217 19.378307
3 23.201591 16.663130 0.000000 21.774536 19.277779 22.503979 21.594164 19.941799 21.819628 21.997362 19.177248
4 23.063660 21.729443 21.777189 0.000000 21.235449 22.551723 19.636604 21.708994 20.013262 21.897099 21.814816
5 22.941799 19.293652 19.259260 21.240740 0.000000 22.267197 21.005291 19.531746 21.333334 21.717678 19.375662
6 23.490717 22.633953 22.514589 22.567638 22.269842 0.000000 22.517241 22.534391 22.647215 20.641161 22.624338
7 23.100796 21.570292 21.591513 19.641911 21.013227 22.514589 0.000000 21.568783 18.493368 21.862797 21.626984
8 23.214285 19.891535 19.944445 21.714285 19.531746 22.529100 21.560846 0.000000 21.825397 22.131926 20.097883
9 23.212202 21.745358 21.811670 20.018568 21.349207 22.636604 18.490717 21.822752 0.000000 22.031662 21.775133
10 23.121372 22.034300 21.992085 21.897099 21.728231 20.649076 21.868074 22.137203 22.034300 0.000000 22.084433
11 23.256615 19.378307 19.179893 21.828043 19.386244 22.626984 21.629629 20.097883 21.772488 22.087070 0.000000
