11
1 0.000000 15.023609 15.074325 15.777211 15.571428 15.006803 15.337288 15.386054 15.164128 15.601010 16.000000
2 15.094435 0.000000 12.659359 13.856661 13.141653 12.097808 13.111299 13.320405 12.440135 13.429293 13.673401
3 15.050675 12.640809 0.000000 13.645270 13.040541 12.422297 12.270270 13.228041 12.716216 13.355219 13.569023
4 15.715986 13.816189 13.783784 0.000000 13.361158 13.758147 14.203390 14.246154 13.925550 13.707070 11.952862
5 15.267007 13.173693 12.974662 13.367972 0.000000 13.057921 13.455933 13.567291 13.152285 12.949495 13.232324
6 14.962585 12.013491 12.456081 13.782161 13.117547 0.000000 12.900000 13.244445 11.690355 13.154882 13.562289
7 15.425424 13.072513 12.375000 14.272882 13.550847 12.976272 0.000000 13.676271 13.184433 13.779461 14.062289
8 15.277211 13.279933 13.168919 14.182906 13.582623 13.153846 13.615254 0.000000 13.280880 13.730639 14.005051
9 15.084602 12.428330 12.701014 13.805414 13.167513 11.629441 13.174281 13.311337 0.000000 13.468014 13.749158
10 15.316499 13.422559 13.282828 13.707070 12.976431 13.215488 13.786196 13.781145 13.432660 0.000000 13.683501
11 15.594276 13.606061 13.523569 11.865320 13.208755 13.454545 13.951179 13.942760 13.681818 13.577441 0.000000
