11
1 0.000000 5.092838 5.103448 5.068965 5.092593 5.066313 5.153846 5.071429 5.023873 5.055409 5.071429
2 5.082228 0.000000 4.978780 4.970822 5.108466 5.047745 5.156499 5.082011 4.936339 5.036939 5.074074
3 5.108753 4.986737 0.000000 4.962865 5.103175 5.037135 5.124669 5.095238 4.970822 5.023746 5.068783
4 5.063661 4.970822 4.954907 0.000000 5.082011 4.978780 5.145889 5.063492 4.779841 4.976254 4.986773
5 5.087302 5.113757 5.097884 5.082011 0.000000 5.047619 4.664021 4.791005 5.092593 4.902375 5.082011
6 5.068965 5.058355 5.034483 4.986737 5.055555 0.000000 5.111406 5.037037 5.000000 4.944591 4.812169
7 5.153846 5.164456 5.122016 5.148541 4.664021 5.108753 0.000000 4.835979 5.148541 4.968338 5.108466
8 5.066138 5.087302 5.092593 5.068783 4.788360 5.037037 4.833333 0.000000 5.037037 4.860158 5.068783
9 5.021220 4.938992 4.960212 4.779841 5.089947 4.992043 5.143236 5.039682 0.000000 4.965699 5.010582
10 5.055409 5.039578 5.015831 4.973615 4.897098 4.936676 4.960422 4.860158 4.963061 0.000000 4.944591
11 5.071429 5.076720 5.066138 4.989418 5.084656 4.809524 5.108466 5.068783 5.013227 4.955145 0.000000
