11
1 0.000000 25.681698 25.848806 25.816977 25.761906 25.827587 25.806366 25.764551 25.795755 25.643799 25.632275
2 25.679045 0.000000 25.310345 25.395226 25.312170 25.477453 25.405836 25.251324 25.254642 25.126650 24.976191
3 25.840849 25.320955 0.000000 25.042440 19.820107 25.665783 25.668434 22.716930 25.498674 23.963060 25.333334
4 25.809019 25.408487 25.047745 0.000000 25.052910 25.713528 25.673740 25.150793 25.631300 24.852243 25.439154
5 25.764551 25.312170 19.814816 25.042328 0.000000 25.645502 25.648148 22.984127 25.420635 24.002638 25.346561
6 25.819628 25.485411 25.655172 25.710875 25.653439 0.000000 22.763926 25.656084 25.586206 25.546175 25.359789
7 25.806366 25.400530 25.676394 25.684351 25.645502 22.763926 0.000000 25.645502 25.652519 25.564644 25.402117
8 25.753969 25.259260 22.708994 25.148148 22.984127 25.650793 25.645502 0.000000 25.478836 24.139841 25.354498
9 25.793104 25.249336 25.501326 25.639257 25.428572 25.591513 25.644562 25.473545 0.000000 25.353561 25.402117
10 25.649076 25.131926 23.973616 24.857519 24.023746 25.538260 25.562006 24.147757 25.356201 0.000000 25.269129
11 25.640211 24.965609 25.343916 25.433863 25.378307 25.357143 25.404762 25.354498 25.399471 25.263853 0.000000
