11
1 0.000000 5.698493 5.689223 5.708543 5.701005 5.703517 5.703517 5.690955 5.703517 5.665000 5.660000
2 5.706030 0.000000 5.656641 5.698493 5.695980 5.675879 5.693467 5.683417 5.655779 5.662500 5.660000
3 5.691730 5.646616 0.000000 5.681704 5.676692 5.654135 5.646616 5.666667 5.636591 5.642500 5.630000
4 5.703517 5.698493 5.681704 0.000000 5.500000 5.695980 5.701005 5.703517 5.703517 5.670000 5.660000
5 5.698493 5.695980 5.681704 5.505025 0.000000 5.690955 5.701005 5.695980 5.695980 5.672500 5.667500
6 5.703517 5.673367 5.654135 5.695980 5.690955 0.000000 5.643216 5.650754 5.660804 5.632500 5.620000
7 5.698493 5.678392 5.644110 5.693467 5.698493 5.648241 0.000000 5.673367 5.673367 5.642500 5.615000
8 5.690955 5.678392 5.669173 5.693467 5.688442 5.638191 5.668342 0.000000 5.688442 5.535000 5.580000
9 5.703517 5.668342 5.634085 5.698493 5.688442 5.668342 5.668342 5.685930 0.000000 5.662500 5.647500
10 5.675000 5.670000 5.645000 5.672500 5.675000 5.645000 5.642500 5.545000 5.662500 0.000000 5.600000
11 5.657500 5.652500 5.630000 5.665000 5.670000 5.622500 5.612500 5.592500 5.650000 5.600000 0.000000
