11
1 0.000000 246.655777 245.847122 245.193466 246.331665 245.025131 244.944717 245.512558 245.572861 244.937500 245.175003
2 246.545227 0.000000 245.729324 243.718597 230.989944 243.932159 244.909546 245.474869 244.281403 231.455002 244.514999
3 245.741852 245.706772 0.000000 243.573929 245.561401 244.127823 240.568924 238.634079 244.278198 244.537506 244.897507
4 245.246231 243.786438 243.741852 0.000000 243.979904 240.180908 242.238693 243.283920 241.130646 241.860001 241.902496
5 246.336685 231.035172 245.578949 243.904526 0.000000 243.934677 244.967331 245.505020 244.118088 232.339996 244.104996
6 244.992462 243.947235 244.200500 240.148239 243.884415 0.000000 242.346741 243.344223 242.165833 241.809998 241.457504
7 244.924622 244.871857 240.681702 242.145721 244.982407 242.389450 0.000000 238.874374 243.120605 242.902496 243.162506
8 245.341705 245.402008 238.611526 243.105530 245.422104 243.291458 238.798996 0.000000 243.542709 243.472504 243.897507
9 245.542709 244.341705 244.390976 241.097992 244.155777 242.175873 243.135681 243.668335 0.000000 242.100006 242.707504
10 244.884995 231.464996 244.597504 241.807495 232.322495 241.807495 242.889999 243.535004 242.080002 0.000000 243.654999
11 245.085007 244.455002 244.922501 241.789993 244.022507 241.460007 243.110001 243.979996 242.632507 243.627502 0.000000
