11
1 0.000000 23.394472 22.774437 22.914574 23.035175 23.266331 23.291458 22.874372 22.856785 23.007500 23.067499
2 23.417086 0.000000 22.553885 22.728643 22.994974 22.394472 22.412060 22.726131 22.653267 22.865000 22.837500
3 22.791981 22.566416 0.000000 21.047619 22.200500 22.416040 22.531328 20.746866 19.807018 22.127501 22.080000
4 22.919598 22.721106 21.050125 0.000000 22.286432 22.442211 22.522614 19.695980 21.180904 22.172501 22.147499
5 23.047739 23.000000 22.205513 22.288944 0.000000 22.826633 22.854271 22.306532 22.329145 22.647499 22.545000
6 23.276382 22.399498 22.418547 22.437185 22.826633 0.000000 21.494974 22.479900 22.537689 22.677500 22.754999
7 23.306532 22.407036 22.516291 22.525126 22.859297 21.487436 0.000000 22.557789 22.605528 22.815001 22.807501
8 22.891960 22.743719 20.744360 19.693468 22.301508 22.472363 22.557789 0.000000 21.002512 22.219999 22.184999
9 22.871859 22.665829 19.812031 21.163317 22.331657 22.525126 22.620604 21.005026 0.000000 22.037500 22.055000
10 23.025000 22.857500 22.107500 22.162500 22.639999 22.665001 22.820000 22.212500 22.030001 0.000000 21.097500
11 23.075001 22.832500 22.092501 22.160000 22.552500 22.760000 22.822500 22.205000 22.047501 21.107500 0.000000
