11
1 0.000000 2.959528 2.873311 2.882653 2.964286 2.853741 2.805085 2.882653 2.895093 2.930976 2.905724
2 3.001686 0.000000 2.838111 2.871838 2.814502 2.826307 2.775717 2.876897 2.588533 2.952862 2.924242
3 2.881757 2.843170 0.000000 2.706081 2.831081 2.445946 2.621622 2.712838 2.761824 2.787879 2.777778
4 2.899660 2.844857 2.709460 0.000000 2.838160 2.725558 2.547458 2.343590 2.786802 2.835017 2.712121
5 2.955782 2.790894 2.815878 2.839864 0.000000 2.821124 2.766102 2.846678 2.727580 2.893939 2.882155
6 2.852041 2.802698 2.437500 2.703259 2.797274 0.000000 2.593220 2.697436 2.744501 2.749158 2.750842
7 2.822034 2.772344 2.614865 2.540678 2.767797 2.598305 0.000000 2.533898 2.700508 2.747475 2.547138
8 2.909864 2.856661 2.724662 2.358974 2.833049 2.745299 2.550848 0.000000 2.786802 2.838384 2.717172
9 2.901861 2.553120 2.739865 2.769881 2.727580 2.736041 2.683587 2.763113 0.000000 2.836700 2.835017
10 2.961279 2.934343 2.796296 2.851852 2.910774 2.760943 2.762626 2.835017 2.870370 0.000000 2.887205
11 2.902357 2.893939 2.765993 2.695286 2.863636 2.747475 2.520202 2.681818 2.821549 2.863636 0.000000
