11
1 0.000000 263.610077 263.774536 263.856750 263.322754 263.360748 263.777191 263.010590 263.941650 262.432709 262.820099
2 263.594177 0.000000 260.777191 261.984070 261.637573 249.000000 262.114044 259.793640 261.931030 259.414246 250.322754
3 263.763916 260.787811 0.000000 262.456238 262.126984 260.018555 262.586212 245.206345 262.535797 245.643799 259.862427
4 263.832886 261.970825 262.440308 0.000000 256.711639 261.496033 222.538467 261.457672 225.297089 260.902374 261.140198
5 263.333344 261.637573 262.134918 256.722229 0.000000 261.291016 257.150787 261.949738 257.502655 261.337738 261.537048
6 263.350128 248.989395 260.018555 261.477448 261.261902 0.000000 261.660492 258.936493 261.610077 258.343018 247.253967
7 263.766571 262.106110 262.570282 222.546417 257.132263 261.676392 0.000000 261.603180 220.992035 261.050140 261.283081
8 263.002655 259.798950 245.187836 261.470886 261.970886 258.941803 261.626984 0.000000 261.679901 227.918213 259.656097
9 263.915131 261.923065 262.527863 225.305038 257.497345 261.594177 220.970825 261.653442 0.000000 261.031677 261.145508
10 262.435364 259.419525 245.638519 260.923492 261.350922 258.343018 261.071228 227.928757 261.034302 0.000000 259.187347
11 262.822754 250.317459 259.859802 261.132263 261.552917 247.261902 261.288361 259.650787 261.156097 259.179413 0.000000
