11
1 0.000000 128.533157 128.570297 128.440323 128.071426 128.466843 128.458893 128.089951 128.960205 128.216354 128.243393
2 128.535812 0.000000 124.381966 123.726791 123.309525 123.480103 123.559685 123.121696 125.578247 125.050133 123.648148
3 128.578247 124.387268 0.000000 123.342178 111.886246 122.809021 123.063660 122.497353 125.103447 124.649078 123.039680
4 128.458893 123.737404 123.360741 0.000000 122.100533 116.660477 117.140587 116.939156 123.992043 123.448547 117.804230
5 128.042328 123.293648 111.870369 122.047623 0.000000 121.449738 121.616402 121.449738 124.148148 123.957787 122.010582
6 128.469498 123.474800 122.822281 116.652519 121.462959 0.000000 105.631302 105.682541 123.779839 123.253296 107.076721
7 128.458893 123.562332 123.055702 117.119362 121.629631 105.620689 0.000000 92.560844 123.782494 123.361481 101.748680
8 128.071426 123.111115 122.492065 116.925926 121.460320 105.674606 92.552910 0.000000 123.666664 123.440636 101.465607
9 128.952255 125.562332 125.103447 123.962868 124.145500 123.771881 123.777191 123.656082 0.000000 115.480209 123.952377
10 128.226913 125.050133 124.630608 123.437996 123.963058 123.240105 123.353561 123.459106 115.482849 0.000000 123.680740
11 128.232803 123.648148 123.034393 117.793648 122.026459 107.060844 101.743385 101.473541 123.981483 123.683380 0.000000
