11
1 0.000000 144.866776 145.251694 145.770401 146.357147 146.387756 147.193222 146.727890 146.852798 144.478119 144.929291
2 143.622253 0.000000 117.575043 118.440132 118.048904 115.519394 134.716690 120.527824 134.512650 119.774414 117.503365
3 145.043915 118.372681 0.000000 117.758446 119.439186 117.771957 135.300674 121.168922 135.035477 120.415825 118.117844
4 145.722794 119.193932 117.733109 0.000000 121.127769 120.351631 136.542374 123.227348 135.747879 120.740738 119.084175
5 146.559525 118.639122 119.256760 121.093697 0.000000 118.988075 136.227112 122.693359 135.546524 120.806396 117.693604
6 145.379257 116.025291 117.817566 120.099487 119.209541 0.000000 135.386444 122.058121 135.438248 119.370369 117.589226
7 147.249146 135.249573 134.687500 135.961014 136.161011 134.955933 0.000000 136.216949 118.984772 134.732330 134.432663
8 146.200684 121.251266 121.076012 123.266670 123.097107 122.288887 136.310165 0.000000 135.492386 119.947815 121.095963
9 147.015228 135.111298 135.841217 135.495773 135.752960 135.206436 119.671745 135.800339 0.000000 134.664978 134.676773
10 144.437714 120.590912 120.430977 120.713806 120.986534 119.513466 135.202026 119.829964 134.082489 0.000000 120.508415
11 144.962967 118.439392 118.324913 119.159935 117.907410 117.762627 135.340073 121.114479 134.419189 120.771042 0.000000
