11
1 0.000000 122.856781 122.789474 123.542717 122.939697 122.919601 123.510048 123.585426 123.399498 123.307503 122.492500
2 122.942207 0.000000 120.884712 122.844223 120.917084 121.160805 120.736183 121.100502 120.801506 122.745003 120.387497
3 122.884712 120.862152 0.000000 122.719299 114.406013 121.636589 122.245613 122.383461 122.052635 122.867500 105.127502
4 123.560303 122.773872 122.624062 0.000000 122.969849 122.821609 123.281410 123.472359 123.376884 122.527496 122.419998
5 122.994972 120.836685 114.335838 122.967339 0.000000 121.412064 122.422112 122.442207 122.278893 122.760002 114.029999
6 122.912064 121.075378 121.578949 122.849243 121.427139 0.000000 122.608040 122.854271 122.683418 122.672501 121.057503
7 123.497490 120.638191 122.157898 123.251259 122.417084 122.565323 0.000000 119.072861 118.477386 123.010002 121.735001
8 123.633163 121.080399 122.380951 123.502510 122.484924 122.884422 119.125626 0.000000 111.133163 123.002502 122.010002
9 123.437187 120.766335 122.065163 123.412064 122.341705 122.683418 118.520103 111.108040 0.000000 123.097504 121.807503
10 123.317497 122.669998 122.787498 122.537498 122.742500 122.669998 123.077499 122.964996 123.065002 0.000000 122.820000
11 122.457497 120.257500 105.057503 122.372498 113.959999 121.035004 121.695000 121.870003 121.677498 122.737503 0.000000
