11
1 0.000000 128.936340 129.694962 129.795761 128.468246 129.896545 129.281174 129.359787 129.501328 129.237473 129.621689
2 128.928375 0.000000 120.891243 122.787796 89.865082 120.745361 122.037132 120.759262 123.618034 122.577835 122.992065
3 129.686996 120.899200 0.000000 126.076920 120.100533 124.445625 125.880638 101.481483 126.541115 125.327179 125.664024
4 129.803711 122.777191 126.079575 0.000000 121.894180 126.034485 126.392570 125.621696 127.026527 126.467018 126.740738
5 128.468246 89.859787 120.116402 121.886246 0.000000 119.613754 121.256615 120.201057 122.777779 122.047493 122.558205
6 129.885941 120.734749 124.442970 126.042442 119.608467 0.000000 125.830238 124.082008 126.432358 125.300789 125.796295
7 129.257294 122.039787 125.875328 126.408485 121.256615 125.846153 0.000000 125.404762 116.917770 126.031662 126.452377
8 129.349213 120.764549 101.476189 125.616402 120.227516 124.074074 125.402115 0.000000 126.343918 125.609497 125.899467
9 129.517242 123.618034 126.554375 127.023872 122.791008 126.421753 116.909813 126.359787 0.000000 126.343010 126.748680
10 129.255936 122.591026 125.340370 126.474937 122.047493 125.316620 126.055412 125.656990 126.361481 0.000000 105.675461
11 129.619049 122.984123 125.664024 126.746033 122.566139 125.796295 126.452377 125.902115 126.775131 105.667549 0.000000
