11
1 0.000000 249.698486 248.892227 249.562820 249.427139 249.173370 249.386932 249.515076 249.374374 248.002502 248.460007
2 249.660797 0.000000 243.358398 246.743713 235.077896 241.075378 242.992462 214.713562 217.728638 241.354996 246.947495
3 248.701752 243.290726 0.000000 245.776947 242.380951 239.182953 238.784454 241.413528 241.150375 240.477493 246.832504
4 249.635681 246.881912 245.982452 0.000000 246.439697 243.655777 246.123123 246.331665 245.886932 243.527496 242.742493
5 249.459793 235.170853 242.536346 246.407028 0.000000 239.781403 242.359299 231.168335 230.007538 240.552505 246.487503
6 249.170853 241.168335 239.350876 243.580399 239.736176 0.000000 238.819092 238.605530 237.399490 224.257507 245.292496
7 249.246231 242.949753 238.769424 245.869354 242.201004 238.680908 0.000000 241.258789 240.502518 239.142502 246.324997
8 249.628143 214.816589 241.639099 246.344223 231.203522 238.680908 241.454773 0.000000 206.505020 239.710007 246.595001
9 249.296478 217.706024 241.208023 245.708542 229.924622 237.344223 240.522614 206.432159 0.000000 238.514999 246.257507
10 247.812500 241.327499 240.445007 243.300003 240.332504 224.139999 239.145004 239.457504 238.452499 0.000000 245.274994
11 248.330002 246.847504 246.817505 242.535004 246.272507 245.097504 246.330002 246.350006 246.175003 245.315002 0.000000
