11
1 0.000000 81.758850 80.719597 81.380951 81.095238 80.525513 82.191528 81.785713 80.761421 80.242424 81.784515
2 81.531197 0.000000 75.172005 75.322090 74.902191 73.969643 77.654297 76.581787 74.767288 75.274414 63.883839
3 80.464523 75.205734 0.000000 68.013512 65.217903 71.189186 75.974663 69.476349 62.684120 67.557236 75.474747
4 80.768707 74.956154 67.609795 0.000000 67.117546 72.269295 75.681358 67.039314 66.707275 61.398991 75.040405
5 81.304420 74.910622 65.292229 67.436119 0.000000 70.599663 75.608475 69.286201 64.128593 66.745789 74.930977
6 80.666664 74.106239 71.125000 72.437393 70.606476 0.000000 72.715256 73.304276 70.392555 71.097641 74.526939
7 82.193222 77.817879 76.332771 76.213562 75.505081 72.650848 0.000000 77.484749 75.859558 75.639732 78.134682
8 81.756805 76.784149 69.515205 67.292305 69.040886 73.456413 77.500000 0.000000 68.790184 66.774414 76.548820
9 80.453468 74.617203 62.726353 66.883247 63.839256 70.043991 75.646362 68.928932 0.000000 66.422562 74.976433
10 80.434341 74.978111 67.341751 61.506733 66.291245 70.872055 75.648148 66.587540 66.367004 0.000000 75.306396
11 81.654884 63.873737 75.531990 75.473061 74.771042 74.129631 77.496635 76.555557 74.787880 75.196968 0.000000
