11
1 0.000000 0.303541 0.310811 0.338435 0.336735 0.350340 0.315254 0.350340 0.324873 0.321549 0.313131
2 0.311973 0.000000 0.225970 0.247892 0.251265 0.279933 0.225970 0.269814 0.256324 0.245791 0.230640
3 0.309122 0.215852 0.000000 0.253378 0.123311 0.278716 0.228041 0.260135 0.239865 0.244108 0.131313
4 0.336735 0.234401 0.255068 0.000000 0.279387 0.312178 0.269492 0.176068 0.272420 0.154882 0.269360
5 0.336735 0.242833 0.130068 0.274276 0.000000 0.287905 0.244068 0.291312 0.253807 0.264310 0.144781
6 0.341837 0.266442 0.277027 0.298456 0.281090 0.000000 0.232203 0.321368 0.228426 0.281145 0.274411
7 0.323729 0.215852 0.228041 0.272881 0.247458 0.233898 0.000000 0.286441 0.191201 0.240741 0.223906
8 0.357143 0.264755 0.263514 0.176068 0.284497 0.329915 0.283051 0.000000 0.291032 0.188552 0.277778
9 0.323181 0.261383 0.248311 0.287648 0.269036 0.247039 0.209814 0.302876 0.000000 0.271044 0.247475
10 0.316498 0.235690 0.244108 0.153199 0.259259 0.294613 0.244108 0.188552 0.252525 0.000000 0.245791
11 0.303030 0.215488 0.126263 0.260943 0.136364 0.276094 0.215488 0.271044 0.230640 0.237374 0.000000
