11
1 0.000000 6.607083 6.836149 7.142857 6.727891 6.896258 7.008474 7.117347 6.805415 7.092593 6.826599
2 6.522766 0.000000 6.273187 6.485666 6.099494 6.323777 6.458684 6.549747 5.792580 6.592593 6.299663
3 6.790541 6.303541 0.000000 6.748311 6.402027 5.766892 6.685811 6.863176 6.454392 6.868687 6.296296
4 7.059524 6.462057 6.712838 0.000000 6.315162 6.838765 6.879661 6.876923 6.671743 6.888889 6.712121
5 6.715986 6.106239 6.390203 6.293015 0.000000 6.422487 6.547458 6.575809 6.226734 6.673401 6.375421
6 6.818027 6.327150 5.746622 6.831904 6.434412 0.000000 6.625424 6.806838 6.495770 6.784512 6.292929
7 6.984746 6.507588 6.694257 6.883051 6.549152 6.706779 0.000000 6.935593 6.639594 6.523569 6.656566
8 7.073129 6.539629 6.797297 6.926496 6.597956 6.876923 6.928813 0.000000 6.802031 6.983165 6.712121
9 6.703892 5.794266 6.395270 6.634518 6.211506 6.485618 6.534687 6.698815 0.000000 6.708754 6.412458
10 7.079124 6.594276 6.868687 6.962963 6.698653 6.809764 6.533670 6.969697 6.718855 0.000000 6.841751
11 6.828283 6.385522 6.326599 6.801347 6.439394 6.341751 6.676768 6.777778 6.486532 6.868687 0.000000
