11
1 0.000000 160.237778 161.136826 163.465988 158.231293 161.636047 163.820343 160.668365 164.008453 165.208755 161.589218
2 160.330521 0.000000 154.116364 155.242828 131.121414 125.448570 157.215851 124.738617 157.401352 158.885529 154.964645
3 162.116547 154.401352 0.000000 122.479729 151.116547 155.456085 143.704391 154.559128 144.456085 148.441071 133.887207
4 163.722794 155.322098 122.501686 0.000000 153.701874 157.492279 144.867798 157.965805 146.211502 149.299667 134.664978
5 159.494904 130.935913 151.457764 153.914825 0.000000 132.768311 155.403397 132.247025 154.901855 155.690231 151.405731
6 160.632660 125.146713 153.923981 157.113205 132.112442 0.000000 157.077972 127.172653 156.703888 157.518524 153.299667
7 164.444061 157.092743 143.135132 145.316956 154.649155 158.423721 0.000000 157.933899 125.155670 151.483170 143.991577
8 160.795914 124.564926 154.324326 157.082047 132.294724 127.362396 157.205078 0.000000 157.172592 158.365326 154.287872
9 163.595596 157.421585 144.481415 146.218277 154.744507 157.771576 124.983078 156.991547 0.000000 151.397308 145.077438
10 163.949493 158.402359 147.764313 149.234009 154.787872 158.143097 151.176773 157.750839 150.703705 0.000000 148.351852
11 159.836700 153.624573 133.173401 134.484848 150.309769 154.171722 143.619522 154.213806 144.069031 148.462967 0.000000
