11
1 0.000000 250.156494 246.761276 233.787796 246.211639 231.236069 251.734741 247.814819 246.965515 254.187332 246.158737
2 250.167114 0.000000 240.620697 244.095490 239.661377 243.209549 254.129974 241.960312 241.042435 252.163589 251.428574
3 246.774536 240.625992 0.000000 239.649872 205.772491 238.421753 252.143234 218.992065 155.652527 244.087067 248.547623
4 233.814331 244.106094 239.633957 0.000000 238.695770 190.474808 246.586212 241.857147 239.883286 251.912933 226.981476
5 246.238098 239.690475 205.788361 238.722229 0.000000 237.283066 251.267197 214.269836 206.158737 243.480209 248.476196
6 231.265259 243.217514 238.413788 190.458893 237.253967 0.000000 245.543762 240.560852 238.488068 251.401062 229.145508
7 251.718826 254.137924 252.145889 246.586212 251.224869 245.564987 0.000000 252.275131 251.989395 256.722961 252.164017
8 247.867722 241.997360 218.973541 241.851852 214.240738 240.547623 252.283066 0.000000 219.579361 243.387863 250.087296
9 246.994690 241.047745 155.655167 239.880630 206.150787 238.490723 251.984085 219.592590 0.000000 244.208450 248.645508
10 254.171509 252.195251 244.071243 251.912933 243.467026 251.369400 256.701843 243.372025 244.203171 0.000000 255.670181
11 246.190475 251.417984 248.542328 226.970901 248.449738 229.150787 252.166672 250.076721 248.656082 255.683380 0.000000
