11
1 0.000000 127.169762 124.954910 125.599472 124.875664 125.127319 123.989388 125.640213 124.355438 124.831131 127.751320
2 127.175064 0.000000 124.244034 126.262596 125.621696 120.716179 124.896553 119.177246 123.477455 125.683380 128.029099
3 124.949600 124.222809 0.000000 123.692307 122.637566 120.522545 121.204247 121.613754 111.671089 122.976250 126.817459
4 125.607430 126.259949 123.702919 0.000000 122.851852 124.233421 121.859413 124.555557 122.933685 123.168869 125.529099
5 124.886246 125.629631 122.637566 122.851852 0.000000 122.738098 115.222221 123.679893 121.756615 117.116096 126.550262
6 125.127319 120.705574 120.503983 124.196289 122.724869 0.000000 121.429710 117.039680 119.503983 123.408974 126.843918
7 123.984085 124.907166 121.185677 121.870026 115.211639 121.453583 0.000000 122.224869 120.302391 116.765175 125.500000
8 125.664024 119.171959 121.640213 124.574074 123.693123 117.034393 122.235451 0.000000 120.687828 123.970978 127.473541
9 124.371353 123.488060 111.700264 122.936340 121.743385 119.525200 120.310349 120.674606 0.000000 122.118736 126.420631
10 124.820580 125.701843 122.970978 123.197891 117.108177 123.408974 116.762535 123.947227 122.116096 0.000000 126.313988
11 127.764549 128.042328 126.846558 125.544975 126.537041 126.878304 125.505295 127.462959 126.428574 126.295517 0.000000
