11
1 0.000000 5.670854 5.666667 5.675879 5.685930 5.683417 5.690955 5.685930 5.678392 5.665000 5.632500
2 5.670854 0.000000 5.616541 5.590452 5.663317 5.618091 5.620603 5.605527 5.592965 5.585000 5.547500
3 5.669173 5.616541 0.000000 5.616541 5.644110 5.621554 5.629073 5.639098 5.476191 5.610000 5.597500
4 5.668342 5.585427 5.609023 0.000000 5.653266 5.628141 5.618091 5.613065 5.628141 5.597500 5.285000
5 5.693467 5.660804 5.646616 5.655779 0.000000 5.650754 5.643216 5.592965 5.655779 5.602500 5.615000
6 5.675879 5.608040 5.616541 5.630653 5.650754 0.000000 5.268844 5.600502 5.618091 5.215000 5.600000
7 5.675879 5.618091 5.614035 5.615578 5.633166 5.268844 0.000000 5.570352 5.620603 4.902500 5.597500
8 5.683417 5.597990 5.631579 5.610553 5.585427 5.600502 5.580402 0.000000 5.645729 5.570000 5.600000
9 5.680904 5.595478 5.468672 5.623116 5.658291 5.620603 5.623116 5.648241 0.000000 5.600000 5.597500
10 5.655000 5.580000 5.600000 5.595000 5.602500 5.220000 4.902500 5.567500 5.597500 0.000000 5.602500
11 5.642500 5.535000 5.592500 5.287500 5.615000 5.615000 5.605000 5.595000 5.597500 5.605000 0.000000
