11
1 0.000000 131.015182 134.170609 131.914963 134.309525 132.651367 135.564407 131.367340 130.776657 132.127945 131.030304
2 130.733551 0.000000 128.254639 121.225967 127.919052 122.559868 129.762222 114.247894 114.268127 117.170036 115.769363
3 133.988174 128.306915 0.000000 129.135132 126.368240 129.268585 133.125000 127.888512 127.976349 129.432663 128.234009
4 131.957489 121.588531 128.866547 0.000000 129.264053 113.612350 130.477966 122.444443 121.050758 123.006737 122.038719
5 134.180267 127.615517 126.407097 129.337311 0.000000 130.422485 133.172882 128.398636 127.399323 129.038727 127.957916
6 132.982986 122.546371 129.380066 113.686104 129.938675 0.000000 131.045761 123.384613 121.737732 123.942764 123.016838
7 135.237289 130.057343 133.081085 130.300003 133.430511 130.906784 0.000000 129.820343 129.507614 131.111115 130.215485
8 131.297623 114.391228 128.133453 122.401711 128.374786 123.314529 129.971191 0.000000 105.808800 114.101013 112.094276
9 130.549911 114.220909 127.793922 120.994926 127.500847 122.025383 129.803726 105.776649 0.000000 114.048820 112.121216
10 131.560608 117.191917 129.303024 122.824913 129.080811 123.681816 131.296295 113.858589 113.988213 0.000000 112.345116
11 131.252518 115.833336 128.836700 122.303032 128.163300 123.217171 130.055557 112.271042 112.439392 112.653198 0.000000
