11
1 0.000000 12.431704 12.726352 12.875851 12.688775 13.173470 12.462712 13.265306 12.871405 13.084175 13.360270
2 12.404722 0.000000 11.720067 12.209106 11.822934 12.126475 11.150084 12.268128 12.210793 12.082492 12.722222
3 12.738175 11.701518 0.000000 12.525338 12.116554 12.562500 11.726352 12.648648 12.579391 12.466330 13.000000
4 12.836735 12.220911 12.508446 0.000000 12.022146 13.109777 12.233898 13.088889 10.697124 12.794613 12.730639
5 12.637755 11.801012 12.094595 12.003407 0.000000 12.688246 11.827119 12.746167 11.944162 12.503367 12.691919
6 13.151361 12.123103 12.525338 13.082333 12.659285 0.000000 12.223729 11.888889 12.932318 11.478114 13.397306
7 12.488135 11.178752 11.782095 12.294915 11.850847 12.227118 0.000000 12.316949 12.211506 12.109427 12.772727
8 13.192177 12.204047 12.679054 13.063248 12.741056 11.907692 12.327119 0.000000 12.930626 10.951179 13.383839
9 12.822335 12.180438 12.474662 10.668359 11.923858 12.908629 12.218274 12.950931 0.000000 12.765993 12.710438
10 12.941077 12.067340 12.437711 12.784512 12.489899 11.483165 12.074074 10.949495 12.784512 0.000000 13.276094
11 13.368687 12.781145 12.922559 12.764310 12.707070 13.308081 12.784512 13.442760 12.799664 13.333333 0.000000
