11
1 0.000000 136.050583 132.679047 124.017006 133.544220 122.462585 139.396606 134.547623 132.641281 144.755890 132.272720
2 135.369308 0.000000 127.986511 129.920746 127.709946 129.328842 142.043839 129.908936 128.264755 140.648148 137.611115
3 132.250000 128.052277 0.000000 126.364868 113.412163 125.434120 139.755066 117.341217 98.528717 132.200333 134.843430
4 123.642860 129.640808 125.940880 0.000000 127.153320 107.907379 133.940674 129.377777 126.262268 138.984848 119.106064
5 133.268707 127.814499 113.613174 127.398636 0.000000 126.521294 140.206787 116.589439 113.781723 131.732330 133.882156
6 122.192177 128.979767 125.168922 108.036018 126.337311 0.000000 133.506775 128.658127 125.465317 138.350174 120.925926
7 138.864410 141.873520 139.126694 134.071182 139.152542 133.037292 0.000000 140.623734 139.211502 148.473068 139.924240
8 134.319733 130.143341 117.481422 129.911118 116.519592 128.791458 141.101700 0.000000 117.631134 131.558929 135.385529
9 132.037231 127.802696 98.358109 126.225044 113.483925 125.392555 139.243652 117.697121 0.000000 132.013474 134.159927
10 143.609421 140.651520 132.304718 139.402359 131.700333 138.483170 149.764313 131.505051 132.281143 0.000000 145.898987
11 131.786194 137.547134 134.739059 119.373741 134.154877 120.974747 140.247482 135.602692 134.469696 145.521881 0.000000
