11
1 0.000000 2.973475 2.978780 2.968170 3.193122 3.045093 3.167109 3.100529 3.042440 3.007915 3.042328
2 2.973475 0.000000 2.909814 2.899204 3.158730 2.936340 3.140584 2.989418 2.925730 2.907652 2.941799
3 2.978780 2.909814 0.000000 2.846154 3.148148 2.973475 3.137931 3.031746 2.962865 2.941952 2.973545
4 2.968170 2.899204 2.846154 0.000000 3.137566 2.962865 3.127321 3.021164 2.952255 2.931398 2.965608
5 3.187831 3.153439 3.142857 3.132275 0.000000 3.211640 3.214286 3.264550 3.201058 3.189974 3.206349
6 3.042440 2.936340 2.970822 2.962865 3.214286 0.000000 3.196286 2.978836 2.931035 2.970976 2.923280
7 3.164456 3.137931 3.137931 3.127321 3.216931 3.196286 0.000000 3.256614 3.201591 3.174143 3.206349
8 3.097884 2.986773 3.026455 3.018518 3.267196 2.976191 3.253968 0.000000 2.965608 3.034301 2.962963
9 3.042440 2.925730 2.960212 2.952255 3.203704 2.931035 3.204244 2.968254 0.000000 2.963061 2.912699
10 3.007915 2.907652 2.941952 2.931398 3.192612 2.970976 3.174143 3.036939 2.963061 0.000000 2.968338
11 3.044974 2.941799 2.973545 2.968254 3.214286 2.925926 3.206349 2.968254 2.915344 2.968338 0.000000
