11
1 0.000000 0.671088 0.668435 0.673740 0.669312 0.668435 0.665783 0.669312 0.671088 0.664908 0.664021
2 0.665783 0.000000 0.551724 0.655172 0.664021 0.660477 0.668435 0.661376 0.660477 0.662269 0.656085
3 0.668435 0.551724 0.000000 0.657825 0.658730 0.671088 0.665783 0.669312 0.668435 0.659631 0.664021
4 0.673740 0.665783 0.657825 0.000000 0.653439 0.663130 0.663130 0.669312 0.665783 0.654354 0.642857
5 0.669312 0.664021 0.664021 0.656085 0.000000 0.664021 0.642857 0.656085 0.650794 0.662269 0.661376
6 0.665783 0.665783 0.668435 0.663130 0.664021 0.000000 0.660477 0.645503 0.665783 0.662269 0.653439
7 0.668435 0.671088 0.671088 0.665783 0.637566 0.663130 0.000000 0.664021 0.660477 0.667546 0.661376
8 0.669312 0.666667 0.666667 0.669312 0.658730 0.650794 0.661376 0.000000 0.669312 0.656992 0.650794
9 0.671088 0.668435 0.671088 0.668435 0.653439 0.668435 0.660477 0.674603 0.000000 0.670185 0.669312
10 0.664908 0.667546 0.659631 0.659631 0.662269 0.664908 0.667546 0.659631 0.670185 0.000000 0.659631
11 0.661376 0.664021 0.664021 0.640212 0.661376 0.653439 0.658730 0.650794 0.658730 0.651715 0.000000
