11
1 0.000000 88.254639 88.395271 88.103745 87.739799 89.147957 87.777969 88.151360 88.236885 86.429291 87.860268
2 88.586845 0.000000 80.000000 88.182121 88.414841 88.915680 88.738617 88.222595 89.104553 87.836700 79.745789
3 88.599663 79.920738 0.000000 88.145271 88.000000 89.226349 88.760132 88.351349 89.239868 87.595963 75.390572
4 88.875847 88.396294 88.201012 0.000000 85.851791 89.814751 88.325424 86.664955 88.604057 86.540405 87.929291
5 88.265305 88.249580 88.393578 85.829643 0.000000 89.250427 87.972885 76.819420 88.387482 86.244110 87.991585
6 89.493195 89.161888 89.153717 89.843910 89.071548 0.000000 89.027115 89.806839 76.164131 87.469696 88.639732
7 88.211861 89.060707 88.939186 88.323730 87.755936 88.774574 0.000000 88.003387 88.715736 82.974747 88.395622
8 88.659866 88.569984 88.528717 86.384613 77.000000 89.545296 88.215256 0.000000 88.842636 86.393936 88.025253
9 89.042305 89.273186 89.273651 88.632828 88.624367 76.179359 88.802032 88.966156 0.000000 87.723907 88.939392
10 86.708755 87.984848 87.895622 86.294609 85.904037 87.494949 82.676765 86.454544 87.685188 0.000000 87.484848
11 88.740738 80.215485 75.698654 88.154884 87.944443 88.833336 88.446129 88.451180 88.814812 87.757576 0.000000
