11
1 0.000000 12.934233 12.782095 13.078231 12.821428 12.955782 12.842373 12.986395 12.791878 12.991583 12.902357
2 12.866779 0.000000 11.989882 12.640809 10.711636 11.986509 12.590219 11.571670 12.337268 12.720539 12.397306
3 12.895270 12.043845 0.000000 12.722973 12.065878 11.047297 12.548986 12.170609 12.420609 12.737373 12.244108
4 13.091837 12.713322 12.594595 0.000000 12.788756 12.819897 11.316949 12.953846 12.250423 12.547138 12.678452
5 12.955782 10.720067 11.959459 12.744463 0.000000 12.129472 12.583051 11.587734 12.340101 12.577441 12.213804
6 13.095238 12.037100 11.097973 13.000000 12.185690 0.000000 12.737288 12.470085 12.683587 12.848485 12.343434
7 12.961017 12.566610 12.521959 11.344068 12.664407 12.659322 0.000000 12.723729 12.214890 12.506734 12.626263
8 13.098639 11.618887 12.069257 12.885470 11.618399 12.300855 12.732203 0.000000 12.554992 12.683501 12.328282
9 12.846024 12.379427 12.407095 12.318105 12.335026 12.576988 12.206429 12.600677 0.000000 11.747475 12.505051
10 13.077441 12.678452 12.818182 12.481482 12.594276 12.747475 12.434343 12.836700 11.781145 0.000000 12.765993
11 12.973064 12.375421 12.235690 12.734007 12.303030 12.304714 12.526936 12.474748 12.454545 12.779461 0.000000
