11
1 0.000000 12.007538 11.967419 11.969850 12.002513 12.000000 12.000000 11.994975 11.997487 11.932500 11.927500
2 12.007538 0.000000 11.862155 11.896985 11.939698 11.927135 11.540201 11.924623 11.914573 11.805000 11.837500
3 11.974937 11.847117 0.000000 11.654136 11.862155 11.859649 11.889725 11.887218 11.824561 11.605000 11.437500
4 11.974874 11.896985 11.651629 0.000000 11.876884 11.876884 11.919598 11.881909 11.814071 10.820000 11.692500
5 12.000000 11.919598 11.862155 11.866835 0.000000 11.929648 11.904523 11.924623 11.590452 11.820000 11.807500
6 11.992462 11.919598 11.867167 11.881909 11.952261 0.000000 11.937186 11.515076 11.927135 11.842500 11.852500
7 12.005025 11.545226 11.899750 11.942211 11.927135 11.944724 0.000000 11.947236 11.917086 11.877500 11.847500
8 12.000000 11.917086 11.887218 11.899497 11.929648 11.530150 11.934673 0.000000 11.914573 11.832500 11.845000
9 11.994975 11.907035 11.822055 11.826633 11.600503 11.922111 11.896985 11.914573 0.000000 11.777500 11.800000
10 11.937500 11.807500 11.622500 10.827500 11.825000 11.837500 11.867500 11.835000 11.780000 0.000000 11.677500
11 11.932500 11.845000 11.442500 11.712500 11.817500 11.857500 11.842500 11.845000 11.812500 11.675000 0.000000
