11
1 0.000000 5.925729 5.896552 5.936339 5.910053 5.891247 5.885942 5.920635 5.909814 5.905013 5.925926
2 5.925729 0.000000 5.859416 5.920424 5.846561 5.824934 5.862069 5.880952 5.880637 5.878628 5.878307
3 5.891247 5.867374 0.000000 5.867374 5.817461 5.771883 5.779841 5.870370 5.766578 5.728232 5.817461
4 5.933687 5.925729 5.862069 0.000000 5.870370 5.864721 5.904509 5.891534 5.915119 5.875989 5.910053
5 5.910053 5.849206 5.809524 5.854497 0.000000 5.727513 5.801587 5.846561 5.798942 5.823219 5.865079
6 5.880637 5.822281 5.774536 5.856764 5.738095 0.000000 5.798409 5.833333 5.816976 5.828496 5.830688
7 5.883289 5.872679 5.777188 5.907162 5.825397 5.801061 0.000000 5.896825 4.973475 5.815303 5.851852
8 5.917989 5.880952 5.875661 5.891534 5.857143 5.841270 5.894180 0.000000 5.915344 5.886544 5.917989
9 5.904509 5.885942 5.766578 5.917772 5.820106 5.819629 4.978780 5.907407 0.000000 5.817942 5.851852
10 5.907652 5.889182 5.722955 5.889182 5.839050 5.833773 5.807388 5.883905 5.812665 0.000000 5.564644
11 5.920635 5.886243 5.809524 5.910053 5.886243 5.841270 5.843915 5.920635 5.843915 5.569921 0.000000
