11
1 0.000000 25.161804 24.785147 25.129974 24.931217 25.087534 25.228117 24.915344 25.108753 24.970976 24.708994
2 25.177719 0.000000 24.209549 24.888594 24.521164 24.641911 24.862068 24.473545 24.530504 24.390501 24.238094
3 24.787798 24.217506 0.000000 24.435013 23.994709 24.145889 24.503979 23.846561 24.496021 24.287600 19.214285
4 25.143236 24.899204 24.445623 0.000000 22.063492 24.787798 24.989389 24.619047 24.984085 24.807388 24.489418
5 24.941799 24.529100 23.997355 22.074074 0.000000 24.346561 24.608465 24.261906 24.587301 24.585752 23.976191
6 25.084881 24.641911 24.140583 24.769230 24.335979 0.000000 24.323606 21.153439 24.748011 24.649076 24.193121
7 25.246685 24.856764 24.498674 24.981432 24.619047 24.326260 0.000000 24.071428 24.946949 24.823219 24.510582
8 24.928572 24.470900 23.857143 24.619047 24.256615 21.164021 24.079365 0.000000 24.621693 24.651714 23.970900
9 25.111406 24.549072 24.485411 24.986738 24.595238 24.750664 24.968170 24.626984 0.000000 20.955145 24.439154
10 24.960423 24.393141 24.279684 24.812664 24.591028 24.646439 24.825857 24.643799 20.949867 0.000000 24.255938
11 24.703703 24.251324 19.219576 24.476191 23.976191 24.216930 24.515873 23.989418 24.433863 24.263853 0.000000
