11
1 0.000000 11.586846 11.694257 11.705782 11.777211 11.744898 11.654238 11.705782 11.700507 11.698653 11.713804
2 11.591906 0.000000 10.428330 10.782462 10.863406 10.806071 9.929173 10.337268 10.854975 11.294613 10.469697
3 11.668919 10.414840 0.000000 10.864865 10.910473 10.925675 10.423986 10.217905 10.883446 11.353536 10.360270
4 11.734694 10.802698 10.890203 0.000000 11.000000 10.608919 10.896610 10.926496 10.890017 11.363636 10.959596
5 11.744898 10.831366 10.912162 10.976150 0.000000 10.996593 10.876271 10.906303 10.998308 11.351851 10.954545
6 11.736395 10.790894 10.896959 10.590052 10.998297 0.000000 10.871186 10.940171 10.906938 11.367003 10.929293
7 11.633899 9.910624 10.405405 10.842373 10.872881 10.889831 0.000000 10.381356 10.854484 11.308081 10.468014
8 11.755102 10.397976 10.288852 10.960684 10.991482 11.039316 10.469492 0.000000 10.934011 11.398990 10.383839
9 11.659899 10.833053 10.864865 10.866328 10.991540 10.913706 10.864636 10.861252 0.000000 11.370370 10.920876
10 11.767676 11.323233 11.430977 11.370370 11.427609 11.422559 11.323233 11.360270 11.405724 0.000000 11.447811
11 11.730639 10.500000 10.372054 10.956229 11.005051 10.966330 10.493266 10.370370 10.959596 11.432660 0.000000
