11
1 0.000000 8.470490 8.641891 9.006803 8.852041 8.658163 8.942373 9.035714 8.830795 9.053872 8.516835
2 8.477235 0.000000 7.642496 8.475548 7.725126 7.811130 7.833052 8.212479 8.139966 8.755892 7.732323
3 8.388514 7.568297 0.000000 8.418919 6.506757 8.062500 8.162162 8.402027 8.361486 8.833333 5.989899
4 9.062925 8.672850 8.572635 0.000000 8.764906 8.797599 8.977966 8.989743 8.891709 8.914142 8.644781
5 8.710884 7.750422 6.537162 8.705281 0.000000 8.221465 8.237288 8.308348 8.397631 8.924242 6.542088
6 8.520409 7.775717 8.175675 8.711835 8.185690 0.000000 8.632203 8.702564 8.507614 8.893939 8.085858
7 8.889831 7.974705 8.180743 8.884746 8.196610 8.522034 0.000000 7.361017 7.164129 9.013468 8.324916
8 8.974490 8.306914 8.471284 9.032478 8.471891 8.726496 7.242373 0.000000 6.527919 8.988215 8.424242
9 9.040609 8.101180 8.584459 8.925550 8.548223 8.485618 7.162436 6.532995 0.000000 9.013468 8.457912
10 9.013468 8.772727 8.831650 8.846802 8.920876 8.915825 9.008417 8.984848 8.973064 0.000000 8.929293
11 8.422559 7.718855 6.008418 8.570707 6.533670 8.129630 8.257576 8.419192 8.415825 8.892256 0.000000
