11
1 0.000000 9.936339 9.785146 9.877984 10.103174 9.599469 9.885942 9.949736 9.795756 9.664907 10.089947
2 9.933687 0.000000 9.201591 9.657825 9.074074 9.307693 9.299735 8.558201 9.488064 9.411610 9.166667
3 9.785146 9.204244 0.000000 9.551724 9.425926 9.175066 7.310345 9.304233 9.511936 9.284961 9.420635
4 9.877984 9.660478 9.551724 0.000000 9.835979 8.421751 9.641910 9.621693 7.798409 7.707124 9.791005
5 10.103174 9.076719 9.428572 9.838624 0.000000 9.507936 9.550264 9.132276 9.727513 9.654353 7.664021
6 9.596817 9.307693 9.172414 8.421751 9.505291 0.000000 9.270557 9.293651 8.251989 8.105541 9.571428
7 9.880636 9.297082 7.307693 9.639257 9.542328 9.267904 0.000000 9.373015 9.610080 9.369393 9.484127
8 9.947090 8.558201 9.304233 9.621693 9.129630 9.296296 9.375662 0.000000 9.542328 9.432717 9.113756
9 9.793103 9.490716 9.511936 7.798409 9.724868 8.254642 9.612732 9.542328 0.000000 7.567282 9.724868
10 9.656992 9.408971 9.279683 7.701847 9.649076 8.100264 9.369393 9.427441 7.562005 0.000000 9.627969
11 10.097883 9.171958 9.425926 9.798942 7.666667 9.579365 9.492064 9.119047 9.730159 9.638522 0.000000
