11
1 0.000000 25.275862 25.267904 25.450928 25.267197 25.220160 25.294430 25.142857 25.273209 25.195251 25.240740
2 25.270557 0.000000 25.045094 25.220160 25.129629 24.994696 24.978781 24.915344 24.379311 24.963060 25.148148
3 25.270557 25.061008 0.000000 24.583555 25.031746 23.511936 24.870026 23.791006 24.870026 24.889181 23.867725
4 25.424402 25.225464 24.575598 0.000000 25.190475 24.458885 25.111406 24.436508 25.061008 25.036940 24.973545
5 25.275133 25.134920 25.047619 25.198412 0.000000 24.843916 24.920635 25.010582 25.055555 24.989447 25.153439
6 25.225464 25.002653 23.514589 24.472149 24.833334 0.000000 24.748011 23.396826 24.779840 24.722956 24.195766
7 25.289125 24.978781 24.870026 25.100796 24.904762 24.755968 0.000000 24.674603 24.753315 21.707125 25.068783
8 25.142857 24.939154 23.804234 24.444445 25.002645 23.399471 24.693121 0.000000 24.693121 24.744062 24.335979
9 25.286472 24.374004 24.877985 25.068966 25.055555 24.771883 24.763926 24.701057 0.000000 24.688654 25.074074
10 25.197889 24.960423 24.883905 25.026384 24.986807 24.704485 21.704485 24.733509 24.686016 0.000000 25.044855
11 25.246031 25.158730 23.878307 24.981482 25.134920 24.198412 25.055555 24.328043 25.055555 25.063324 0.000000
