11
1 0.000000 104.613068 106.030075 104.389450 103.871857 105.487434 105.484924 103.437187 106.912064 107.639999 105.737503
2 104.585426 0.000000 83.922302 82.909546 92.605530 80.866837 77.017586 92.148239 82.291458 89.425003 84.277496
3 105.952377 83.882202 0.000000 87.671677 95.526314 80.834587 86.619049 95.250626 90.428574 92.919998 88.267502
4 104.351761 82.894470 87.691727 0.000000 91.477386 85.261307 85.550255 91.095474 89.693466 91.982498 87.894997
5 103.844223 92.572861 95.521301 91.472359 0.000000 94.407036 94.527641 76.402008 97.193466 98.570000 95.462502
6 105.472359 80.866837 80.872177 85.286430 94.434677 0.000000 84.293968 94.110550 88.316582 91.114998 85.977501
7 105.452263 76.997490 86.631577 85.550255 94.530151 84.281410 0.000000 94.075378 85.452263 91.294998 87.312500
8 103.447235 92.135681 95.280701 91.105530 76.409546 94.092964 94.082916 0.000000 96.829147 98.339996 95.197502
9 106.874374 82.266335 90.428574 89.670853 97.180908 88.306534 85.454773 96.786430 0.000000 94.432503 90.972504
10 107.622498 89.427498 92.937500 91.977501 98.592499 91.107498 91.315002 98.330002 94.477501 0.000000 90.742500
11 105.690002 84.267502 88.305000 87.907501 95.495003 85.980003 87.334999 95.207497 90.992500 90.754997 0.000000
