11
1 0.000000 16.591906 16.699324 16.522108 16.705782 16.712585 16.638983 16.840136 16.822334 16.809765 16.575758
2 16.681282 0.000000 14.662732 14.430017 14.556493 14.220911 14.337268 14.365936 15.333896 15.138047 14.319865
3 16.706081 14.757167 0.000000 14.285473 11.944257 14.123311 14.187500 14.121622 15.111486 14.885522 14.294613
4 16.690475 14.421585 14.275338 0.000000 14.109029 13.049743 13.059322 13.220512 14.742808 14.410774 13.084175
5 16.731293 14.662732 11.890203 14.073254 0.000000 13.899489 14.023728 13.930153 14.839255 14.601010 13.941077
6 16.688776 14.338955 13.983109 13.078902 14.010221 0.000000 11.661017 11.774359 14.642978 14.378788 11.794613
7 16.661016 14.320405 14.192568 13.084745 13.944068 11.632203 0.000000 10.732203 14.642978 14.471380 11.218855
8 16.756804 14.357504 14.060811 13.307693 14.045997 11.794871 10.774576 0.000000 14.658206 14.387205 11.351851
9 16.866329 15.220911 14.988175 14.637902 14.715736 14.502538 14.602369 14.582065 0.000000 12.681818 14.491583
10 16.816498 15.171718 14.919192 14.513468 14.579124 14.324916 14.444445 14.363636 12.745791 0.000000 14.318182
11 16.552189 14.404040 14.102694 13.188552 14.013468 11.811448 11.235690 11.336700 14.626263 14.313131 0.000000
