11
1 0.000000 239.962311 238.586472 239.158295 238.819092 237.959793 239.932159 239.693466 238.934677 238.027496 238.979996
2 239.806534 0.000000 233.709274 234.575378 233.522614 232.678391 236.321609 235.449753 233.866837 233.550003 213.217499
3 238.508774 233.862152 0.000000 223.741852 218.263153 228.977448 234.223053 226.784454 212.506271 223.597504 233.919998
4 239.150757 234.814072 223.781952 0.000000 222.103012 229.731155 235.085434 221.206024 222.788940 208.412506 234.092499
5 238.683411 233.640701 218.228073 222.047745 0.000000 228.256287 234.195984 226.000000 215.771362 221.062500 233.179993
6 237.881912 232.771362 228.992477 229.618088 228.221100 0.000000 230.248749 231.374374 228.261307 228.595001 232.567505
7 239.809052 236.374374 234.107773 234.959793 234.150757 230.278900 0.000000 235.984924 234.386932 233.907501 235.690002
8 239.517593 235.505020 226.689224 221.077896 225.954773 231.311554 235.917084 0.000000 226.080399 220.612503 234.737503
9 239.032669 234.135681 212.598999 222.854279 215.969849 228.389450 234.605530 226.314072 0.000000 222.187500 233.675003
10 237.975006 233.707504 223.634995 208.399994 221.157501 228.652496 233.987503 220.764999 222.167496 0.000000 234.074997
11 238.997498 213.354996 233.979996 234.115005 233.264999 232.664993 235.792496 234.887497 233.600006 234.104996 0.000000
