11
1 0.000000 108.551430 108.373314 109.714287 110.464287 108.307823 109.172882 109.454079 108.321487 107.924240 109.222221
2 109.040474 0.000000 105.478920 107.993256 105.354134 106.350761 105.976395 102.462059 107.089378 107.006737 105.084175
3 108.810814 105.441818 0.000000 107.751686 106.853043 106.256760 98.408783 105.665543 106.873314 106.686867 106.301346
4 110.234695 107.954468 107.741554 0.000000 110.149918 104.891937 108.640678 109.398293 100.363792 99.693604 108.747475
5 111.154762 105.512650 107.065880 110.330498 0.000000 108.788757 107.854240 106.635437 108.715736 108.350166 99.895622
6 108.884354 106.403038 106.380066 104.948540 108.681435 0.000000 107.201698 107.953850 102.458542 102.097641 107.255890
7 109.652542 105.858345 98.369934 108.633896 107.688133 107.064407 0.000000 106.486443 107.499153 107.166664 106.764313
8 110.170067 102.596962 105.851349 109.504272 106.628616 108.044441 106.708473 0.000000 107.602371 107.190239 105.257576
9 108.876480 107.112984 106.944260 100.426399 108.604057 102.477158 107.654823 107.534683 0.000000 99.025253 107.851852
10 108.498314 107.132996 106.836700 99.762627 108.218857 102.109428 107.289566 107.124580 99.025253 0.000000 108.042084
11 109.860268 105.132996 106.382156 108.750839 99.835014 107.353539 106.900673 105.176765 107.865318 108.043770 0.000000
