11
1 0.000000 24.005026 23.924812 24.155779 24.067839 23.947237 24.002512 23.934673 24.000000 23.912500 23.920000
2 24.027637 0.000000 23.736841 23.944723 23.927135 23.721106 23.726131 23.728643 23.163317 23.732500 23.832500
3 23.932331 23.734335 0.000000 23.288221 23.789474 22.293234 23.536341 22.626566 23.543859 23.629999 22.627501
4 24.163317 23.967337 23.300753 0.000000 23.992462 23.233669 23.849247 23.268845 23.814070 23.787500 23.677500
5 24.072865 23.939699 23.802006 24.012564 0.000000 23.653267 23.733669 23.829145 23.844221 23.752501 23.844999
6 23.947237 23.746231 22.290728 23.253769 23.660805 0.000000 23.515076 22.291458 23.532663 23.497499 22.920000
7 24.002512 23.746231 23.561403 23.846733 23.738693 23.515076 0.000000 23.515076 23.489950 20.670000 23.760000
8 23.937185 23.738693 22.616541 23.268845 23.821608 22.304020 23.500000 0.000000 23.510050 23.522499 23.057501
9 24.000000 23.163317 23.546366 23.801508 23.841709 23.527637 23.505026 23.487436 0.000000 23.459999 23.740000
10 23.910000 23.740000 23.637501 23.780001 23.750000 23.472500 20.665001 23.502501 23.457500 0.000000 23.817499
11 23.947500 23.842501 22.617500 23.702499 23.842501 22.922501 23.760000 23.072500 23.757500 23.805000 0.000000
