11
1 0.000000 24.010050 23.962406 23.914574 23.934673 23.896984 23.929647 23.942211 24.065327 23.905001 23.815001
2 23.994974 0.000000 23.065163 23.070353 22.932161 22.899498 23.012564 22.937185 23.346733 23.237499 22.907499
3 23.959900 23.075188 0.000000 22.879700 19.754387 22.581453 22.731829 22.646616 23.155388 23.100000 22.715000
4 23.886934 23.062815 22.869675 0.000000 22.768845 21.326633 21.592964 21.640703 23.000000 22.802500 21.740000
5 23.932161 22.947237 19.764412 22.773869 0.000000 22.452261 22.640703 22.535175 23.140703 23.010000 22.549999
6 23.889448 22.904522 22.578947 21.319096 22.444723 0.000000 19.075377 19.165829 22.907036 22.775000 19.495001
7 23.922110 23.002512 22.744360 21.618090 22.643215 19.090452 0.000000 16.655779 23.022614 22.850000 18.657499
8 23.922110 22.949749 22.636591 21.640703 22.530151 19.163317 16.655779 0.000000 23.057789 22.842501 18.422501
9 24.067839 23.351759 23.162907 23.015076 23.153267 22.902010 23.022614 23.070353 0.000000 20.775000 23.047501
10 23.897499 23.232500 23.102501 22.795000 23.002501 22.785000 22.840000 22.850000 20.762501 0.000000 22.940001
11 23.817499 22.907499 22.725000 21.770000 22.545000 19.510000 18.652500 18.440001 23.059999 22.965000 0.000000
