11
1 0.000000 80.413155 80.324326 79.198982 81.316330 77.034012 87.418648 85.704079 76.934013 83.380470 83.728958
2 80.942665 0.000000 75.318718 76.394600 62.543003 70.917366 84.935921 83.148399 70.871841 79.626259 82.824913
3 80.326012 74.989883 0.000000 75.516891 75.255066 69.974663 84.893578 82.785477 69.979729 79.015152 82.025253
4 79.365646 75.632378 75.532097 0.000000 76.809196 72.907379 86.116951 81.928207 71.898476 79.489899 79.611115
5 81.539116 62.359192 75.564186 76.715500 0.000000 71.386711 85.283051 83.560478 71.035530 79.018517 82.163300
6 78.147957 71.327148 70.599663 73.099487 71.875641 0.000000 82.281357 81.741882 50.986465 74.365318 79.326599
7 87.684746 85.008430 85.209457 85.893219 85.484749 81.622032 0.000000 89.083054 82.011841 85.895622 88.092590
8 86.161568 82.706573 83.016891 81.779488 83.822830 81.311111 88.789833 0.000000 80.868019 85.622894 82.202019
9 77.076141 70.755478 70.165543 71.832489 71.385788 50.827412 81.634521 80.424706 0.000000 73.562286 79.011787
10 83.631310 79.146461 79.062286 79.188553 79.276093 73.572388 85.109428 85.230637 73.436028 0.000000 84.425926
11 83.867004 82.343437 82.639732 79.962959 82.422562 78.671715 87.355217 81.966331 78.860268 84.244110 0.000000
