11
1 0.000000 4.200675 4.131757 4.239796 4.205782 4.187075 4.184746 4.229592 4.196278 4.119529 4.203704
2 4.193929 0.000000 3.770658 3.979764 3.770658 4.048904 3.836425 3.917369 2.976391 3.703704 3.964647
3 4.118243 3.807757 0.000000 3.849662 3.719594 3.875000 3.736486 3.778716 3.854730 2.969697 3.882155
4 4.255102 3.925801 3.822635 0.000000 3.974446 4.104631 3.977966 4.041026 4.050761 3.771044 3.895623
5 4.217687 3.792580 3.711149 3.993186 0.000000 4.034071 3.752542 3.925043 3.788494 3.696970 4.003367
6 4.161565 4.059022 3.866554 4.065180 3.972743 0.000000 3.933898 4.051282 3.978004 3.814815 3.853535
7 4.191525 3.838111 3.777027 3.983051 3.750847 4.018644 0.000000 3.906780 3.812183 3.680135 3.956229
8 4.232993 3.873524 3.750000 4.080342 3.890971 4.087180 3.864407 0.000000 3.939086 3.622896 3.979798
9 4.214890 2.973019 3.861486 3.984771 3.791878 4.040609 3.840948 3.972927 0.000000 3.740741 3.888889
10 4.132997 3.752525 2.978114 3.789562 3.653199 3.890572 3.632997 3.678451 3.760943 0.000000 3.870370
11 4.212121 4.003367 3.902357 3.922559 3.988215 3.878788 3.952862 4.026936 3.929293 3.882155 0.000000
