11
1 0.000000 11.328836 11.554054 11.409863 11.433674 11.534014 11.494915 11.418367 11.570220 11.622895 11.449495
2 11.342327 0.000000 10.091063 10.069140 10.502529 10.000000 9.790894 10.509274 10.067453 10.461280 10.117846
3 11.559122 10.099494 0.000000 10.317568 10.770270 9.956081 10.292230 10.760135 10.474662 10.671718 10.313131
4 11.454082 10.065767 10.310811 0.000000 10.596252 10.373928 10.277966 10.639317 10.438240 10.624579 10.338384
5 11.430272 10.489038 10.741554 10.584327 0.000000 10.751278 10.667796 9.836456 10.842640 10.895623 10.668350
6 11.554421 10.003373 9.959459 10.384219 10.783646 0.000000 10.228813 10.822222 10.392555 10.604377 10.198653
7 11.538983 9.836425 10.337838 10.318645 10.727118 10.262712 0.000000 10.737288 10.311337 10.643098 10.318182
8 11.411565 10.467116 10.711148 10.617094 9.826235 10.772650 10.654238 0.000000 10.835872 10.893939 10.685185
9 11.566835 10.042158 10.437500 10.397631 10.824027 10.362098 10.243655 10.832487 0.000000 10.760942 10.464646
10 11.621212 10.461280 10.676767 10.639730 10.944445 10.577441 10.590909 10.957912 10.803030 0.000000 10.491583
11 11.425926 10.101010 10.287879 10.319865 10.688552 10.171718 10.257576 10.688552 10.473064 10.476431 0.000000
