11
1 0.000000 120.721107 118.333336 119.248741 118.866837 118.776382 117.665833 119.603012 118.047737 118.522499 120.980003
2 120.721107 0.000000 117.614037 119.816582 119.545227 114.618088 118.560303 113.467339 117.213570 119.305000 121.220001
3 118.310776 117.583961 0.000000 117.105263 116.436089 114.122810 114.746864 115.463661 105.829575 116.767502 120.052498
4 119.253769 119.846733 117.157898 0.000000 116.997490 117.974876 115.761307 118.580399 116.683418 117.022499 118.894997
5 118.786430 119.540199 116.438599 116.937187 0.000000 116.824120 109.708542 117.690956 115.896988 111.239998 119.817497
6 118.788948 114.597992 114.125313 117.929649 116.829147 0.000000 115.278893 111.449745 113.479897 117.199997 120.154999
7 117.633163 118.507538 114.731827 115.688438 109.698494 115.253769 0.000000 116.334167 114.185928 110.910004 118.815002
8 119.542717 113.439697 115.456139 118.565323 117.713570 111.409546 116.324120 0.000000 114.881912 117.707497 120.730003
9 118.045227 117.206032 105.849625 116.665833 115.894470 113.469849 114.226128 114.884422 0.000000 115.952499 119.644997
10 118.470001 119.260002 116.745003 116.915001 111.220001 117.165001 110.930000 117.682503 115.900002 0.000000 119.827499
11 120.985001 121.269997 120.082497 118.882500 119.827499 120.129997 118.889999 120.727501 119.739998 119.947502 0.000000
