11
1 0.000000 250.595474 249.791977 250.030151 250.399490 250.376877 250.505020 250.638184 250.366837 249.235001 248.774994
2 250.582916 0.000000 246.696747 250.278900 250.530151 249.597992 248.434677 248.675873 246.005020 246.527496 249.145004
3 249.897247 246.812027 0.000000 249.421051 249.869675 248.027573 244.167923 246.689224 218.167923 240.229996 249.085007
4 250.090454 250.364319 249.388474 0.000000 247.585434 250.374374 250.364319 250.517593 249.884415 248.967499 245.654999
5 250.653259 250.824127 250.010025 247.723618 0.000000 250.866837 250.831665 250.894470 250.555283 249.502502 248.455002
6 250.304016 249.550247 247.794479 250.185928 250.565323 0.000000 249.336685 249.409546 247.673370 247.492493 248.907501
7 250.678391 248.628143 244.190475 250.497482 250.741211 249.580399 0.000000 248.819092 241.798996 235.145004 249.345001
8 250.587936 248.655777 246.556396 250.389450 250.610550 249.479904 248.623123 0.000000 245.922104 246.490005 249.117493
9 250.369354 246.045227 218.152878 249.826630 250.346741 247.798996 241.653259 245.994980 0.000000 235.667496 248.804993
10 249.104996 246.462494 240.037506 248.767502 249.130005 247.442505 234.932495 246.445007 235.589996 0.000000 248.800003
11 249.134995 249.544998 249.307495 245.892502 248.500000 249.337494 249.497498 249.449997 249.119995 249.255005 0.000000
