11
1 0.000000 19.066313 18.949602 18.931034 18.973545 18.909815 19.063660 18.947090 18.986738 18.778364 18.854498
2 19.066313 0.000000 18.851460 18.877985 19.007936 19.076923 19.140583 19.037037 18.917772 18.963060 19.108465
3 18.949602 18.838196 0.000000 18.782494 18.925926 18.973475 19.021219 18.947090 18.827587 18.807388 19.076719
4 18.938992 18.872679 18.790451 0.000000 18.960318 18.864721 19.021219 18.894180 18.450928 18.804749 18.936508
5 18.965609 19.005291 18.928572 18.947090 0.000000 18.902117 17.891535 18.373016 18.941799 18.480211 19.039682
6 18.915119 19.087534 18.981432 18.864721 18.907408 0.000000 18.997347 18.843916 18.917772 18.712400 18.587301
7 19.063660 19.135279 19.018568 19.013262 17.891535 18.981432 0.000000 18.407408 19.021219 18.540897 19.103174
8 18.947090 19.044973 18.960318 18.904762 18.378307 18.846561 18.412699 0.000000 18.886244 18.522427 19.010582
9 18.986738 18.915119 18.830238 18.442970 18.939154 18.915119 19.029179 18.880953 0.000000 18.810026 18.984127
10 18.773087 18.957783 18.807388 18.794195 18.477573 18.704485 18.538260 18.517151 18.807388 0.000000 18.852243
11 18.862434 19.116402 19.095238 18.936508 19.052910 18.592592 19.119047 19.010582 18.989418 18.865435 0.000000
