11
1 0.000000 12.554377 12.615385 12.610080 12.576719 12.615385 12.631300 12.576719 12.570292 12.543535 12.552910
2 12.538462 0.000000 12.435013 12.482759 12.420635 12.511936 12.496021 12.367724 12.363396 12.395779 12.277778
3 12.612732 12.440318 0.000000 12.448276 10.238095 12.543767 12.586206 11.222222 12.480106 11.910290 12.465609
4 12.615385 12.485411 12.458886 0.000000 12.404762 12.596817 12.596817 12.370370 12.543767 12.393140 12.481482
5 12.574074 12.423281 10.235450 12.388889 0.000000 12.515873 12.550264 11.285714 12.447090 11.981530 12.452381
6 12.615385 12.530504 12.557029 12.596817 12.523809 0.000000 11.458886 12.523809 12.562334 12.527704 12.489418
7 12.623343 12.506631 12.570292 12.575597 12.542328 11.464191 0.000000 12.500000 12.572945 12.511873 12.526455
8 12.576719 12.380953 11.248677 12.367724 11.291005 12.537037 12.513227 0.000000 12.462963 11.949868 12.465609
9 12.570292 12.374005 12.482759 12.538462 12.441799 12.546419 12.562334 12.457672 0.000000 12.451187 12.465609
10 12.538259 12.408971 11.926122 12.393140 11.981530 12.525066 12.525066 11.949868 12.469657 0.000000 12.422164
11 12.552910 12.293651 12.452381 12.476191 12.439154 12.494709 12.531746 12.462963 12.468254 12.408971 0.000000
