11
1 0.000000 129.602127 130.381958 130.424408 129.071426 129.830246 130.278519 129.275131 130.291779 129.675461 129.791000
2 129.607422 0.000000 129.604782 129.803711 121.910049 114.403183 129.580902 114.074074 129.862076 129.395782 129.074081
3 130.376663 129.594162 0.000000 113.355438 128.669312 129.564987 126.915123 129.256607 127.071617 127.686012 122.317459
4 130.427063 129.787796 113.347481 0.000000 128.902115 129.795761 127.334221 129.478836 127.429710 127.759895 123.447090
5 129.060852 121.862434 128.656082 128.894180 0.000000 121.812172 128.814819 121.777779 128.984131 128.846970 128.322754
6 129.824936 114.392570 129.567642 129.816971 121.833336 0.000000 129.774536 115.312172 129.909821 129.469650 129.066132
7 130.283813 129.580902 126.909813 127.305038 128.841263 129.755966 0.000000 129.325394 113.875328 127.709763 126.494705
8 129.256607 114.060844 129.256607 129.478836 121.796295 115.317459 129.314819 0.000000 129.439148 129.340363 129.076721
9 130.305038 129.840851 127.076920 127.429710 128.992065 129.899200 113.875328 129.428574 0.000000 127.601585 126.791008
10 129.680740 129.377304 127.667549 127.754616 128.849609 129.464386 127.701843 129.335098 127.601585 0.000000 127.327179
11 129.793655 129.066132 122.338623 123.439156 128.341263 129.066132 126.515877 129.063492 126.801590 127.335091 0.000000
