11
1 0.000000 12.035176 11.979950 11.979899 12.017588 12.010050 12.017588 12.022614 12.007538 11.957500 11.937500
2 12.025126 0.000000 11.884712 12.005025 12.025126 12.002513 11.967337 11.984924 11.894472 11.850000 11.962500
3 11.984962 11.897243 0.000000 11.952381 11.982456 11.879700 11.709273 11.859649 10.581453 11.565000 11.950000
4 11.982412 12.010050 11.957394 0.000000 11.939698 12.015076 11.994975 12.010050 11.974874 11.940000 11.825000
5 12.015076 12.015076 11.984962 11.929648 0.000000 12.007538 12.017588 12.020101 12.020101 11.962500 11.912500
6 12.002513 11.992462 11.872180 12.000000 12.010050 0.000000 11.969850 12.000000 11.894472 11.872500 11.945000
7 12.002513 11.962312 11.711780 11.984924 12.015076 11.962312 0.000000 11.944724 11.640703 11.335000 11.947500
8 12.022614 11.972362 11.847117 12.007538 12.015076 11.994975 11.944724 0.000000 11.836683 11.882500 11.960000
9 12.010050 11.899497 10.583960 11.977386 12.017588 11.899497 11.645729 11.844221 0.000000 11.445000 11.957500
10 11.967500 11.862500 11.567500 11.952500 11.970000 11.890000 11.362500 11.895000 11.432500 0.000000 11.955000
11 11.940000 11.962500 11.945000 11.820000 11.927500 11.952500 11.950000 11.960000 11.945000 11.945000 0.000000
