11
1 0.000000 5.655779 5.644110 5.683417 5.648241 5.675879 5.650754 5.678392 5.650754 5.640000 5.625000
2 5.645729 0.000000 5.528822 5.595478 5.575377 5.535176 5.570352 5.550251 5.512563 5.487500 5.490000
3 5.641604 5.531328 0.000000 5.626566 5.586466 5.568923 5.578948 5.513784 5.358396 5.565000 5.465000
4 5.680904 5.603015 5.624060 0.000000 5.615578 5.640704 5.610553 5.628141 5.630653 5.607500 5.582500
5 5.653266 5.580402 5.596491 5.618091 0.000000 5.587940 5.575377 5.575377 5.577889 5.592500 5.537500
6 5.675879 5.535176 5.571429 5.643216 5.592965 0.000000 5.592965 5.585427 5.555276 5.432500 5.505000
7 5.660804 5.575377 5.581454 5.613065 5.572865 5.590452 0.000000 5.577889 5.582914 5.582500 5.515000
8 5.670854 5.555276 5.528822 5.628141 5.582914 5.585427 5.575377 0.000000 5.452261 5.545000 5.462500
9 5.640704 5.512563 5.355890 5.618091 5.572865 5.540201 5.592965 5.449749 0.000000 5.537500 5.447500
10 5.637500 5.477500 5.565000 5.607500 5.597500 5.425000 5.582500 5.547500 5.535000 0.000000 5.490000
11 5.622500 5.492500 5.467500 5.580000 5.537500 5.497500 5.512500 5.447500 5.452500 5.482500 0.000000
