11
1 0.000000 124.769234 125.851456 125.381966 125.267197 125.578247 126.023872 124.761902 125.543770 124.258575 124.537041
2 124.779839 0.000000 122.888596 122.249336 122.198410 122.511940 123.594162 100.071426 121.981430 110.459106 121.052910
3 125.848808 122.880638 0.000000 123.933685 123.658730 123.992043 124.904510 122.904762 117.053047 122.129288 122.888885
4 125.376656 122.230766 123.933685 0.000000 94.071426 101.527855 121.636604 122.587303 123.098145 121.918205 118.208992
5 125.248680 122.177246 123.642860 94.071426 0.000000 101.129631 121.642860 122.674606 122.915344 122.007919 118.394180
6 125.575600 122.498672 123.994698 101.527855 101.140213 0.000000 121.809021 122.817459 123.228119 122.058044 118.367722
7 126.026527 123.599472 124.912468 121.628647 121.650795 121.822281 0.000000 123.579369 124.350136 122.915565 118.793648
8 124.761902 100.063492 122.904762 122.600533 122.682541 122.825394 123.576721 0.000000 122.238098 111.250656 121.574074
9 125.535812 121.965515 117.047745 123.087532 122.923279 123.222809 124.344826 122.232803 0.000000 121.287598 122.341270
10 124.253296 110.437996 122.131927 121.918205 122.034302 122.063324 122.902374 111.248024 121.287598 0.000000 120.828499
11 124.550262 121.079369 122.899467 118.222221 118.399467 118.383598 118.780426 121.576721 122.354500 120.828499 0.000000
