11
1 0.000000 0.671088 0.665783 0.671088 0.669312 0.671088 0.673740 0.669312 0.671088 0.670185 0.664021
2 0.671088 0.000000 0.631300 0.644562 0.619048 0.602122 0.620690 0.547619 0.557029 0.622691 0.645503
3 0.668435 0.641910 0.000000 0.647215 0.656085 0.633952 0.628647 0.645503 0.649867 0.646438 0.650794
4 0.668435 0.647215 0.647215 0.000000 0.634921 0.641910 0.655172 0.632275 0.652520 0.641161 0.621693
5 0.664021 0.616402 0.645503 0.637566 0.000000 0.634921 0.621693 0.605820 0.605820 0.646438 0.645503
6 0.668435 0.599469 0.620690 0.639257 0.632275 0.000000 0.612732 0.605820 0.615385 0.525066 0.629630
7 0.671088 0.620690 0.620690 0.657825 0.626984 0.612732 0.000000 0.621693 0.604775 0.638522 0.656085
8 0.669312 0.550265 0.642857 0.637566 0.616402 0.611111 0.621693 0.000000 0.510582 0.620053 0.640212
9 0.671088 0.557029 0.652520 0.657825 0.619048 0.623342 0.620690 0.513228 0.000000 0.635884 0.656085
10 0.670185 0.622691 0.643799 0.649077 0.654354 0.525066 0.646438 0.622691 0.630607 0.000000 0.638522
11 0.666667 0.642857 0.653439 0.621693 0.648148 0.640212 0.658730 0.637566 0.650794 0.641161 0.000000
