11
1 0.000000 5.880637 5.867374 5.862069 5.867725 5.880637 5.870027 5.865079 5.880637 5.812665 5.875661
2 5.877984 0.000000 5.755968 5.795756 5.764550 5.877984 5.763926 5.801587 4.989390 5.701847 5.804233
3 5.859416 5.753315 0.000000 5.766578 5.775132 5.777188 5.740053 5.756614 5.785146 5.102902 5.812169
4 5.856764 5.790451 5.766578 0.000000 5.798942 5.819629 5.798409 5.775132 5.809019 5.722955 5.798942
5 5.862434 5.746032 5.772487 5.798942 0.000000 5.814815 5.756614 5.785714 5.756614 5.725594 5.835979
6 5.872679 5.862069 5.777188 5.822281 5.822752 0.000000 5.832891 5.791005 5.848806 5.754617 5.791005
7 5.862069 5.758621 5.742705 5.801061 5.748677 5.827586 0.000000 5.817461 5.753315 5.707124 5.806878
8 5.859788 5.791005 5.767196 5.783069 5.791005 5.796296 5.822752 0.000000 5.801587 5.717678 5.817461
9 5.875331 4.989390 5.787798 5.806366 5.748677 5.846154 5.758621 5.796296 0.000000 5.725594 5.793651
10 5.804749 5.693932 5.102902 5.725594 5.733509 5.754617 5.699208 5.704485 5.722955 0.000000 5.765172
11 5.865079 5.791005 5.806878 5.809524 5.835979 5.780423 5.809524 5.806878 5.798942 5.773087 0.000000
