11
1 0.000000 0.640703 0.636591 0.638191 0.635678 0.638191 0.640703 0.643216 0.638191 0.637500 0.627500
2 0.640703 0.000000 0.626566 0.635678 0.640703 0.635678 0.630653 0.625628 0.620603 0.625000 0.635000
3 0.634085 0.624060 0.000000 0.636591 0.636591 0.629073 0.609023 0.621554 0.483709 0.600000 0.632500
4 0.635678 0.640703 0.639098 0.000000 0.623116 0.638191 0.638191 0.635678 0.638191 0.635000 0.625000
5 0.638191 0.645729 0.644110 0.628141 0.000000 0.643216 0.640703 0.643216 0.645729 0.642500 0.632500
6 0.635678 0.638191 0.629073 0.630653 0.635678 0.000000 0.628141 0.628141 0.630653 0.630000 0.630000
7 0.640703 0.630653 0.609023 0.635678 0.638191 0.628141 0.000000 0.633166 0.605528 0.595000 0.635000
8 0.643216 0.628141 0.626566 0.638191 0.643216 0.635678 0.635678 0.000000 0.623116 0.620000 0.637500
9 0.638191 0.620603 0.481203 0.638191 0.640703 0.630653 0.605528 0.615578 0.000000 0.572500 0.632500
10 0.635000 0.625000 0.600000 0.637500 0.640000 0.627500 0.590000 0.617500 0.567500 0.000000 0.630000
11 0.630000 0.637500 0.635000 0.622500 0.632500 0.635000 0.637500 0.640000 0.635000 0.630000 0.000000
