11
1 0.000000 258.132629 257.822296 259.450928 257.830688 257.466858 259.068970 257.510590 258.087524 257.591034 258.941803
2 258.145874 0.000000 242.469498 251.265259 246.097885 231.023880 247.591507 247.566132 237.503983 247.316620 250.939148
3 257.811676 242.456238 0.000000 250.838196 245.526459 238.912460 233.137924 246.584656 243.098145 246.781006 251.119049
4 259.466858 251.275864 250.880630 0.000000 244.576721 249.639252 253.758621 252.447083 251.965515 246.245377 222.365082
5 257.849213 246.105820 245.542328 244.542328 0.000000 243.587296 249.769836 248.883591 247.436508 240.150391 245.378311
6 257.474792 231.023880 238.936340 249.649872 243.608459 0.000000 244.763931 244.685181 220.289124 244.976257 249.619049
7 259.084869 247.610077 233.143234 253.755966 249.780426 244.766571 0.000000 250.362427 248.122009 250.298157 253.613754
8 257.494720 247.558197 246.592590 252.412704 248.857147 244.666672 250.335983 0.000000 248.185181 249.633240 253.211639
9 258.106110 237.511932 243.116714 251.954910 247.441803 220.297089 248.100800 248.209000 0.000000 247.854874 251.806885
10 257.604218 247.327179 246.796829 246.232193 240.163589 244.994720 250.277039 249.662262 247.852249 0.000000 246.833771
11 258.941803 250.965607 251.111115 222.357147 245.394180 249.597885 253.589951 253.227509 251.791000 246.820587 0.000000
