11
1 0.000000 0.416526 0.358108 0.382653 0.399660 0.401361 0.393220 0.370748 0.358714 0.404040 0.398990
2 0.413153 0.000000 0.350759 0.381113 0.386172 0.352445 0.347386 0.365936 0.367622 0.398990 0.378788
3 0.353041 0.349073 0.000000 0.239865 0.326014 0.329392 0.329392 0.222973 0.192568 0.329966 0.319865
4 0.389456 0.381113 0.243243 0.000000 0.340715 0.361921 0.352542 0.203419 0.277496 0.343434 0.338384
5 0.396259 0.386172 0.314189 0.332198 0.000000 0.367973 0.361017 0.323680 0.326565 0.360269 0.356902
6 0.387755 0.349073 0.334459 0.358491 0.378194 0.000000 0.274576 0.338462 0.324873 0.372054 0.368687
7 0.396610 0.345700 0.346284 0.369492 0.381356 0.276271 0.000000 0.354237 0.335025 0.378788 0.361953
8 0.386054 0.365936 0.233108 0.208547 0.332198 0.348718 0.350847 0.000000 0.255499 0.341751 0.340067
9 0.373942 0.369309 0.211149 0.279188 0.350254 0.340102 0.346870 0.253807 0.000000 0.350168 0.318182
10 0.409091 0.398990 0.331650 0.351852 0.368687 0.360269 0.363636 0.341751 0.343434 0.000000 0.277778
11 0.410774 0.385522 0.324916 0.348485 0.375421 0.363636 0.365320 0.343434 0.314815 0.267677 0.000000
