11
1 0.000000 6.150084 5.959459 6.013606 6.130952 5.972789 5.888135 6.000000 6.055838 6.107744 5.989899
2 6.172007 0.000000 5.920742 5.925801 5.806071 5.913997 5.817875 5.935919 5.374368 6.102694 6.015152
3 5.979730 5.930860 0.000000 5.648649 5.846284 5.152027 5.494933 5.636824 5.783784 5.792929 5.735690
4 6.068027 5.940978 5.635135 0.000000 5.928450 5.713551 5.389831 4.982906 5.813875 5.909091 5.601010
5 6.180272 5.792580 5.829392 5.918228 0.000000 5.856899 5.771186 5.896082 5.656514 6.050505 5.944445
6 5.979592 5.898819 5.138514 5.651801 5.862010 0.000000 5.469491 5.661539 5.730965 5.730640 5.713805
7 5.874576 5.795953 5.462838 5.361017 5.752542 5.476271 0.000000 5.333898 5.649746 5.725589 5.319865
8 6.028912 5.932546 5.633446 4.970940 5.909710 5.687180 5.345763 0.000000 5.776650 5.882155 5.579124
9 6.055838 5.360877 5.761824 5.793570 5.666667 5.768189 5.673435 5.774958 0.000000 5.981482 5.907407
10 6.121212 6.092593 5.777778 5.867003 6.003367 5.730640 5.740741 5.872054 5.947812 0.000000 5.917509
11 6.003367 5.989899 5.690236 5.594276 5.927609 5.703704 5.318182 5.548821 5.856902 5.905724 0.000000
