11
1 0.000000 0.322091 0.341216 0.272109 0.346939 0.270408 0.366102 0.329932 0.343486 0.404040 0.338384
2 0.344013 0.000000 0.290051 0.317032 0.290051 0.311973 0.355818 0.298482 0.288364 0.350168 0.345118
3 0.354730 0.283305 0.000000 0.295608 0.180743 0.283784 0.381757 0.229730 0.057432 0.308081 0.358586
4 0.290816 0.318718 0.292230 0.000000 0.311755 0.162950 0.354237 0.299145 0.294416 0.373737 0.274411
5 0.355442 0.274874 0.165541 0.299830 0.000000 0.279387 0.383051 0.228279 0.160745 0.318182 0.358586
6 0.284014 0.306914 0.283784 0.159520 0.296422 0.000000 0.337288 0.299145 0.287648 0.373737 0.269360
7 0.374576 0.345700 0.366554 0.354237 0.383051 0.342373 0.000000 0.374576 0.367174 0.424242 0.390572
8 0.341837 0.291737 0.222973 0.307692 0.238501 0.299145 0.383051 0.000000 0.233503 0.323232 0.345118
9 0.362098 0.283305 0.050676 0.299492 0.172589 0.292724 0.379019 0.235195 0.000000 0.303030 0.358586
10 0.398990 0.341751 0.299663 0.365320 0.333333 0.367003 0.405724 0.326599 0.297980 0.000000 0.405724
11 0.353535 0.345118 0.360269 0.271044 0.377104 0.276094 0.390572 0.346801 0.372054 0.410774 0.000000
