11
1 0.000000 160.794266 159.785477 160.986389 160.000000 158.447281 161.679657 160.442184 158.642975 158.740738 161.328278
2 161.175385 0.000000 150.082626 149.853287 148.682968 147.217545 154.219223 151.571671 148.659363 149.439392 127.429291
3 158.991547 149.460373 0.000000 134.635132 129.785477 141.347977 150.271957 138.106415 124.717903 134.700333 149.590912
4 159.430267 149.291733 134.565872 0.000000 133.628616 143.005142 150.662704 133.285477 133.057526 122.543770 149.336700
5 160.460892 149.192245 129.743240 134.017029 0.000000 141.388412 150.081360 137.567291 126.996613 131.976425 149.572388
6 158.323135 146.871841 141.197632 142.864487 140.897781 0.000000 143.620346 145.473511 139.536377 140.498322 147.769363
7 162.262711 154.055649 150.861481 151.054230 149.703384 144.345764 0.000000 153.296616 149.421326 149.930969 154.624573
8 161.647964 151.875214 138.685806 134.258118 137.826233 146.690598 153.933899 0.000000 137.275803 132.638046 152.816498
9 159.927246 148.698151 124.783783 133.233505 127.001694 140.869705 150.269043 137.357025 0.000000 132.425919 149.503372
10 158.915833 149.188553 134.882156 122.968010 132.481476 141.363632 150.338379 131.946121 132.456223 0.000000 150.311447
11 161.082489 127.292931 149.867004 149.020203 149.328278 147.774414 153.855225 151.690231 149.000000 149.569031 0.000000
