11
1 0.000000 0.559682 0.554377 0.562334 0.534392 0.583554 0.549072 0.571429 0.562334 0.564644 0.547619
2 0.557029 0.000000 0.161804 0.469496 0.312169 0.496021 0.445623 0.378307 0.477454 0.485488 0.349206
3 0.551724 0.161804 0.000000 0.488064 0.354497 0.530504 0.498674 0.410053 0.490716 0.496042 0.373016
4 0.554377 0.469496 0.490716 0.000000 0.431217 0.527851 0.405836 0.465608 0.424403 0.522427 0.462963
5 0.531746 0.312169 0.354497 0.428571 0.000000 0.489418 0.441799 0.351852 0.481481 0.482850 0.343915
6 0.583554 0.498674 0.533157 0.533157 0.492063 0.000000 0.496021 0.513228 0.522546 0.456464 0.505291
7 0.543767 0.445623 0.498674 0.405836 0.444444 0.493369 0.000000 0.476190 0.384615 0.493404 0.476190
8 0.566138 0.380952 0.412698 0.465608 0.351852 0.510582 0.476190 0.000000 0.513228 0.503958 0.407407
9 0.559682 0.482759 0.496021 0.421751 0.481481 0.519894 0.381963 0.521164 0.000000 0.546174 0.484127
10 0.562005 0.485488 0.498681 0.527704 0.485488 0.456464 0.493404 0.501319 0.548813 0.000000 0.493404
11 0.547619 0.351852 0.375661 0.462963 0.346561 0.507937 0.476190 0.407407 0.478836 0.493404 0.000000
