11
1 0.000000 4.463744 4.457770 4.503401 4.489796 4.508503 4.481356 4.496599 4.480541 4.449495 4.436027
2 4.440135 0.000000 3.021922 4.091063 4.244519 4.246206 4.382799 4.313659 4.305228 4.225589 4.166667
3 4.461149 3.025295 0.000000 4.108108 4.293919 4.319257 4.317567 4.395270 4.337838 4.286195 4.134680
4 4.511905 4.160203 4.214527 0.000000 4.299829 3.866209 4.411864 4.172649 4.170897 4.132997 3.930976
5 4.496599 4.217538 4.312500 4.247019 0.000000 4.335605 3.630508 4.412266 4.326565 4.336700 4.138047
6 4.511905 4.372681 4.363176 3.816467 4.388416 0.000000 4.454237 3.800000 4.346870 4.203704 4.109427
7 4.489830 4.401349 4.361486 4.418644 3.757627 4.389831 0.000000 4.466102 4.436548 4.383838 4.367003
8 4.498299 4.382799 4.410473 4.104273 4.449745 3.829060 4.481356 0.000000 4.445008 4.361953 4.314815
9 4.465313 4.354132 4.407094 4.204738 4.370558 4.333333 4.419628 4.406091 0.000000 3.880471 4.230640
10 4.449495 4.257576 4.348485 4.134680 4.368687 4.131313 4.385522 4.351852 3.796296 0.000000 4.148148
11 4.430976 4.173401 4.132997 3.888889 4.183502 4.074074 4.361953 4.277778 4.213805 4.176768 0.000000
