11
1 0.000000 12.586206 12.602122 12.615385 12.558201 12.583554 12.599469 12.558201 12.604774 12.525066 12.566137
2 12.586206 0.000000 12.464191 12.435013 12.526455 12.461538 12.458886 12.462963 12.448276 12.372031 12.410053
3 12.599469 12.461538 0.000000 12.538462 12.531746 12.509284 12.511936 12.500000 12.366048 12.435356 12.494709
4 12.610080 12.424403 12.525199 0.000000 12.513227 12.527851 12.514589 12.510582 12.509284 12.437995 11.806878
5 12.560846 12.515873 12.529100 12.510582 0.000000 12.457672 12.455027 12.412699 12.539682 12.403694 12.531746
6 12.586206 12.458886 12.509284 12.546419 12.460318 0.000000 11.933687 12.465609 12.525199 11.728232 12.457672
7 12.599469 12.461538 12.517241 12.522547 12.470900 11.931034 0.000000 12.452381 12.546419 10.915567 12.452381
8 12.558201 12.460318 12.505291 12.510582 12.420635 12.452381 12.441799 0.000000 12.518518 12.408971 12.468254
9 12.604774 12.453581 12.376657 12.514589 12.550264 12.514589 12.549071 12.513227 0.000000 12.461741 12.537037
10 12.519789 12.361478 12.440633 12.451187 12.406332 11.736148 10.910290 12.408971 12.464380 0.000000 12.393140
11 12.568783 12.415344 12.505291 11.814815 12.550264 12.462963 12.444445 12.470900 12.531746 12.395779 0.000000
