11
1 0.000000 8.559865 8.388514 8.598639 8.380953 8.649660 8.442373 8.420068 8.541455 8.217172 8.531986
2 8.596965 0.000000 7.779089 8.242833 7.750422 8.241147 7.779089 8.168634 6.143339 7.607744 8.210438
3 8.351352 7.698145 0.000000 7.751689 7.493243 7.800676 7.569257 7.461149 7.724662 6.141414 7.893939
4 8.602041 8.215852 7.807433 0.000000 8.224873 8.277873 8.011865 8.032478 8.307953 7.725589 8.067340
5 8.469388 7.865093 7.565878 8.245316 0.000000 8.097104 7.572881 8.049404 7.793570 7.555555 8.139730
6 8.656463 8.205733 7.751689 8.173242 8.035775 0.000000 8.059322 8.044444 8.033841 7.678451 7.954545
7 8.606780 7.767285 7.653716 8.020339 7.606780 8.132203 0.000000 7.961017 7.908629 7.523569 8.075758
8 8.520409 8.172007 7.548986 8.076923 8.032368 8.075213 7.959322 0.000000 8.037225 7.500000 8.119529
9 8.565144 6.131535 7.734797 8.285956 7.719120 8.179357 7.837564 8.001692 0.000000 7.705387 8.267676
10 8.296296 7.639730 6.176768 7.693603 7.646465 7.821549 7.543771 7.442761 7.717172 0.000000 7.797980
11 8.537037 8.314815 7.971380 8.095960 8.112795 7.991582 8.092592 8.090909 8.319865 7.757576 0.000000
