11
1 0.000000 237.253769 238.741852 238.665833 238.874374 238.947235 239.618088 237.796478 238.633163 236.097504 235.990005
2 237.100510 0.000000 233.067673 232.914566 233.170853 233.386932 234.871857 191.000000 231.706024 209.782501 229.479996
3 238.786972 233.280701 0.000000 235.150375 235.378448 235.223053 236.874680 233.934830 222.015045 232.627502 232.764999
4 238.595474 232.974869 235.020050 0.000000 179.118088 191.969849 231.329147 233.962311 234.351761 232.149994 224.080002
5 238.826630 233.268845 235.265671 179.145721 0.000000 192.876877 231.685928 234.097992 234.557785 232.279999 224.402496
6 238.914566 233.517593 235.165421 191.994980 192.927139 0.000000 231.675873 234.439697 234.510056 232.357498 224.320007
7 239.615585 235.022614 236.864655 231.437180 231.766327 231.680908 0.000000 235.778900 236.188446 233.772507 224.857498
8 237.690948 191.082916 233.822052 233.977386 234.025131 234.374374 235.688446 0.000000 232.919601 211.682495 230.410004
9 238.570358 231.871857 221.982452 234.422104 234.620605 234.535172 236.148239 233.020096 0.000000 230.669998 231.467499
10 235.987503 209.877502 232.514999 232.119995 232.252502 232.330002 233.692505 211.692505 230.627502 0.000000 229.679993
11 235.869995 229.550003 232.664993 224.085007 224.429993 224.262497 224.785004 230.475006 231.360001 229.660004 0.000000
