11
1 0.000000 5.115578 4.917293 4.902010 5.032663 4.854271 4.824121 4.899498 4.972362 5.035000 5.040000
2 5.110553 0.000000 4.892231 4.914573 4.809045 4.869347 4.859296 4.899498 4.195980 4.992500 5.085000
3 4.914787 4.892231 0.000000 4.538847 4.771930 3.839599 4.406015 4.596491 4.734336 4.712500 4.775000
4 4.907035 4.914573 4.538847 0.000000 4.766332 4.439699 4.105527 3.356784 4.708543 4.792500 4.557500
5 5.030151 4.804020 4.779449 4.756281 0.000000 4.748744 4.723618 4.781407 4.590452 4.892500 4.957500
6 4.856784 4.864322 3.839599 4.434673 4.748744 0.000000 4.339196 4.542714 4.640704 4.610000 4.660000
7 4.819096 4.854271 4.408521 4.103015 4.718593 4.329146 0.000000 4.130653 4.653266 4.730000 4.167500
8 4.899498 4.896985 4.598998 3.359297 4.788945 4.547739 4.135678 0.000000 4.718593 4.785000 4.540000
9 4.969849 4.201005 4.734336 4.708543 4.582914 4.640704 4.658291 4.726130 0.000000 4.897500 4.955000
10 5.040000 4.995000 4.720000 4.785000 4.895000 4.607500 4.735000 4.777500 4.887500 0.000000 4.950000
11 5.037500 5.080000 4.785000 4.560000 4.955000 4.667500 4.172500 4.542500 4.955000 4.960000 0.000000
