11
1 0.000000 248.618088 247.957397 248.718597 248.570358 248.643219 248.670853 248.721100 248.633163 247.395004 247.054993
2 248.685928 0.000000 245.533829 245.783920 242.615585 243.168335 243.223618 244.532669 245.839203 242.074997 227.425003
3 248.067673 245.528824 0.000000 229.446121 245.230576 245.566422 245.526321 245.771927 229.486221 245.037506 244.690002
4 248.645721 245.685928 229.270676 0.000000 245.608047 245.766327 245.635681 246.168335 191.884415 244.815002 244.100006
5 248.693466 242.690948 245.280701 245.809052 0.000000 237.364319 237.547745 244.100510 245.698486 237.179993 240.360001
6 248.753769 243.135681 245.496246 245.861816 237.241211 0.000000 237.140701 244.223618 245.761307 238.059998 241.169998
7 248.982407 243.399490 245.674179 245.929642 237.595474 237.268845 0.000000 244.510056 245.806534 238.494995 241.177505
8 248.851761 244.670853 245.812027 246.412064 244.075378 244.288940 244.404526 0.000000 246.329147 243.257507 242.449997
9 248.618088 245.733673 229.338348 191.886932 245.510056 245.640701 245.492462 246.097992 0.000000 244.824997 244.167496
10 247.407501 242.059998 244.997498 244.919998 237.087494 238.039993 238.317505 243.125000 244.892502 0.000000 241.172501
11 247.237503 227.539993 244.815002 244.307495 240.369995 241.270004 241.142502 242.477493 244.395004 241.282501 0.000000
