11
1 0.000000 117.173370 118.015038 116.942207 118.258797 116.919601 118.321609 116.706032 116.959801 116.989998 116.712502
2 117.175880 0.000000 115.724312 110.180908 115.379395 110.748741 116.296486 103.183418 103.007538 105.912498 104.697502
3 117.962402 115.669174 0.000000 115.481201 113.636589 115.771927 117.360901 115.155388 115.165413 116.084999 115.660004
4 116.919601 110.178391 115.543861 0.000000 115.168343 99.442207 115.937187 109.932159 109.834167 111.635002 110.885002
5 118.251259 115.396988 113.651627 115.160805 0.000000 115.836685 117.542717 114.706032 115.007538 115.722504 115.410004
6 116.929649 110.766335 115.804512 99.452263 115.864319 0.000000 116.228645 110.414574 110.615578 111.882500 111.345001
7 118.326630 116.261307 117.411026 115.967339 117.560303 116.253769 0.000000 116.138191 115.969849 116.477501 116.282501
8 116.738693 103.178391 115.225563 109.939697 114.728645 110.374374 116.153267 0.000000 89.989952 102.269997 100.434998
9 116.932159 103.007538 115.150375 109.776382 114.974876 110.580399 115.947235 89.987434 0.000000 102.157501 100.487503
10 116.970001 105.875000 116.099998 111.647499 115.692497 111.849998 116.489998 102.269997 102.150002 0.000000 99.745003
11 116.707497 104.675003 115.675003 110.875000 115.412498 111.282501 116.260002 100.412498 100.472504 99.752502 0.000000
