11
1 0.000000 0.492411 0.488176 0.500000 0.500000 0.489796 0.501695 0.491497 0.494078 0.500000 0.493266
2 0.505902 0.000000 0.465430 0.480607 0.453626 0.411467 0.485666 0.451939 0.424958 0.466330 0.441077
3 0.481419 0.441821 0.000000 0.454392 0.429054 0.451014 0.442568 0.429054 0.469595 0.462963 0.397306
4 0.498299 0.480607 0.444257 0.000000 0.364566 0.459691 0.327119 0.382906 0.483926 0.489899 0.419192
5 0.477891 0.433390 0.408784 0.354344 0.000000 0.432709 0.338983 0.366269 0.456853 0.464646 0.365320
6 0.479592 0.435076 0.467905 0.469983 0.451448 0.000000 0.479661 0.464957 0.470389 0.447811 0.441077
7 0.494915 0.462057 0.447635 0.333898 0.349153 0.469492 0.000000 0.420339 0.475465 0.473064 0.390572
8 0.489796 0.431703 0.418919 0.384615 0.374787 0.454701 0.423729 0.000000 0.487310 0.489899 0.346801
9 0.487310 0.435076 0.486486 0.494078 0.477157 0.473773 0.483926 0.494078 0.000000 0.478114 0.484848
10 0.503367 0.468013 0.489899 0.496633 0.484848 0.439394 0.483165 0.488215 0.479798 0.000000 0.481481
11 0.473064 0.447811 0.400673 0.415825 0.372054 0.439394 0.393939 0.336700 0.491582 0.476431 0.000000
