11
1 0.000000 5.668342 5.649123 5.663317 5.665829 5.680904 5.675879 5.675879 5.678392 5.642500 5.635000
2 5.663317 0.000000 5.598998 5.597990 5.459799 5.550251 5.547739 5.547739 5.603015 5.485000 5.200000
3 5.654135 5.598998 0.000000 5.225564 5.611529 5.619048 5.624060 5.624060 5.290727 5.597500 5.577500
4 5.655779 5.592965 5.230577 0.000000 5.605527 5.605527 5.630653 5.630653 4.326633 5.577500 5.552500
5 5.663317 5.474874 5.611529 5.603015 0.000000 5.424623 5.469849 5.590452 5.610553 5.430000 5.487500
6 5.670854 5.552764 5.621554 5.605527 5.427135 0.000000 5.525126 5.615578 5.630653 5.472500 5.532500
7 5.685930 5.555276 5.621554 5.645729 5.467337 5.530151 0.000000 5.610553 5.635678 5.477500 5.472500
8 5.673367 5.560301 5.609023 5.635678 5.592965 5.615578 5.603015 0.000000 5.630653 5.580000 5.522500
9 5.668342 5.597990 5.288220 4.326633 5.610553 5.623116 5.623116 5.640704 0.000000 5.572500 5.567500
10 5.647500 5.492500 5.602500 5.595000 5.425000 5.475000 5.480000 5.580000 5.577500 0.000000 5.495000
11 5.632500 5.195000 5.562500 5.552500 5.460000 5.525000 5.465000 5.507500 5.567500 5.477500 0.000000
