11
1 0.000000 9.585160 9.569257 9.625851 9.751700 9.697279 9.735593 9.681973 9.637902 9.616161 9.580808
2 9.575042 0.000000 9.426644 9.433390 9.573356 9.495784 9.598651 9.473862 9.468802 9.474748 9.442760
3 9.581081 9.446880 0.000000 9.354730 9.584459 9.503378 9.594595 9.479730 9.489865 9.489899 9.439394
4 9.639456 9.451940 9.353041 0.000000 9.660988 9.646655 9.633899 9.594872 9.514382 9.503367 9.451179
5 9.755102 9.588532 9.582770 9.657581 0.000000 9.737649 9.637288 9.706985 9.649746 9.634680 9.595960
6 9.700681 9.502529 9.491554 9.638079 9.732538 0.000000 9.694915 9.553846 9.463621 9.533670 9.405724
7 9.757627 9.625632 9.606419 9.644068 9.657627 9.720339 0.000000 9.701694 9.685279 9.664983 9.631313
8 9.695579 9.492412 9.481419 9.605128 9.722317 9.572650 9.700000 0.000000 9.460237 9.513468 9.402357
9 9.619289 9.465430 9.464527 9.487309 9.632826 9.451777 9.642978 9.429780 0.000000 9.494949 9.377105
10 9.638047 9.501683 9.506734 9.515152 9.651515 9.553872 9.668350 9.515152 9.528620 0.000000 9.505051
11 9.574074 9.446128 9.420876 9.432660 9.584175 9.404040 9.602694 9.383839 9.385522 9.476431 0.000000
