11
1 0.000000 12.039788 11.984085 11.965517 12.005291 11.970822 12.140584 11.923281 11.984085 12.021109 12.021164
2 12.053050 0.000000 11.862069 11.421751 11.843915 11.429708 11.896552 10.539682 10.538462 11.002639 10.910053
3 11.997348 11.864721 0.000000 11.846154 11.753968 11.864721 12.066313 11.783069 11.832891 11.936675 11.886244
4 11.965517 11.419098 11.846154 0.000000 11.841269 10.262600 11.830238 11.222222 11.312998 11.474934 11.497355
5 11.994709 11.843915 11.753968 11.825397 0.000000 11.791005 12.037037 11.722222 11.753968 11.920844 11.933863
6 11.960212 11.442971 11.859416 10.254642 11.798942 0.000000 11.862069 11.174603 11.310345 11.509234 11.518518
7 12.153846 11.877984 12.053050 11.819629 12.031746 11.851459 0.000000 11.814815 11.816977 11.897098 11.973545
8 11.915344 10.537037 11.788360 11.198413 11.730159 11.177249 11.796296 0.000000 8.833333 10.350924 10.214286
9 11.986737 10.535809 11.824934 11.297082 11.743386 11.312998 11.819629 8.835979 0.000000 10.448549 10.322751
10 12.013192 11.002639 11.928760 11.464380 11.918206 11.493403 11.881267 10.358839 10.453826 0.000000 10.327177
11 12.018518 10.910053 11.883598 11.497355 11.947090 11.526455 11.970900 10.214286 10.338624 10.332454 0.000000
