11
1 0.000000 262.801056 262.811676 262.896545 262.074066 262.917786 262.893890 262.261902 262.827576 261.469666 261.756622
2 262.816986 0.000000 260.039795 259.702911 255.544968 256.750671 256.893890 257.653442 259.710876 255.535614 240.420639
3 262.835541 260.045105 0.000000 242.665787 259.039673 260.042450 260.076935 259.576721 242.671082 258.810028 259.156097
4 262.912476 259.697601 242.663132 0.000000 258.978821 259.766571 259.644562 259.603180 202.299728 258.744049 258.616394
5 262.087311 255.500000 259.023804 258.957672 0.000000 249.738098 249.994705 257.068787 258.791016 250.240112 254.312164
6 262.933685 256.763916 260.031830 259.769226 249.743393 0.000000 250.291779 257.320099 259.647217 251.221634 255.301590
7 262.901855 256.891235 260.055695 259.652527 249.976196 250.313004 0.000000 257.407410 259.442963 251.506592 255.134918
8 262.293640 257.650787 259.579376 259.595245 257.076721 257.322754 257.415344 0.000000 259.507935 256.812653 256.566132
9 262.848816 259.718842 242.660477 202.299728 258.796295 259.647217 259.442963 259.489410 0.000000 258.688660 258.687836
10 261.488129 255.562012 258.817932 258.741425 250.221634 251.205811 251.496048 256.828491 258.696564 0.000000 254.659637
11 261.798950 240.457672 259.190491 258.640198 254.341263 255.309525 255.164017 256.589935 258.703705 254.693924 0.000000
