11
1 0.000000 235.198486 237.736847 240.105530 236.268845 238.605530 238.849243 240.540207 236.721100 240.255005 237.122498
2 235.188446 0.000000 229.005020 231.989944 224.670853 230.414566 231.143219 232.675873 213.826630 235.139999 229.380005
3 237.538849 228.814529 0.000000 235.278198 230.914780 208.641602 234.488724 236.365921 231.681702 237.645004 227.000000
4 240.082916 231.967331 235.421051 0.000000 225.695984 236.706024 237.550247 237.374374 234.211060 239.367493 235.304993
5 236.143219 224.560303 231.060150 225.638184 0.000000 232.020096 233.145721 232.663315 228.065323 236.354996 230.652496
6 238.507538 230.326630 208.726822 236.658295 231.997482 0.000000 236.010056 237.552765 233.344223 238.052505 228.110001
7 238.763824 231.153259 234.626572 237.527634 233.201004 236.110550 0.000000 237.982407 233.547745 231.664993 234.512497
8 240.482407 232.635681 236.503754 237.316589 232.693466 237.572861 237.984924 0.000000 234.703522 239.994995 236.402496
9 236.638184 213.819092 231.832077 234.183411 228.055283 233.394470 233.520096 234.683411 0.000000 236.414993 231.565002
10 240.029999 234.994995 237.654999 239.279999 236.267502 237.937500 231.595001 239.869995 236.264999 0.000000 238.119995
11 236.972504 229.287506 227.014999 235.240005 230.580002 228.067505 234.445007 236.352493 231.427505 238.179993 0.000000
