11
1 0.000000 5.484925 5.486216 5.472362 5.472362 5.500000 5.497488 5.489950 5.484925 5.437500 5.427500
2 5.484925 0.000000 5.323308 5.344221 5.336683 5.374372 5.341709 4.291457 5.283920 4.805000 5.242500
3 5.488722 5.330827 0.000000 5.413534 5.403509 5.426065 5.436090 5.388471 5.192983 5.382500 5.355000
4 5.484925 5.344221 5.413534 0.000000 3.952261 4.396985 5.374372 5.417086 5.384422 5.360000 5.235000
5 5.482412 5.344221 5.393484 3.959799 0.000000 4.409548 5.369347 5.402010 5.366834 5.347500 5.215000
6 5.502512 5.374372 5.408521 4.404522 4.404522 0.000000 5.374372 5.434673 5.376884 5.367500 5.235000
7 5.510050 5.351759 5.436090 5.376884 5.361809 5.376884 0.000000 5.412060 5.427135 5.380000 5.207500
8 5.482412 4.286432 5.393484 5.407035 5.396985 5.429648 5.412060 0.000000 5.351759 4.870000 5.300000
9 5.469849 5.281407 5.187970 5.381909 5.364322 5.371859 5.419598 5.334171 0.000000 5.325000 5.297500
10 5.440000 4.810000 5.377500 5.345000 5.340000 5.355000 5.367500 4.875000 5.327500 0.000000 5.277500
11 5.427500 5.247500 5.347500 5.230000 5.212500 5.255000 5.202500 5.302500 5.302500 5.282500 0.000000
