11
1 0.000000 22.559681 22.076923 22.371353 22.579365 22.299734 22.867374 21.936508 22.509283 22.377308 22.351852
2 22.559681 0.000000 20.745358 20.997347 16.912699 21.122015 17.647215 20.682539 19.702917 21.282322 21.412699
3 22.068966 20.740053 0.000000 18.591513 21.029100 18.811670 21.339523 14.867724 21.233421 19.094986 20.883598
4 22.368700 20.981432 18.583555 0.000000 21.079365 19.129974 21.395226 18.380953 21.477453 19.348286 21.140211
5 22.574074 16.904762 21.037037 21.079365 0.000000 21.264551 18.343916 20.986773 20.140211 21.496042 21.634920
6 22.302387 21.127321 18.814323 19.140583 21.275133 0.000000 21.567638 18.685184 21.546419 18.248020 21.195766
7 22.870026 17.639257 21.336870 21.400530 18.346561 21.559681 0.000000 21.211639 20.607428 21.807388 21.986773
8 21.928572 20.674603 14.865079 18.388889 20.976191 18.682539 21.214285 0.000000 21.105820 18.976254 20.769842
9 22.514589 19.697613 21.233421 21.482759 20.132275 21.522547 20.602121 21.105820 0.000000 21.627968 21.910053
10 22.382586 21.279684 19.094986 19.356201 21.496042 18.245382 21.810026 18.976254 21.627968 0.000000 21.416887
11 22.365080 21.415344 20.886244 21.156084 21.642857 21.198412 21.989418 20.793652 21.917990 21.419525 0.000000
