11
1 0.000000 11.130653 11.238095 11.195980 11.309045 11.301508 11.316583 11.256282 11.271357 11.165000 11.252500
2 11.133165 0.000000 10.541353 10.610553 10.610553 10.763819 10.683417 10.658292 10.618091 10.605000 10.670000
3 11.240602 10.556391 0.000000 10.827067 8.273183 10.974937 10.829574 10.882206 10.839599 10.750000 8.920000
4 11.218593 10.613066 10.822055 0.000000 10.899497 10.927135 10.809045 9.341708 10.731155 8.877500 10.802500
5 11.296482 10.620603 8.278195 10.899497 0.000000 11.002513 10.859297 10.927135 10.884422 10.812500 8.900000
6 11.314071 10.771357 10.964912 10.904523 11.017588 0.000000 10.550251 10.964824 10.236181 10.840000 10.950000
7 11.319096 10.675879 10.827067 10.806533 10.856784 10.530150 0.000000 10.854271 10.304020 10.672500 10.897500
8 11.278894 10.668342 10.884712 9.339196 10.939698 10.974874 10.856784 0.000000 10.816583 9.392500 10.930000
9 11.268845 10.630653 10.839599 10.736181 10.884422 10.243718 10.314071 10.826633 0.000000 10.707500 10.835000
10 11.185000 10.607500 10.757500 8.875000 10.822500 10.842500 10.667500 9.392500 10.710000 0.000000 10.905000
11 11.245000 10.682500 8.930000 10.812500 8.905000 10.945000 10.902500 10.935000 10.832500 10.910000 0.000000
