11
1 0.000000 95.640701 94.827065 95.535179 96.751259 93.123116 95.836685 95.359299 94.286430 93.815002 96.425003
2 95.638191 0.000000 90.781952 94.781410 89.314072 91.939697 91.587936 84.082916 93.050255 92.860001 88.845001
3 94.809525 90.769424 0.000000 93.824562 91.759399 91.253136 75.195488 90.914787 91.974937 92.182503 91.392502
4 95.535179 94.773872 93.854637 0.000000 95.761307 85.643219 94.861809 94.484924 79.115578 78.290001 95.144997
5 96.731155 89.286430 91.759399 95.713570 0.000000 93.399498 92.615578 89.319092 94.198494 93.930000 77.472504
6 93.108040 91.909546 91.248123 85.638191 93.391960 0.000000 92.208542 91.962311 82.984924 82.989998 92.900002
7 95.816582 91.545227 75.190475 94.841705 92.610550 92.203514 0.000000 91.726128 93.012566 92.885002 92.055000
8 95.306534 84.042717 90.889725 94.452263 89.301506 91.929649 91.711052 0.000000 93.027641 92.574997 88.857498
9 94.271355 93.025124 91.974937 79.108040 94.216080 82.989952 93.040199 93.057793 0.000000 76.699997 93.647499
10 93.797501 92.832497 92.199997 78.282501 93.945000 82.992500 92.912498 92.612503 76.705002 0.000000 93.754997
11 96.422501 88.830002 91.367500 95.120003 77.442497 92.925003 92.035004 88.877502 93.627502 93.739998 0.000000
