11
1 0.000000 11.310287 11.072635 11.346939 11.079932 11.045918 11.110169 11.564626 11.020305 10.932660 11.072391
2 11.263069 0.000000 11.111299 10.013491 11.057336 10.757167 10.824620 11.635751 11.028667 10.956229 11.092592
3 11.006757 11.074199 0.000000 11.042230 10.368243 10.741554 10.800675 11.295609 10.285473 10.260942 10.350168
4 11.335034 10.040472 11.087838 0.000000 11.153322 10.874785 10.837288 11.731624 10.996616 10.919192 11.077441
5 11.056123 11.026981 10.395270 11.091993 0.000000 10.826235 10.820339 11.386712 10.328258 10.239058 10.356902
6 11.005102 10.736931 10.783784 10.850772 10.853493 0.000000 10.542373 11.393163 10.720812 10.654882 10.811448
7 11.144068 10.866779 10.896959 10.881356 10.916949 10.588136 0.000000 11.462712 10.825719 10.769361 10.890573
8 11.520409 11.569983 11.309122 11.637607 11.395230 11.365812 11.367797 0.000000 11.214890 11.168350 11.324916
9 10.983080 11.016864 10.332770 11.001692 10.343486 10.710660 10.761421 11.282572 0.000000 9.888889 10.318182
10 10.867003 10.936027 10.282828 10.883839 10.232324 10.611111 10.668350 11.181818 9.858586 0.000000 10.276094
11 11.005051 11.085858 10.370370 11.053872 10.358586 10.784512 10.811448 11.340067 10.299664 10.289562 0.000000
