11
1 0.000000 73.903877 73.579391 76.724487 75.260201 74.066330 75.130508 75.222786 74.527916 75.057236 75.951180
2 73.983139 0.000000 63.273186 67.524452 65.384483 60.242832 65.468803 66.018547 61.925800 66.026939 67.496635
3 73.631760 63.406406 0.000000 67.366554 65.094597 62.214527 61.076012 65.410477 63.508446 65.715485 67.185188
4 76.340134 67.790894 67.283783 0.000000 65.649063 67.404800 69.464409 69.437607 67.615906 65.845116 58.875420
5 75.397957 65.458687 64.815880 65.788757 0.000000 64.553665 66.922035 67.323677 65.580376 63.996632 65.202019
6 73.945580 60.421585 62.106419 67.360207 64.860306 0.000000 64.357628 65.663246 58.015228 65.011787 66.439392
7 74.994919 65.318718 60.878380 69.142372 66.977966 64.428810 0.000000 67.818642 65.715736 67.636360 68.831650
8 75.438774 65.988197 65.597977 69.880341 67.442932 65.639313 67.772881 0.000000 66.362099 67.671715 68.939392
9 74.248734 62.040474 63.253380 67.406090 65.382401 57.913704 65.534683 66.296112 0.000000 66.180138 67.520203
10 75.284515 66.225586 65.550507 66.035355 63.824917 65.026939 67.797981 67.659935 66.328285 0.000000 66.393936
11 76.116165 67.648148 66.951180 58.801346 65.323235 66.447815 69.031990 68.883835 67.547134 66.267677 0.000000
