11
1 0.000000 90.676224 89.515205 87.629250 90.935371 90.930275 90.115257 91.471092 89.089676 89.395622 88.301346
2 90.330521 0.000000 79.229340 88.554810 90.996628 86.465431 81.424957 82.318718 77.735245 79.917511 90.420876
3 89.712837 79.627319 0.000000 86.567566 89.993240 81.697632 72.694260 78.270271 61.586147 69.939392 88.082489
4 87.284012 88.701515 86.523651 0.000000 80.572403 89.373924 88.267799 89.994873 85.598984 86.708755 78.398987
5 90.921768 91.006744 89.869934 80.645653 0.000000 91.988075 90.896606 92.478706 90.641289 89.920876 86.968010
6 91.241493 86.512650 80.837837 89.651802 92.376488 0.000000 84.055931 86.391457 80.461929 82.257576 89.570709
7 90.454239 82.139969 72.854729 87.696609 90.801697 84.789833 0.000000 80.844070 71.172592 66.691917 89.644783
8 91.773811 82.322090 78.449326 90.329918 92.144806 86.958977 81.684746 0.000000 77.187820 79.595963 90.326599
9 89.081215 77.829681 61.532093 85.323181 90.055840 80.384094 71.321487 77.431473 0.000000 67.915825 87.961281
10 89.264313 79.937714 69.880470 87.205391 90.215485 81.754211 66.641411 78.996635 67.762627 0.000000 89.410774
11 87.745789 90.385521 88.203705 77.759262 86.511787 89.565659 89.685188 90.148148 87.966331 88.882156 0.000000
