11
1 0.000000 14.889447 14.904762 14.062814 13.982412 14.479899 15.195980 14.329145 14.148241 14.057500 13.920000
2 14.881909 0.000000 15.456141 14.871860 14.783919 15.216081 15.711055 14.216081 14.809045 14.747500 14.650000
3 14.904762 15.466166 0.000000 14.701755 14.669173 15.140351 13.661654 15.077694 14.511278 14.822500 14.492500
4 14.055276 14.874372 14.696742 0.000000 13.736181 14.047739 15.012563 14.238693 13.987437 13.955000 13.735000
5 13.974874 14.783919 14.664161 13.736181 0.000000 14.160804 14.932160 14.208543 13.899497 13.880000 13.665000
6 14.487437 15.228643 15.147870 14.062814 14.170855 0.000000 15.474874 14.690955 14.419598 14.357500 14.197500
7 15.195980 15.718593 13.661654 15.012563 14.939698 15.467337 0.000000 15.316583 14.801508 15.072500 14.735000
8 14.321608 14.216081 15.070175 14.236181 14.206030 14.675879 15.309045 0.000000 14.304020 14.140000 14.127500
9 14.135678 14.806533 14.501253 13.979899 13.891960 14.399497 14.788945 14.298995 0.000000 14.057500 13.677500
10 14.062500 14.762500 14.830000 13.965000 13.890000 14.355000 15.080000 14.155000 14.075000 0.000000 13.892500
11 13.915000 14.652500 14.490000 13.735000 13.667500 14.187500 14.732500 14.132500 13.685000 13.882500 0.000000
