11
1 0.000000 165.134903 165.462845 166.093536 165.984695 166.125854 165.418640 167.034012 165.089676 165.604370 163.412460
2 164.833054 0.000000 151.431702 150.261383 143.172012 144.711639 144.227661 148.666107 151.015182 144.560608 127.553871
3 165.471283 151.441818 0.000000 129.540543 150.608109 151.603043 152.496628 154.097977 129.836151 152.484848 149.912460
4 168.348633 151.758850 129.552368 0.000000 152.362869 154.900513 153.038986 155.890594 111.546532 152.301346 150.158249
5 165.596939 143.389542 150.738174 151.344116 0.000000 137.787048 137.177963 148.417374 150.084610 137.619522 140.500000
6 167.207489 144.738617 151.935806 154.097763 137.911407 0.000000 137.037292 149.820511 151.610825 138.575760 142.442764
7 166.462708 145.261383 153.895264 152.732208 137.777969 137.005081 0.000000 149.094910 152.472076 139.432663 142.132996
8 168.965988 149.384491 154.724655 155.558975 149.045990 149.675217 149.125427 0.000000 153.764801 148.823227 146.673401
9 166.602371 151.964584 129.486481 111.566833 151.390869 152.553299 151.861252 153.421326 0.000000 152.476425 149.030304
10 165.691925 144.555557 152.678452 151.984848 137.579132 139.193604 139.129623 148.503372 151.747482 0.000000 142.498322
11 165.235687 128.111115 150.772720 149.863632 141.397308 143.045456 142.616165 146.764313 149.380478 142.656570 0.000000
