11
1 0.000000 16.438448 16.320946 16.153061 16.312925 16.010204 16.533897 16.477892 16.148901 16.094276 16.402357
2 16.421585 0.000000 15.323777 15.389544 15.175380 15.069140 15.618887 15.586846 15.198988 15.168350 12.808081
3 16.278717 15.306914 0.000000 13.579391 13.146959 14.386825 15.297297 14.195946 12.511825 13.436027 15.365320
4 16.236395 15.310287 13.763514 0.000000 13.575809 14.634648 15.342373 13.529915 13.370559 12.223906 15.323233
5 16.307823 15.143339 13.038852 13.701874 0.000000 14.078364 15.096610 14.091993 12.607445 13.139730 15.037037
6 16.159864 15.086003 14.457770 14.636364 14.156729 0.000000 14.816949 14.967522 14.262267 14.303030 15.053872
7 16.632204 15.741990 15.403716 15.364407 15.144068 14.793221 0.000000 15.603390 15.243655 15.000000 15.710438
8 16.590136 15.586846 14.192568 13.606837 14.076661 14.841025 15.598305 0.000000 13.876480 13.215488 15.607744
9 16.184433 15.220911 12.597973 13.395939 12.624366 14.177665 15.265652 13.947547 0.000000 13.111111 15.166667
10 16.247475 15.267676 13.624579 12.299664 13.336700 14.257576 15.291245 13.375421 13.203704 0.000000 15.361953
11 16.405724 12.782828 15.338384 15.306397 15.018518 14.974748 15.750842 15.498317 15.213804 15.252525 0.000000
