11
1 0.000000 5.665782 5.801061 5.809019 5.658730 5.745358 5.763926 5.772487 5.755968 5.825858 5.724868
2 5.668435 0.000000 5.538462 5.578249 5.296296 5.586207 5.586207 5.552910 5.188329 5.686016 5.476191
3 5.793103 5.538462 0.000000 5.655172 5.476191 5.084881 5.620690 5.698413 5.607427 5.730871 5.468254
4 5.801061 5.580902 5.655172 0.000000 5.412698 5.649868 5.753315 5.716931 5.716180 5.786280 5.722222
5 5.642857 5.293651 5.468254 5.407407 0.000000 5.513227 5.555555 5.568783 5.507936 5.691293 5.529100
6 5.755968 5.580902 5.076923 5.639257 5.518518 0.000000 5.655172 5.666667 5.612732 5.728232 5.452381
7 5.761273 5.583554 5.623342 5.761273 5.574074 5.649868 0.000000 5.777778 5.673740 5.604222 5.648148
8 5.761905 5.539682 5.690476 5.708995 5.576720 5.661376 5.772487 0.000000 5.645503 5.754617 5.698413
9 5.755968 5.180371 5.596817 5.721486 5.510582 5.612732 5.665782 5.648148 0.000000 5.696570 5.582011
10 5.812665 5.688654 5.728232 5.781003 5.693932 5.712401 5.598945 5.767810 5.693932 0.000000 5.720316
11 5.714286 5.462963 5.465609 5.716931 5.529100 5.441799 5.645503 5.714286 5.574074 5.725594 0.000000
