11
1 0.000000 22.702917 21.960213 22.053051 22.428572 21.771883 21.511936 21.846561 22.350132 22.474934 22.465609
2 22.708223 0.000000 21.684351 21.851460 21.608465 21.477453 21.419098 21.664021 18.827587 22.329815 22.230158
3 21.965517 21.673740 0.000000 20.358089 21.537037 17.795755 19.726791 20.280424 21.233421 21.108179 21.256615
4 22.053051 21.830238 20.363396 0.000000 21.761906 19.989389 18.535809 15.383598 21.236074 21.050133 20.494709
5 22.433863 21.600529 21.537037 21.759260 0.000000 21.248676 21.058201 21.626984 20.865080 22.134565 22.097883
6 21.779840 21.482759 17.795755 19.984085 21.251324 0.000000 19.302387 19.878307 20.970821 20.675461 20.928572
7 21.522547 21.424402 19.740053 18.538462 21.074074 19.307692 0.000000 18.470900 20.681698 20.664907 19.317461
8 21.843916 21.640211 20.275133 15.386244 21.626984 19.880953 18.465609 0.000000 21.100529 20.960423 20.383598
9 22.363396 18.811670 21.244032 21.244032 20.862434 20.973475 20.681698 21.105820 0.000000 21.839050 21.708994
10 22.472296 22.337730 21.108179 21.044855 22.142481 20.672823 20.654354 20.952507 21.836412 0.000000 21.868074
11 22.484127 22.240740 21.251324 20.502645 22.116402 20.928572 19.312170 20.399471 21.708994 21.875990 0.000000
