11
1 0.000000 5.140704 5.177945 5.291457 5.190955 5.361809 5.168342 5.396985 5.354271 5.322500 5.360000
2 5.140704 0.000000 4.736842 5.108040 4.816583 5.045226 4.462312 5.080402 5.223618 5.027500 5.232500
3 5.177945 4.739348 0.000000 5.082707 4.899749 5.132832 4.593985 5.085213 5.175438 5.040000 5.230000
4 5.283920 5.110553 5.085213 0.000000 4.924623 5.281407 5.065327 5.309045 4.140704 5.312500 5.157500
5 5.203517 4.814070 4.904762 4.909548 0.000000 5.193467 4.826633 5.218593 4.957286 5.197500 5.127500
6 5.356784 5.045226 5.137845 5.288945 5.178392 0.000000 4.979899 4.896985 5.331658 4.765000 5.417500
7 5.163317 4.459799 4.596491 5.067839 4.826633 4.974874 0.000000 5.045226 5.097990 5.012500 5.205000
8 5.394473 5.085427 5.105263 5.309045 5.231156 4.894473 5.065327 0.000000 5.364322 4.265000 5.387500
9 5.351759 5.216080 5.172932 4.140704 4.957286 5.316583 5.092965 5.356784 0.000000 5.332500 5.185000
10 5.317500 5.027500 5.050000 5.305000 5.182500 4.762500 5.010000 4.265000 5.335000 0.000000 5.355000
11 5.347500 5.227500 5.225000 5.152500 5.125000 5.415000 5.212500 5.375000 5.190000 5.355000 0.000000
