11
1 0.000000 99.315346 99.143578 99.874153 100.508507 100.260201 99.705086 100.073128 99.918785 98.867004 98.821548
2 99.133224 0.000000 94.490723 94.457001 95.322090 95.242836 94.644180 94.961212 94.978081 94.429291 94.400673
3 99.038849 94.593590 0.000000 94.195946 95.204391 94.937500 94.457771 94.597977 95.092903 93.727272 93.367004
4 99.933670 94.725128 94.363174 0.000000 96.165245 96.687820 94.938980 96.034187 95.417938 94.166664 94.124580
5 100.632652 95.642494 95.417229 96.223167 0.000000 96.945488 95.342369 96.660988 96.297798 95.220535 95.163300
6 100.132652 95.320404 94.910477 96.497429 96.695061 0.000000 95.555931 96.054703 95.976311 94.710434 94.664986
7 99.705086 94.856659 94.570946 94.884743 95.237289 95.696609 0.000000 95.374573 95.544838 94.387207 94.329964
8 100.005104 95.107925 94.646957 95.916237 96.488930 96.133331 95.310173 0.000000 95.766495 94.471382 94.404037
9 99.966156 95.231026 95.256760 95.417938 96.240273 96.162437 95.588829 95.876480 0.000000 95.037041 95.006737
10 98.882156 94.626259 93.828285 94.099327 95.099327 94.838387 94.373741 94.520203 94.986534 0.000000 93.905724
11 98.742424 94.521889 93.387207 93.978111 94.962959 94.715485 94.239059 94.377106 94.872055 93.826599 0.000000
