11
1 0.000000 202.421753 201.474808 203.135284 205.515869 198.289124 203.061005 202.206345 200.697617 200.029022 205.330688
2 202.421753 0.000000 190.557022 199.602127 189.428574 193.938995 192.053055 177.534393 196.570297 196.145126 189.039688
3 201.469498 190.551727 0.000000 198.204239 194.222229 193.082230 158.713531 190.624344 195.058350 194.691299 193.664017
4 203.127319 199.586212 198.206894 0.000000 202.873016 181.190979 199.896545 199.010590 167.421753 165.828491 202.346558
5 205.502640 189.415344 194.222229 202.875656 0.000000 197.865082 195.780426 189.947083 199.931213 199.994720 165.716934
6 198.278519 193.931030 193.076920 181.185669 197.870377 0.000000 194.641907 193.896820 176.368698 176.005280 197.576721
7 203.045090 192.045090 158.705566 199.885941 195.780426 194.641907 0.000000 192.142853 196.734741 196.221634 195.206345
8 202.201065 177.526459 190.621689 199.021164 189.952377 193.904755 192.153442 0.000000 196.269836 196.118729 189.420639
9 200.681702 196.559677 195.050400 167.416443 199.939148 176.366043 196.737396 196.269836 0.000000 162.279678 199.447083
10 200.018463 196.147751 194.688660 165.836411 200.010559 176.010559 196.226913 196.126648 162.290237 0.000000 199.453827
11 205.338623 189.042328 193.661377 202.362427 165.724869 197.587296 195.216934 189.431213 199.465607 199.448547 0.000000
