11
1 0.000000 0.478921 0.478041 0.508503 0.477891 0.496599 0.474576 0.503401 0.478849 0.473064 0.476431
2 0.499157 0.000000 0.421585 0.423272 0.468803 0.451939 0.431703 0.424958 0.440135 0.446128 0.397306
3 0.481419 0.414840 0.000000 0.447635 0.461149 0.454392 0.440878 0.451014 0.378378 0.429293 0.419192
4 0.501701 0.426644 0.440878 0.000000 0.475298 0.463122 0.457627 0.461538 0.441624 0.434343 0.301347
5 0.484694 0.458685 0.454392 0.494037 0.000000 0.451448 0.435593 0.431005 0.463621 0.444444 0.451178
6 0.511905 0.450253 0.462838 0.475129 0.458262 0.000000 0.298305 0.437607 0.450085 0.316498 0.451178
7 0.488136 0.423272 0.449324 0.449153 0.440678 0.293220 0.000000 0.405085 0.458545 0.235690 0.425926
8 0.508503 0.419899 0.457770 0.458120 0.434412 0.429060 0.400000 0.000000 0.465313 0.417508 0.439394
9 0.478849 0.440135 0.373311 0.448393 0.467005 0.438240 0.428088 0.460237 0.000000 0.427609 0.419192
10 0.479798 0.437710 0.436027 0.444444 0.449495 0.301347 0.239057 0.409091 0.430976 0.000000 0.417508
11 0.481481 0.397306 0.432660 0.309764 0.449495 0.452862 0.437710 0.429293 0.434343 0.430976 0.000000
