11
1 0.000000 5.970822 5.954907 5.960212 5.944445 5.968170 5.978780 5.955027 5.960212 5.928760 5.947090
2 5.970822 0.000000 5.909814 5.893899 5.746032 5.856764 5.846154 5.825397 5.888594 5.773087 5.497355
3 5.954907 5.915119 0.000000 5.530504 5.917989 5.925729 5.933687 5.915344 5.607427 5.886544 5.888889
4 5.954907 5.893899 5.527852 0.000000 5.891534 5.901857 5.944297 5.928571 4.546419 5.875989 5.873016
5 5.941799 5.743386 5.910053 5.886243 0.000000 5.708995 5.753968 5.873016 5.894180 5.709763 5.785714
6 5.968170 5.870027 5.931035 5.904509 5.698413 0.000000 5.824934 5.902116 5.928382 5.759894 5.851852
7 5.981432 5.856764 5.936339 5.938992 5.748677 5.814323 0.000000 5.896825 5.933687 5.783641 5.793651
8 5.955027 5.841270 5.917989 5.931217 5.878307 5.894180 5.902116 0.000000 5.923280 5.881267 5.833333
9 5.970822 5.901857 5.599470 4.546419 5.902116 5.923077 5.936339 5.920635 0.000000 5.875989 5.891534
10 5.931398 5.781003 5.891820 5.883905 5.704485 5.770449 5.770449 5.865435 5.873351 0.000000 5.796834
11 5.955027 5.492064 5.888889 5.875661 5.788360 5.838624 5.791005 5.825397 5.888889 5.796834 0.000000
