11
1 0.000000 6.682968 6.635135 6.488095 6.542517 6.632653 6.655932 6.700680 6.468697 6.587542 6.412458
2 6.627319 0.000000 5.010118 5.202361 5.342327 5.121417 5.080945 5.094435 5.264755 4.909091 5.186869
3 6.564189 4.996627 0.000000 5.140203 5.297297 5.027027 4.986486 5.025338 5.204392 4.819865 5.112794
4 6.462585 5.192243 5.118243 0.000000 4.935264 5.101201 5.174576 5.239316 4.793570 5.047138 4.542088
5 6.500000 5.345700 5.300676 4.948893 0.000000 5.269165 5.350847 5.398637 4.776650 5.228956 4.883838
6 6.603742 5.131535 5.027027 5.128645 5.294719 0.000000 5.081356 5.157265 5.170897 4.986532 5.048821
7 6.601695 5.059022 4.962838 5.184746 5.333898 5.054237 0.000000 4.984746 5.240271 4.890573 5.151515
8 6.656463 5.089376 5.020270 5.266667 5.396934 5.153846 4.994915 0.000000 5.291032 4.952862 5.203704
9 6.392555 5.229342 5.167230 4.796954 4.759729 5.123519 5.221658 5.247039 0.000000 5.106061 4.757576
10 6.515152 4.907407 4.808081 5.065657 5.215488 4.968013 4.895623 4.939394 5.117845 0.000000 5.069024
11 6.388889 5.195286 5.111111 4.560606 4.888889 5.033670 5.166667 5.203704 4.776094 5.058923 0.000000
