11
1 0.000000 9.959528 9.945946 10.020409 10.100340 10.059524 10.005085 10.032313 10.005076 9.919192 9.912457
2 9.964587 0.000000 9.472176 9.482293 9.598651 9.568296 9.505902 9.521079 9.482293 9.471380 9.459596
3 9.937500 9.451940 0.000000 9.422297 9.535473 9.508446 9.444257 9.461148 9.488175 9.380471 9.321548
4 10.027211 9.482293 9.444257 0.000000 9.649063 9.670669 9.510169 9.593163 9.532995 9.437711 9.424242
5 10.107142 9.580101 9.545609 9.638842 0.000000 9.706985 9.537288 9.669506 9.629441 9.531986 9.521886
6 10.057823 9.548060 9.513514 9.656947 9.701874 0.000000 9.574576 9.601709 9.600677 9.488215 9.488215
7 10.005085 9.492412 9.449325 9.494915 9.544067 9.579661 0.000000 9.537288 9.543147 9.439394 9.434343
8 10.034014 9.507588 9.467905 9.576068 9.669506 9.601709 9.537288 0.000000 9.563452 9.449495 9.447811
9 10.003384 9.456998 9.481419 9.509306 9.624366 9.595601 9.531302 9.556684 0.000000 9.473064 9.459596
10 9.927609 9.454545 9.383839 9.424242 9.535354 9.489899 9.437711 9.449495 9.481482 0.000000 9.393939
11 9.912457 9.444445 9.326599 9.404040 9.520202 9.489899 9.430977 9.446128 9.468014 9.390573 0.000000
