11
1 0.000000 9.846543 9.871622 9.750000 9.721088 9.836735 9.959322 9.816326 9.717428 9.670033 9.632997
2 9.843170 0.000000 10.008431 9.858347 9.848229 9.925801 10.040472 9.708263 9.853289 9.796296 9.809764
3 9.900338 10.021922 0.000000 9.873311 9.846284 9.951014 9.621622 9.942568 9.817568 9.858586 9.777778
4 9.714286 9.817875 9.829391 0.000000 9.652471 9.795883 9.908475 9.808547 9.675127 9.621212 9.569023
5 9.714286 9.833053 9.829391 9.683135 0.000000 9.787053 9.913559 9.800681 9.671742 9.624579 9.579124
6 9.838435 9.939292 9.949325 9.842196 9.793867 0.000000 10.030508 9.936752 9.793571 9.745791 9.713804
7 9.983051 10.055649 9.631757 9.962712 9.940678 10.040678 0.000000 10.016949 9.890017 9.914142 9.824916
8 9.819728 9.716695 9.937500 9.851282 9.812607 9.936752 10.013559 0.000000 9.771574 9.685185 9.693603
9 9.695432 9.831366 9.785473 9.678511 9.651439 9.764806 9.842640 9.737733 0.000000 9.643098 9.560606
10 9.651515 9.789562 9.823233 9.646464 9.619529 9.728956 9.878788 9.666667 9.653198 0.000000 9.607744
11 9.597643 9.776094 9.737373 9.577441 9.557240 9.676767 9.784512 9.659933 9.555555 9.594276 0.000000
