11
1 0.000000 2.172007 2.175676 2.197279 2.251701 2.210884 2.232203 2.227891 2.191201 2.176768 2.186869
2 2.160202 0.000000 2.126476 2.141653 2.204047 2.151771 2.185498 2.166948 2.134907 2.127946 2.132997
3 2.170608 2.134907 0.000000 2.140203 2.209460 2.167230 2.192568 2.185811 2.155406 2.141414 2.153199
4 2.192177 2.148398 2.140203 0.000000 2.231687 2.198971 2.211864 2.213675 2.169205 2.154882 2.164983
5 2.251701 2.215852 2.212838 2.236797 0.000000 2.260647 2.233898 2.269165 2.231811 2.218855 2.225589
6 2.205782 2.158516 2.167230 2.197256 2.255537 0.000000 2.228814 2.201710 2.162436 2.166667 2.151515
7 2.233898 2.198988 2.197635 2.216949 2.235593 2.235593 0.000000 2.252542 2.218274 2.203704 2.210438
8 2.215986 2.165261 2.177365 2.203419 2.257240 2.194872 2.237288 0.000000 2.164129 2.171717 2.153199
9 2.186125 2.139966 2.155406 2.169205 2.226734 2.162436 2.211506 2.170897 0.000000 2.149832 2.141414
10 2.168350 2.132997 2.139731 2.153199 2.212121 2.164983 2.196970 2.176768 2.148148 0.000000 2.149832
11 2.176768 2.136364 2.148148 2.161616 2.218855 2.148148 2.202020 2.156566 2.136364 2.148148 0.000000
