11
1 0.000000 254.013260 253.819626 251.400528 252.783066 254.575592 254.633957 251.137573 253.631302 251.712402 252.142853
2 253.981430 0.000000 245.031830 242.151199 241.783066 251.572937 252.151199 239.611115 207.413788 243.952499 244.542328
3 253.806366 245.013260 0.000000 240.161804 242.894180 250.960205 251.177719 239.140213 243.710876 242.635880 243.079361
4 251.416443 242.180374 240.172409 0.000000 240.592590 247.209549 247.875336 234.634918 240.379303 219.403687 219.970901
5 252.798935 241.777771 242.910049 240.592590 0.000000 250.399475 250.997360 238.513229 241.071426 242.965698 243.677246
6 254.586212 251.583557 250.984085 247.209549 250.402115 0.000000 205.753311 247.272491 250.901855 248.839050 249.407410
7 254.641907 252.151199 251.183029 247.854111 250.997360 205.734741 0.000000 247.505295 251.299728 248.865433 249.970901
8 251.126984 239.629623 239.134918 234.634918 238.529099 247.285721 247.518524 0.000000 237.955032 238.691299 238.510590
9 253.639252 207.429703 243.721481 240.376663 241.071426 250.893906 251.297089 237.931213 0.000000 242.569916 243.380951
10 251.707123 244.000000 242.635880 219.374664 242.952499 248.831131 248.862793 238.696564 242.562012 0.000000 227.717682
11 252.158737 244.563492 243.068787 219.955032 243.677246 249.423279 249.976196 238.502640 243.391541 227.738785 0.000000
