11
1 0.000000 192.077896 190.716797 192.746231 195.527634 188.183411 192.701004 192.407028 190.432159 189.877502 194.384995
2 192.108047 0.000000 180.403503 189.422104 180.291458 184.095474 182.283920 168.957291 186.582916 186.212494 178.987503
3 190.939850 180.593979 0.000000 187.857147 184.563904 183.030075 150.501251 181.157898 184.882202 185.035004 183.567505
4 192.726135 189.381912 187.636597 0.000000 193.015076 171.959793 189.698486 189.344223 158.889450 157.412506 191.542496
5 195.527634 180.241211 184.358398 193.045227 0.000000 188.271362 186.271362 180.748749 190.238693 189.854996 156.904999
6 188.180908 184.057785 182.807022 171.974869 188.283920 0.000000 184.726135 184.497482 167.399490 167.104996 187.072495
7 192.783920 182.321609 150.340851 189.776382 186.359299 184.806534 0.000000 182.899490 186.801514 186.367493 184.880005
8 192.324127 168.821609 180.827072 189.283920 180.658295 184.424622 182.748749 0.000000 186.668335 186.115005 179.250000
9 190.417084 186.522614 184.636597 158.869354 190.211060 167.364319 186.713562 186.743713 0.000000 154.047501 188.824997
10 190.062500 186.382507 185.012497 157.647507 190.052505 167.297501 186.482498 186.377502 154.282501 0.000000 189.514999
11 194.367493 178.947495 183.335007 191.550003 156.904999 187.035004 184.817505 179.335007 188.822495 189.292496 0.000000
