11
1 0.000000 11.804020 11.824561 11.884422 11.776381 11.859297 11.826633 11.856784 11.846734 11.810000 11.815000
2 11.804020 0.000000 11.180451 11.359297 8.045226 11.213568 11.309045 11.138191 11.449749 11.290000 11.367500
3 11.827067 11.170426 0.000000 11.516291 11.105263 11.358396 11.476191 9.411028 11.551378 11.545000 11.517500
4 11.876884 11.349246 11.511278 0.000000 11.258794 11.580402 11.603015 11.577889 11.628140 11.552500 11.612500
5 11.776381 8.040201 11.100250 11.263819 0.000000 11.125628 11.238693 11.055276 11.351759 11.252500 11.295000
6 11.856784 11.208543 11.353383 11.567840 11.128140 0.000000 11.537688 11.366835 11.640703 11.562500 11.575000
7 11.821608 11.309045 11.466166 11.618091 11.231155 11.550251 0.000000 11.467337 10.876884 11.552500 11.555000
8 11.851759 11.130653 9.408522 11.580402 11.070352 11.366835 11.479899 0.000000 11.590452 11.527500 11.490000
9 11.841708 11.437186 11.553885 11.635678 11.369347 11.643216 10.859297 11.580402 0.000000 11.585000 11.605000
10 11.815000 11.277500 11.550000 11.582500 11.247500 11.572500 11.540000 11.522500 11.582500 0.000000 9.970000
11 11.822500 11.340000 11.525000 11.622500 11.290000 11.585000 11.555000 11.502500 11.615000 9.965000 0.000000
