11
1 0.000000 0.480607 0.469595 0.472789 0.476190 0.488095 0.483051 0.474490 0.455161 0.469697 0.478114
2 0.475548 0.000000 0.394604 0.418212 0.381113 0.406408 0.389545 0.389545 0.418212 0.365320 0.284512
3 0.459459 0.391231 0.000000 0.292230 0.437500 0.452703 0.427365 0.423986 0.280405 0.427609 0.409091
4 0.471088 0.409781 0.287162 0.000000 0.434412 0.449400 0.444068 0.461538 0.162437 0.434343 0.419192
5 0.464286 0.377740 0.423986 0.427598 0.000000 0.347530 0.362712 0.420784 0.429780 0.340067 0.350168
6 0.476190 0.411467 0.444257 0.452830 0.347530 0.000000 0.406780 0.434188 0.460237 0.395623 0.395623
7 0.469492 0.391231 0.422297 0.423729 0.364407 0.400000 0.000000 0.422034 0.423012 0.356902 0.375421
8 0.479592 0.396290 0.432432 0.473504 0.424191 0.422222 0.427119 0.000000 0.453469 0.409091 0.393939
9 0.456853 0.416526 0.280405 0.170897 0.424704 0.456853 0.426396 0.451777 0.000000 0.430976 0.419192
10 0.464646 0.365320 0.427609 0.425926 0.351852 0.398990 0.353535 0.398990 0.424242 0.000000 0.343434
11 0.466330 0.284512 0.387205 0.422559 0.355219 0.380471 0.373737 0.395623 0.412458 0.340067 0.000000
