11
1 0.000000 22.148241 22.388472 22.783920 22.311558 23.065327 22.133165 23.216080 22.678392 22.980000 23.237499
2 22.133165 0.000000 20.839600 21.994974 21.364321 21.796482 19.711056 22.010050 22.002512 21.575001 22.620001
3 22.380953 20.819550 0.000000 22.250628 21.759399 22.280703 20.964912 22.551378 22.270678 22.217501 22.792500
4 22.819096 22.015076 22.270678 0.000000 21.293970 22.879396 22.007538 22.959799 17.698492 22.792500 22.567499
5 22.334171 21.386934 21.774437 21.291458 0.000000 22.665829 21.494974 22.690954 21.195980 22.422501 22.537500
6 23.085426 21.791458 22.273184 22.879396 22.665829 0.000000 22.047739 20.821608 22.899498 20.192499 23.125000
7 22.145729 19.721106 20.977444 22.005026 21.492462 22.052763 0.000000 22.163317 21.949749 21.927500 22.510000
8 23.228643 22.020100 22.548872 22.964825 22.683416 20.809046 22.163317 0.000000 22.902010 18.575001 23.297501
9 22.713568 22.025126 22.270678 17.713568 21.208542 22.891960 21.947237 22.909548 0.000000 22.715000 22.580000
10 22.982500 21.570000 22.219999 22.790001 22.415001 20.174999 21.912500 18.577499 22.692499 0.000000 23.139999
11 23.235001 22.607500 22.807501 22.540001 22.532499 23.110001 22.512501 23.285000 22.580000 23.137501 0.000000
