11
1 0.000000 212.026520 204.607422 212.190979 203.925919 203.938995 207.167114 216.346558 202.811676 202.369400 205.166672
2 212.010605 0.000000 205.962860 166.429703 204.928574 195.071625 201.506638 217.407410 204.000000 203.651718 206.537033
3 204.610077 205.978775 0.000000 205.689651 182.449738 195.907166 199.822281 210.732803 179.909821 179.633240 183.939148
4 212.188324 166.429703 205.679047 0.000000 205.050262 195.076920 201.679047 217.166672 204.132629 203.696564 206.415344
5 203.907410 204.925919 182.428574 205.037033 0.000000 194.904755 198.952377 210.494705 178.534393 178.290237 182.291000
6 203.938995 195.098145 195.917770 195.082230 194.923279 0.000000 190.702911 210.666672 194.079575 193.973618 197.555557
7 207.153839 201.509277 199.795761 201.676392 198.949738 190.686996 0.000000 213.325394 197.763931 197.332458 200.264557
8 216.343918 217.423279 210.735443 217.177246 210.513229 210.669312 213.359787 0.000000 209.396820 209.234833 211.907410
9 202.816971 204.015915 179.901855 204.140579 178.542328 194.068970 197.777191 209.380951 0.000000 164.018463 181.121689
10 202.390503 203.678101 179.635880 203.725601 178.311340 193.976257 197.348282 209.234833 164.029022 0.000000 180.810028
11 205.164017 206.552917 183.941803 206.423279 182.312164 197.555557 200.285721 211.910049 181.132278 180.807388 0.000000
