11
1 0.000000 24.306532 24.323309 24.331657 24.326633 24.334171 24.306532 24.273869 24.336683 24.207500 24.182501
2 24.304020 0.000000 23.641603 22.595478 23.565327 23.489950 22.912060 18.736181 23.525126 23.325001 23.450001
3 24.323309 23.624060 0.000000 23.621553 22.952381 22.789474 23.596491 23.511278 23.032581 22.590000 22.655001
4 24.306532 22.605528 23.614035 0.000000 23.565327 23.540201 22.889448 22.359297 23.580402 23.362499 23.502501
5 24.319096 23.550251 22.949875 23.557789 0.000000 22.821608 23.515076 23.462311 21.484924 22.437500 22.690001
6 24.319096 23.507538 22.754387 23.537689 22.824121 0.000000 23.522614 23.321608 22.929647 22.135000 21.760000
7 24.311558 22.914574 23.604010 22.899498 23.522614 23.517588 0.000000 22.773869 23.437185 23.327499 23.407499
8 24.266331 18.728643 23.521303 22.364321 23.474874 23.306532 22.783920 0.000000 23.444723 23.110001 23.295000
9 24.339195 23.522614 23.035088 23.562815 21.479900 22.914574 23.424623 23.414574 0.000000 22.617500 22.687500
10 24.215000 23.334999 22.610001 23.395000 22.459999 22.145000 23.317499 23.129999 22.617500 0.000000 22.285000
11 24.195000 23.462500 22.670000 23.517500 22.682501 21.767500 23.405001 23.290001 22.687500 22.280001 0.000000
