11
1 0.000000 0.628141 0.619048 0.623116 0.623116 0.615578 0.635678 0.638191 0.620603 0.627500 0.617500
2 0.625628 0.000000 0.601504 0.597990 0.525126 0.570352 0.623116 0.630653 0.575377 0.610000 0.622500
3 0.619048 0.609023 0.000000 0.614035 0.619048 0.593985 0.634085 0.629073 0.593985 0.617500 0.627500
4 0.625628 0.595477 0.609023 0.000000 0.605528 0.603015 0.628141 0.623116 0.603015 0.622500 0.620000
5 0.625628 0.525126 0.619048 0.610553 0.000000 0.595477 0.635678 0.628141 0.592965 0.610000 0.632500
6 0.618090 0.577889 0.596491 0.597990 0.595477 0.000000 0.628141 0.625628 0.238693 0.595000 0.625000
7 0.638191 0.625628 0.631579 0.630653 0.633166 0.625628 0.000000 0.638191 0.623116 0.635000 0.632500
8 0.635678 0.628141 0.626566 0.623116 0.625628 0.625628 0.635678 0.000000 0.628141 0.632500 0.627500
9 0.623116 0.585427 0.596491 0.597990 0.595477 0.238693 0.623116 0.628141 0.000000 0.592500 0.625000
10 0.630000 0.612500 0.620000 0.622500 0.607500 0.592500 0.635000 0.635000 0.595000 0.000000 0.625000
11 0.620000 0.625000 0.627500 0.622500 0.632500 0.625000 0.635000 0.630000 0.625000 0.625000 0.000000
