11
1 0.000000 3.264755 3.277027 3.236395 3.263605 3.256803 3.338983 3.287415 3.228426 3.245791 3.202020
2 3.263069 0.000000 3.148398 3.173693 3.251265 3.227656 3.308600 3.229342 3.146712 3.212121 3.217172
3 3.273649 3.163575 0.000000 3.168919 3.251689 3.226351 3.268581 3.260135 3.143581 3.196970 3.218855
4 3.231292 3.160202 3.153716 0.000000 3.262351 3.255575 3.291525 3.278632 3.038917 3.156566 3.218855
5 3.277211 3.303541 3.292230 3.279387 0.000000 3.298126 2.954237 3.074957 3.260575 3.102694 3.242424
6 3.304422 3.242833 3.238176 3.257290 3.255537 0.000000 3.266102 3.259829 3.231811 3.163300 3.050505
7 3.300000 3.325464 3.302365 3.315254 2.961017 3.261017 0.000000 3.061017 3.277496 3.117845 3.252525
8 3.282313 3.252951 3.265203 3.268376 3.056218 3.261539 3.038983 0.000000 3.245347 3.037037 3.249158
9 3.216582 3.163575 3.150338 3.043993 3.248731 3.236887 3.275804 3.226734 0.000000 3.176768 3.210438
10 3.227273 3.210438 3.202020 3.175084 3.074074 3.148148 3.070707 3.040404 3.166667 0.000000 3.153199
11 3.193603 3.250842 3.230640 3.218855 3.230640 3.055556 3.228956 3.223906 3.178451 3.168350 0.000000
