11
1 0.000000 11.708222 11.843501 11.785146 11.846560 11.888595 11.907162 11.817460 11.862069 11.770449 11.843915
2 11.718833 0.000000 11.124668 11.164456 11.142858 11.339522 11.241380 11.179894 11.201591 11.155673 11.253968
3 11.854112 11.119364 0.000000 11.408488 8.690476 11.570292 11.419098 11.444445 11.448276 11.321899 9.391535
4 11.803714 11.159151 11.411140 0.000000 11.441799 11.477453 11.371353 9.777778 11.286472 9.319262 11.404762
5 11.841269 11.140212 8.687831 11.433863 0.000000 11.555555 11.391535 11.462963 11.444445 11.379948 9.365079
6 11.909814 11.323607 11.559682 11.480106 11.552910 0.000000 11.092838 11.505291 10.774536 11.401055 11.542328
7 11.907162 11.244032 11.416446 11.371353 11.391535 11.098144 0.000000 11.396826 10.846154 11.216359 11.486773
8 11.822751 11.182540 11.431217 9.775132 11.452381 11.505291 11.391535 0.000000 11.373015 9.857520 11.513227
9 11.872679 11.196286 11.437666 11.283819 11.441799 10.766579 10.835544 11.373015 0.000000 11.266491 11.433863
10 11.767810 11.171504 11.321899 9.316623 11.379948 11.395779 11.224275 9.854881 11.261213 0.000000 11.469657
11 11.862433 11.264550 9.394180 11.404762 9.373015 11.552910 11.492064 11.526455 11.436508 11.472296 0.000000
