11
1 0.000000 11.079576 10.750663 10.933687 11.140212 10.992043 11.100796 10.703704 11.108753 10.902374 11.058201
2 11.071618 0.000000 10.111405 10.413794 8.224868 10.397878 8.777188 10.087301 9.636604 10.321899 10.616402
3 10.742705 10.108753 0.000000 8.785146 10.111111 9.153846 10.366048 7.044973 10.358090 9.015831 10.177249
4 10.946950 10.408488 8.779840 0.000000 10.428572 9.387268 10.588860 8.780423 10.572945 9.340369 10.436508
5 11.134921 8.222222 10.111111 10.428572 0.000000 10.370370 8.994709 10.132276 9.724868 10.379948 10.626985
6 10.981432 10.397878 9.148541 9.389920 10.370370 0.000000 10.549071 9.097883 10.562334 8.825857 10.513227
7 11.092838 8.777188 10.371353 10.594165 8.994709 10.551724 0.000000 10.283069 9.832891 10.572559 10.793651
8 10.701058 10.089947 7.044973 8.785714 10.137567 9.100529 10.285714 0.000000 10.269841 9.013192 10.195767
9 11.119364 9.639257 10.358090 10.572945 9.730159 10.564987 9.835544 10.269841 0.000000 10.435356 10.656085
10 10.897098 10.324538 9.013192 9.343008 10.382586 8.828496 10.577836 9.013192 10.445910 0.000000 10.274406
11 11.055555 10.619047 10.171958 10.433863 10.637567 10.510582 10.798942 10.185185 10.642858 10.263852 0.000000
