11
1 0.000000 0.092838 0.087533 0.087533 0.161376 0.108753 0.129973 0.119048 0.098143 0.097625 0.095238
2 0.092838 0.000000 0.061008 0.061008 0.137566 0.082228 0.106101 0.092593 0.071618 0.087071 0.071429
3 0.087533 0.061008 0.000000 0.039788 0.113757 0.061008 0.103448 0.071429 0.050398 0.063325 0.050265
4 0.087533 0.061008 0.039788 0.000000 0.113757 0.061008 0.103448 0.071429 0.050398 0.063325 0.050265
5 0.161376 0.134921 0.113757 0.113757 0.000000 0.134921 0.156085 0.134921 0.124339 0.137203 0.121693
6 0.108753 0.082228 0.061008 0.061008 0.134921 0.000000 0.124668 0.071429 0.050398 0.087071 0.050265
7 0.129973 0.106101 0.103448 0.103448 0.158730 0.124668 0.000000 0.134921 0.114058 0.110818 0.113757
8 0.119048 0.092593 0.071429 0.071429 0.134921 0.071429 0.134921 0.000000 0.060847 0.094987 0.058201
9 0.098143 0.071618 0.050398 0.050398 0.124339 0.050398 0.114058 0.060847 0.000000 0.076517 0.039683
10 0.097625 0.084433 0.063325 0.063325 0.137203 0.084433 0.110818 0.092348 0.073879 0.000000 0.068602
11 0.097884 0.074074 0.052910 0.052910 0.124339 0.052910 0.113757 0.060847 0.042328 0.071240 0.000000
