11
1 0.000000 113.236076 113.559685 113.193634 112.632278 113.355438 112.734749 112.462959 113.212204 112.361481 113.791008
2 113.251991 0.000000 93.856766 101.456230 101.423279 102.278511 81.652519 93.021164 101.920425 107.781006 95.489418
3 113.546417 93.848808 0.000000 101.493370 101.560844 102.392570 93.358093 88.851852 101.856766 108.145119 92.552910
4 113.198936 101.466843 101.501328 0.000000 101.753967 93.074272 101.015915 100.817459 100.949600 108.060684 102.706352
5 112.640213 101.417992 101.566139 101.746033 0.000000 102.584656 100.600533 101.145500 102.693123 108.100266 102.769844
6 113.355438 102.289124 102.403183 93.074272 102.597885 0.000000 101.671089 101.703705 101.795753 108.643799 103.026459
7 112.750664 81.657822 93.374008 101.007957 100.613754 101.673737 0.000000 92.888885 101.212204 107.588394 94.772484
8 112.470901 93.023811 88.865082 100.814812 101.150795 101.703705 92.886246 0.000000 101.301590 107.720314 92.264549
9 113.206894 101.917770 101.859413 100.938995 102.695770 101.795753 101.212204 101.298943 0.000000 108.551453 102.925926
10 112.364113 107.765175 108.137199 108.052773 108.100266 108.649078 107.564644 107.707123 108.559364 0.000000 108.704483
11 113.804230 95.489418 92.563492 102.698410 102.777779 103.023811 94.772484 92.264549 102.936508 108.712402 0.000000
