11
1 0.000000 121.647217 122.477455 122.761276 122.129631 122.625992 122.326263 122.113754 122.063660 121.754616 122.103172
2 121.676392 0.000000 115.724136 115.519897 115.510582 116.721489 115.424400 114.690475 115.344826 114.614777 115.208992
3 122.472145 115.708221 0.000000 117.938995 92.309525 117.965515 116.721489 117.280426 117.007957 117.092346 96.105820
4 122.755966 115.519897 117.952255 0.000000 117.730156 118.737404 117.344826 101.592590 117.114059 96.567284 117.156082
5 122.137566 115.513229 92.314812 117.751320 0.000000 117.896828 116.489418 117.378304 116.791008 117.176781 96.457672
6 122.599472 116.724136 117.960213 118.740051 117.904762 0.000000 112.450928 117.880951 109.591515 117.591026 117.314812
7 122.315651 115.416443 116.702919 117.331566 116.470901 112.442970 0.000000 116.587303 110.896553 116.430077 116.148148
8 122.132278 114.687828 117.283066 101.597885 117.378304 117.862434 116.595238 0.000000 116.510582 100.952507 116.833336
9 122.076920 115.347481 117.000000 117.116714 116.767197 109.583557 110.904510 116.529099 0.000000 116.427437 116.253967
10 121.775726 114.604225 117.092346 96.572563 117.168869 117.585754 116.435356 100.952507 116.437996 0.000000 116.596306
11 122.108467 115.203705 96.105820 117.156082 96.460320 117.317459 116.161377 116.833336 116.264549 116.583115 0.000000
