11
1 0.000000 6.446880 6.582770 6.624150 6.619048 6.630952 6.596610 6.666667 6.560068 6.594276 6.540404
2 6.431703 0.000000 5.974705 5.927487 5.991568 6.028668 5.954469 6.001687 5.951096 5.929293 5.979798
3 6.567567 5.998313 0.000000 6.145270 5.162162 6.253378 6.160473 6.152027 6.136824 6.109427 5.318182
4 6.658163 6.006745 6.173986 0.000000 6.241908 6.308748 6.218644 5.553846 6.126904 5.316498 6.158249
5 6.651361 6.025295 5.157094 6.195911 0.000000 6.311755 6.186440 6.245315 6.135364 6.136364 5.318182
6 6.636055 6.091063 6.221284 6.301887 6.294719 0.000000 5.964407 6.323077 5.815567 6.203704 6.260943
7 6.572881 5.976391 6.123311 6.174576 6.179661 5.940678 0.000000 6.157627 5.825719 6.082491 6.117845
8 6.681973 6.006745 6.140203 5.519658 6.211244 6.300855 6.172881 0.000000 6.147208 5.446128 6.163300
9 6.512691 5.946037 6.103041 6.104907 6.093062 5.768189 5.818951 6.145516 0.000000 6.063973 6.072391
10 6.577441 5.971380 6.102694 5.311448 6.131313 6.181818 6.132997 5.469697 6.095960 0.000000 6.159933
11 6.552188 5.984848 5.289562 6.079124 5.267677 6.205387 6.095960 6.175084 6.053872 6.131313 0.000000
