11
1 0.000000 11.920424 11.888595 11.655172 11.674603 11.856764 11.859416 11.883598 11.681698 11.799472 11.629630
2 11.909814 0.000000 8.241380 9.037135 9.402117 8.612732 8.419098 8.455027 9.225464 7.804749 9.039682
3 11.896552 8.244032 0.000000 8.732096 9.219577 8.275862 8.156499 8.190476 8.936339 7.503958 8.730159
4 11.649867 9.037135 8.729443 0.000000 7.756614 8.352785 8.864721 8.955027 7.326260 8.459103 6.341270
5 11.679894 9.399471 9.214286 7.753968 0.000000 8.973545 9.280423 9.354497 7.177248 8.918206 7.751323
6 11.867374 8.620689 8.281167 8.360743 8.984127 0.000000 8.342175 8.457672 8.694961 8.039577 8.362433
7 11.864721 8.421751 8.156499 8.864721 9.283069 8.334217 0.000000 7.989418 9.066313 7.799472 8.880953
8 11.870370 8.457672 8.193122 8.957672 9.359788 8.452381 7.989418 0.000000 9.137567 7.949868 8.968254
9 11.679045 9.233421 8.938993 7.328912 7.182539 8.692307 9.068966 9.137567 0.000000 8.670185 7.314815
10 11.794195 7.810026 7.503958 8.464380 8.926122 8.036940 7.802111 7.949868 8.670185 0.000000 8.493403
11 11.626985 9.042328 8.730159 6.343915 7.756614 8.357142 8.883598 8.968254 7.314815 8.490766 0.000000
