11
1 0.000000 12.450929 12.456233 12.461538 12.462963 12.458886 12.464191 12.460318 12.501327 12.414248 12.468254
2 12.458886 0.000000 11.063661 11.212201 11.182540 10.877984 12.299735 11.470900 12.238727 11.311346 11.097883
3 12.442971 11.063661 0.000000 10.822281 11.092592 11.026525 12.273210 11.301587 12.188329 11.282322 11.015873
4 12.450929 11.214854 10.832891 0.000000 11.251323 11.164456 12.283819 11.378307 12.238727 11.261213 11.164021
5 12.468254 11.185185 11.087301 11.243386 0.000000 11.050264 12.333333 11.518518 12.283069 11.432717 10.976191
6 12.450929 10.891247 11.029178 11.164456 11.050264 0.000000 12.257295 11.431217 12.233421 11.340369 11.126985
7 12.464191 12.297082 12.257295 12.286472 12.320106 12.244032 0.000000 12.248677 11.307693 12.189974 12.222222
8 12.462963 11.468254 11.325397 11.394180 11.521164 11.428572 12.251323 0.000000 12.150794 11.284961 11.441799
9 12.503979 12.265252 12.183023 12.238727 12.277778 12.233421 11.310345 12.148149 0.000000 12.174143 12.232804
10 12.414248 11.295514 11.274406 11.242744 11.437995 11.340369 12.182058 11.292876 12.163589 0.000000 11.408971
11 12.462963 11.108465 11.029100 11.166667 10.973545 11.134921 12.243386 11.452381 12.235450 11.424802 0.000000
