11
1 0.000000 4.198988 4.148649 4.166667 4.120749 4.120749 4.249153 4.175170 4.079526 4.164983 4.181818
2 4.168634 0.000000 3.831366 3.851602 3.890388 3.745363 4.030354 3.974705 3.775717 3.858586 3.127946
3 4.184122 3.858347 0.000000 3.364865 3.251689 3.567568 3.896960 3.533784 3.059122 3.353535 3.920875
4 4.197279 3.829679 3.390203 0.000000 3.350937 3.660377 3.905085 3.302564 3.301184 3.062289 3.888889
5 4.113945 3.900506 3.222973 3.316865 0.000000 3.528109 3.854237 3.432709 3.137056 3.306397 3.875421
6 4.132653 3.725127 3.609797 3.655231 3.546848 0.000000 3.708475 3.748718 3.483926 3.563973 3.877104
7 4.205085 4.020236 3.896960 3.905085 3.835593 3.725424 0.000000 3.922034 3.805414 3.861953 4.072391
8 4.163265 3.888701 3.560811 3.312820 3.461669 3.752137 3.940678 0.000000 3.489002 3.356902 4.018518
9 4.128596 3.757167 3.077703 3.314721 3.165821 3.505922 3.807106 3.472081 0.000000 3.281145 3.823232
10 4.126263 3.848485 3.405724 3.028620 3.279461 3.525253 3.870370 3.313131 3.287879 0.000000 3.858586
11 4.175084 3.131313 4.008418 3.878788 3.944444 3.892256 4.102694 3.973064 3.816498 3.882155 0.000000
