11
1 0.000000 12.020101 11.982456 12.020101 12.017588 12.015076 12.000000 12.017588 12.015076 11.950000 11.945000
2 12.020101 0.000000 11.887218 12.017588 11.994975 11.979899 11.977386 11.962312 11.954774 11.930000 11.935000
3 11.987469 11.887218 0.000000 11.984962 11.967419 11.942356 11.934837 11.954887 11.917294 11.930000 11.902500
4 12.012563 12.010050 11.984962 0.000000 11.653266 11.997487 11.992462 12.007538 12.012563 11.945000 11.925000
5 12.020101 11.994975 11.972431 11.673367 0.000000 11.994975 12.007538 12.005025 12.012563 11.952500 11.950000
6 12.020101 11.974874 11.942356 11.982412 11.987437 0.000000 11.904523 11.957287 11.982412 11.905000 11.840000
7 12.015076 11.974874 11.927319 12.007538 12.002513 11.912061 0.000000 11.959799 11.992462 11.915000 11.830000
8 12.017588 11.974874 11.949875 12.010050 12.002513 11.962312 11.962312 0.000000 12.010050 11.772500 11.842500
9 12.020101 11.947236 11.919800 12.010050 12.007538 11.974874 11.984924 11.997487 0.000000 11.942500 11.937500
10 11.955000 11.927500 11.927500 11.947500 11.945000 11.905000 11.902500 11.747500 11.930000 0.000000 11.850000
11 11.942500 11.932500 11.902500 11.932500 11.940000 11.867500 11.845000 11.842500 11.930000 11.862500 0.000000
