11
1 0.000000 164.542999 165.557434 165.734695 167.093536 166.028915 164.830505 165.596939 167.362091 166.237381 163.772720
2 165.715012 0.000000 149.527832 147.919052 148.949417 146.544693 146.483978 146.826309 154.254639 152.528625 146.755890
3 167.336151 150.416519 0.000000 148.141891 125.923988 146.074326 146.508453 146.417236 154.060806 153.437714 146.961273
4 165.132660 146.607086 145.619934 0.000000 145.039185 134.867920 133.549149 134.601715 148.954315 147.882156 134.055557
5 167.355438 148.177063 125.493240 146.114136 0.000000 145.500854 144.349152 145.102219 151.705582 150.791245 144.156570
6 166.920074 146.657669 145.866547 136.135513 145.115845 0.000000 117.645760 119.047867 149.639587 147.910782 118.555557
7 166.022034 147.141647 145.891891 135.054230 144.554230 117.661018 0.000000 108.620338 149.952621 148.707077 113.276093
8 166.948975 146.797638 145.565872 136.083755 145.248718 118.905983 108.725426 0.000000 150.458542 148.639725 113.658249
9 166.780029 152.269821 151.527023 149.226730 150.905243 148.686966 148.531296 148.829102 0.000000 130.664978 148.592590
10 167.109421 152.447815 151.282822 148.257568 150.479797 147.698654 147.855225 147.957916 130.688553 0.000000 148.015152
11 164.193604 146.084167 145.493271 134.193604 143.065659 118.090912 112.910774 113.382156 148.383835 147.723907 0.000000
