11
1 0.000000 11.542713 11.566416 11.542713 11.580402 11.590452 11.575377 11.560302 11.600503 11.477500 11.482500
2 11.552764 0.000000 11.353383 11.364322 11.344221 11.386934 11.402010 9.228643 11.364322 10.367500 11.275000
3 11.588972 11.373433 0.000000 11.501253 11.508772 11.503759 11.556391 11.378447 11.040100 11.400000 11.387500
4 11.555276 11.384422 11.496241 0.000000 8.788945 9.374372 11.399497 11.434673 11.507538 11.305000 11.190000
5 11.595477 11.366835 11.513784 8.783919 0.000000 9.457287 11.414573 11.444724 11.537688 11.310000 11.105000
6 11.600503 11.404523 11.498747 9.366835 9.459799 0.000000 11.407035 11.434673 11.487437 11.317500 11.082500
7 11.577889 11.389447 11.541353 11.386934 11.389447 11.396985 0.000000 11.419598 11.535176 11.352500 11.025000
8 11.572865 9.238693 11.380953 11.429648 11.439698 11.434673 11.439698 0.000000 11.374372 10.405000 11.240000
9 11.630653 11.381909 11.032581 11.507538 11.535176 11.484924 11.547739 11.374372 0.000000 11.367500 11.377500
10 11.477500 10.372500 11.397500 11.302500 11.300000 11.310000 11.360000 10.397500 11.370000 0.000000 11.255000
11 11.470000 11.287500 11.380000 11.165000 11.075000 11.067500 11.020000 11.240000 11.362500 11.250000 0.000000
