11
1 0.000000 0.613065 0.606516 0.610553 0.603015 0.603015 0.610553 0.613065 0.610553 0.605000 0.600000
2 0.618090 0.000000 0.601504 0.608040 0.595477 0.603015 0.618090 0.610553 0.597990 0.610000 0.507500
3 0.611529 0.601504 0.000000 0.551378 0.503759 0.541353 0.601504 0.581454 0.466165 0.520000 0.602500
4 0.613065 0.613065 0.553885 0.000000 0.567839 0.562814 0.605528 0.572864 0.530151 0.512500 0.607500
5 0.603015 0.592965 0.501253 0.562814 0.000000 0.547739 0.592965 0.577889 0.494975 0.540000 0.595000
6 0.605528 0.603015 0.541353 0.560301 0.550251 0.000000 0.580402 0.592965 0.555276 0.565000 0.602500
7 0.613065 0.610553 0.598997 0.603015 0.590452 0.575377 0.000000 0.613065 0.592965 0.610000 0.590000
8 0.618090 0.615578 0.581454 0.570352 0.580402 0.592965 0.615578 0.000000 0.575377 0.565000 0.615000
9 0.615578 0.595477 0.468672 0.527638 0.497487 0.552764 0.600502 0.575377 0.000000 0.527500 0.597500
10 0.607500 0.615000 0.520000 0.510000 0.547500 0.567500 0.615000 0.567500 0.532500 0.000000 0.605000
11 0.605000 0.510000 0.602500 0.605000 0.605000 0.602500 0.597500 0.617500 0.602500 0.605000 0.000000
