11
1 0.000000 125.613068 125.298248 125.525124 125.615578 125.603012 125.587936 125.613068 125.562813 124.885002 124.937500
2 125.600502 0.000000 122.927315 125.479897 125.017586 125.497490 125.547737 125.525124 125.494972 124.807503 124.464996
3 125.345863 122.994987 0.000000 125.253136 124.443611 125.315788 125.283211 125.303261 125.240601 124.834999 124.529999
4 125.517586 125.484924 125.152885 0.000000 125.479897 125.434677 125.479897 125.520103 118.590454 124.720001 124.807503
5 125.510048 124.944725 124.305763 125.437187 0.000000 125.457283 125.467339 125.442207 125.396988 124.775002 124.347504
6 125.623116 125.572861 125.283211 125.482414 125.557793 0.000000 125.565323 125.494972 125.510048 124.540001 124.885002
7 125.532661 125.462311 125.205513 125.497490 125.479897 125.477386 0.000000 123.206032 125.515076 124.794998 124.867500
8 125.512566 125.427139 125.150375 125.437187 125.407036 125.391960 123.168343 0.000000 125.424622 124.717499 124.820000
9 125.464821 125.419601 125.115288 118.575378 125.402008 125.429649 125.477386 125.429649 0.000000 124.779999 124.777496
10 124.985001 124.879997 124.822502 124.837502 124.930000 124.565002 124.894997 124.932503 124.945000 0.000000 124.815002
11 125.004997 124.507500 124.529999 124.902496 124.447502 124.947502 124.974998 124.949997 124.887497 124.820000 0.000000
