11
1 0.000000 25.339523 25.442970 25.474800 25.235449 25.503979 25.387268 25.343916 25.450928 25.350924 25.391535
2 25.326260 0.000000 23.734749 24.015915 17.650793 23.519894 23.944298 23.529100 24.228117 23.923483 23.986773
3 25.432362 23.745358 0.000000 24.655172 23.637566 24.387268 24.793104 19.552910 24.856764 24.469658 24.513227
4 25.474800 24.023872 24.644562 0.000000 23.997355 24.761272 24.984085 24.529100 25.042440 24.773087 24.894180
5 25.238094 17.661375 23.637566 23.997355 0.000000 23.359789 23.820107 23.531746 24.105820 23.849604 23.899471
6 25.498674 23.509283 24.403183 24.763926 23.354498 0.000000 24.713528 24.156084 24.811670 24.540897 24.597883
7 25.384615 23.954906 24.790451 24.978781 23.830688 24.732096 0.000000 24.703703 22.891247 24.722956 24.812170
8 25.333334 23.534391 19.542328 24.542328 23.531746 24.145502 24.711639 0.000000 24.783070 24.485489 24.597883
9 25.424402 24.217506 24.848806 25.034483 24.103174 24.801062 22.907162 24.775133 0.000000 24.741425 24.849207
10 25.356201 23.928761 24.474934 24.775726 23.846966 24.543535 24.725594 24.485489 24.736147 0.000000 20.443272
11 25.394180 23.992064 24.502645 24.888889 23.910053 24.595238 24.820107 24.603174 24.854498 20.435356 0.000000
