11
1 0.000000 18.107925 18.131756 18.200680 18.285715 17.984694 18.177965 18.079931 18.230118 18.082491 18.069023
2 18.087690 0.000000 17.124788 16.890388 17.146711 17.367622 14.548060 17.728498 17.005058 16.959597 17.173401
3 18.054054 16.973019 0.000000 15.552365 16.932432 17.228041 17.180744 17.452703 17.015203 15.313131 14.075758
4 18.134354 16.878584 15.665541 0.000000 16.890970 17.106346 17.154238 17.637608 16.563452 13.242424 15.678452
5 18.229591 16.973019 16.981419 16.894379 0.000000 17.538330 17.210169 17.710392 14.859560 16.996634 17.003366
6 17.971088 17.399662 17.239864 17.188679 17.642248 0.000000 17.606779 15.070086 17.458546 17.186869 17.124578
7 18.237288 14.571670 17.319256 17.198305 17.274576 17.752542 0.000000 17.827118 17.363791 17.176767 17.191919
8 18.134354 17.659359 17.540541 17.627350 17.766609 15.041026 17.820339 0.000000 17.761421 17.282827 17.441078
9 18.214890 17.020237 17.008446 16.903553 14.676819 17.341793 17.184433 17.597292 0.000000 16.897306 16.914141
10 18.035353 16.904041 15.385522 13.299664 17.038721 17.151516 17.005051 17.227272 16.728956 0.000000 15.622895
11 18.053871 17.090910 14.079124 15.696970 16.912458 17.111111 17.242424 17.405724 16.917509 15.484848 0.000000
