11
1 0.000000 11.997487 11.984962 12.010050 12.015076 12.005025 12.020101 12.002513 12.007538 11.962500 11.947500
2 11.994975 0.000000 11.909775 11.979899 11.972362 11.819096 11.954774 11.942211 11.809045 11.922500 11.885000
3 11.982456 11.919800 0.000000 11.912281 11.892231 11.924812 11.897243 11.859649 11.967419 11.930000 11.805000
4 12.015076 11.994975 11.927319 0.000000 11.693467 11.984924 11.479899 11.834171 12.010050 11.942500 11.822500
5 12.017588 11.974874 11.897243 11.683417 0.000000 11.957287 11.706030 11.851759 11.997487 11.940000 11.787500
6 11.989950 11.814071 11.914787 11.964824 11.952261 0.000000 11.954774 11.922111 11.949749 11.860000 11.902500
7 12.015076 11.959799 11.882206 11.464824 11.695980 11.964824 0.000000 11.829145 12.000000 11.945000 11.770000
8 11.992462 11.934673 11.859649 11.831658 11.831658 11.929648 11.831658 0.000000 11.987437 11.937500 11.670000
9 12.005025 11.811558 11.964912 12.005025 12.000000 11.952261 11.997487 11.992462 0.000000 11.957500 11.922500
10 11.955000 11.930000 11.935000 11.940000 11.940000 11.872500 11.945000 11.930000 11.957500 0.000000 11.935000
11 11.940000 11.887500 11.810000 11.802500 11.780000 11.905000 11.760000 11.685000 11.920000 11.932500 0.000000
