11
1 0.000000 129.461533 129.758621 130.161804 129.267197 129.514587 130.190979 129.915344 130.029175 129.873352 129.428574
2 129.442978 0.000000 127.673737 129.419098 127.047623 127.564987 127.137932 127.214287 127.254639 129.211075 127.079369
3 129.761276 127.668434 0.000000 129.562332 120.462959 128.405838 129.106094 128.952377 128.925735 129.327179 110.923279
4 130.161804 129.408493 129.572937 0.000000 129.288361 129.424408 129.904510 129.804230 129.992035 129.100266 129.354492
5 129.253967 127.021164 120.468254 129.285721 0.000000 127.619049 128.730164 128.761902 128.544968 129.348282 120.394180
6 129.493362 127.551727 128.432358 129.413788 127.626984 0.000000 129.193634 129.145508 129.273209 129.229553 127.870369
7 130.188324 127.145889 129.095490 129.909821 128.727509 129.188324 0.000000 125.137566 124.859413 129.612137 128.611115
8 129.907410 127.198410 128.973541 129.806885 128.764557 129.121689 125.150795 0.000000 116.677246 129.517151 128.875656
9 130.029175 127.251991 128.933685 129.997345 128.547623 129.291779 124.851456 116.664024 0.000000 129.662262 128.632278
10 129.846970 129.195251 129.324539 129.060684 129.361481 129.226913 129.591034 129.503952 129.646439 0.000000 129.385223
11 129.431213 127.095238 110.917992 129.362427 120.394180 127.862434 128.626984 128.886246 128.632278 129.401062 0.000000
