11
1 0.000000 0.557789 0.553885 0.557789 0.570352 0.580402 0.560301 0.580402 0.570352 0.545000 0.560000
2 0.562814 0.000000 0.493734 0.479899 0.497487 0.537688 0.492462 0.507538 0.527638 0.510000 0.502500
3 0.553885 0.488722 0.000000 0.508772 0.315789 0.543860 0.513784 0.531328 0.511278 0.512500 0.377500
4 0.560301 0.477387 0.511278 0.000000 0.515075 0.562814 0.532663 0.402010 0.542714 0.347500 0.530000
5 0.572864 0.497487 0.315789 0.512563 0.000000 0.535176 0.527638 0.540201 0.525126 0.515000 0.355000
6 0.575377 0.535176 0.543860 0.560301 0.535176 0.000000 0.487437 0.577889 0.494975 0.547500 0.535000
7 0.560301 0.484925 0.513784 0.527638 0.527638 0.492462 0.000000 0.562814 0.447236 0.517500 0.517500
8 0.582915 0.510050 0.533835 0.404523 0.547739 0.577889 0.565327 0.000000 0.560301 0.445000 0.555000
9 0.570352 0.525126 0.513784 0.537688 0.525126 0.494975 0.449749 0.557789 0.000000 0.517500 0.525000
10 0.542500 0.510000 0.512500 0.350000 0.515000 0.550000 0.515000 0.442500 0.520000 0.000000 0.517500
11 0.560000 0.502500 0.377500 0.527500 0.352500 0.540000 0.515000 0.545000 0.522500 0.515000 0.000000
