11
1 0.000000 5.954907 5.970822 5.960212 5.962963 5.960212 5.965517 5.955027 5.962865 5.936676 5.947090
2 5.954907 0.000000 5.933687 5.891247 5.949736 5.901857 5.923077 5.883598 5.896552 5.891820 5.857143
3 5.976127 5.936339 0.000000 5.923077 5.928571 5.925729 5.931035 5.941799 5.779841 5.899736 5.894180
4 5.962865 5.893899 5.925729 0.000000 5.931217 5.928382 5.917772 5.894180 5.936339 5.897098 5.592593
5 5.962963 5.944445 5.928571 5.928571 0.000000 5.936508 5.923280 5.870370 5.936508 5.897098 5.915344
6 5.976127 5.915119 5.931035 5.933687 5.944445 0.000000 5.554377 5.904762 5.936339 5.501319 5.936508
7 5.965517 5.917772 5.928382 5.915119 5.923280 5.551724 0.000000 5.875661 5.925729 5.158311 5.904762
8 5.960318 5.883598 5.941799 5.896825 5.867725 5.899471 5.880952 0.000000 5.949736 5.875989 5.907407
9 5.978780 5.880637 5.777188 5.928382 5.939154 5.928382 5.925729 5.941799 0.000000 5.894459 5.907407
10 5.939314 5.875989 5.894459 5.902375 5.894459 5.503958 5.174142 5.881267 5.905013 0.000000 5.891820
11 5.941799 5.849206 5.891534 5.582011 5.920635 5.917989 5.902116 5.896825 5.894180 5.891820 0.000000
