11
1 0.000000 12.371353 12.193634 12.198939 12.277778 12.315650 12.363396 12.142858 12.225464 12.176781 12.219577
2 12.358090 0.000000 12.169762 12.225464 12.293651 12.055703 12.055703 12.179894 12.169762 12.211082 12.171958
3 12.188329 12.172414 0.000000 11.389920 11.923281 12.122016 12.058355 11.267196 10.456233 11.852242 11.862433
4 12.172414 12.209549 11.366048 0.000000 12.000000 12.103448 12.122016 10.600529 11.387268 11.918206 11.904762
5 12.296296 12.288360 11.920635 12.015873 0.000000 12.232804 12.201058 11.957672 11.984127 12.137203 12.124338
6 12.320955 12.074270 12.140584 12.111405 12.235450 0.000000 11.726790 12.100529 12.145888 12.163589 12.158731
7 12.358090 12.045093 12.066313 12.129973 12.203704 11.732096 0.000000 12.060846 12.137931 12.131927 12.179894
8 12.134921 12.190476 11.253968 10.603174 11.960318 12.095238 12.068783 0.000000 11.306878 11.873351 11.825397
9 12.220160 12.190982 10.456233 11.403183 11.978836 12.156499 12.140584 11.320106 0.000000 11.923483 11.923281
10 12.171504 12.226912 11.846966 11.928760 12.131927 12.150395 12.131927 11.865436 11.912929 0.000000 11.456465
11 12.238095 12.177249 11.867724 11.917990 12.126985 12.164021 12.177249 11.825397 11.917990 11.467018 0.000000
