11
1 0.000000 3.141653 3.089527 3.187075 3.142857 3.136055 3.128814 3.183673 3.108291 3.136364 3.116162
2 3.141653 0.000000 2.954469 3.075885 2.529511 2.956155 3.032040 2.816189 2.986509 3.042088 2.976431
3 3.119932 2.983137 0.000000 3.103040 2.954392 2.702703 3.052365 3.006757 2.998311 3.087542 2.947811
4 3.198980 3.112985 3.109797 0.000000 3.144804 3.138937 2.693220 3.182906 3.032149 3.085859 3.116162
5 3.113945 2.541315 2.934122 3.124361 0.000000 2.964225 3.050848 2.829642 3.020305 3.038721 2.988215
6 3.130952 2.971332 2.684122 3.144082 2.971039 0.000000 3.067797 3.000000 3.028765 3.077441 2.969697
7 3.098305 3.053963 3.032094 2.696610 3.076271 3.059322 0.000000 3.101695 2.918782 2.984848 3.033670
8 3.164966 2.819561 2.979730 3.158974 2.826235 2.998291 3.088135 0.000000 3.049069 3.092592 2.998317
9 3.115059 3.032040 3.008446 3.037225 3.040609 3.028765 2.918782 3.094755 0.000000 2.808081 2.979798
10 3.138047 3.053872 3.069024 3.079125 3.077441 3.070707 3.008418 3.117845 2.801347 0.000000 3.060606
11 3.082492 2.984848 2.922559 3.094276 2.974747 2.954545 3.018518 2.986532 2.946128 3.038721 0.000000
