11
1 0.000000 2.747049 2.798986 2.777211 2.770408 2.784014 2.796610 2.790816 2.832487 2.851852 2.803030
2 2.728499 0.000000 2.362563 2.338954 2.472175 2.296796 2.244519 2.492411 2.340641 2.454545 2.350168
3 2.788851 2.359190 0.000000 2.439189 2.565878 2.346284 2.422297 2.569257 2.483108 2.530303 2.449495
4 2.772109 2.342327 2.445946 0.000000 2.517888 2.421955 2.391526 2.524786 2.472081 2.530303 2.432660
5 2.743197 2.460371 2.554054 2.495741 0.000000 2.522998 2.513559 2.287905 2.588832 2.609428 2.543771
6 2.790816 2.308600 2.359797 2.425386 2.548552 0.000000 2.372881 2.574359 2.458545 2.505050 2.402357
7 2.783051 2.258010 2.430743 2.394915 2.544068 2.376271 0.000000 2.561017 2.402707 2.496633 2.419192
8 2.775510 2.489039 2.581081 2.514530 2.303237 2.562393 2.538983 0.000000 2.607445 2.638047 2.577441
9 2.839256 2.344013 2.496622 2.468697 2.617597 2.453469 2.395939 2.627750 0.000000 2.567340 2.500000
10 2.841751 2.447811 2.537037 2.515152 2.634680 2.488215 2.486532 2.631313 2.567340 0.000000 2.494950
11 2.806397 2.351852 2.456229 2.425926 2.567340 2.395623 2.412458 2.575758 2.496633 2.494950 0.000000
