11
1 0.000000 23.000000 23.175438 23.185930 23.258795 23.278894 23.396984 23.110552 23.236181 22.927500 22.959999
2 22.997488 0.000000 22.558897 22.572865 22.713568 22.675879 22.836683 18.645729 22.550251 20.139999 22.320000
3 23.170425 22.556391 0.000000 22.744360 22.799500 22.819550 22.977444 22.684210 21.626566 22.517500 22.570000
4 23.188442 22.545227 22.719297 0.000000 17.145729 18.718594 22.402010 22.721106 22.728643 22.495001 21.610001
5 23.248743 22.701006 22.802006 17.148241 0.000000 18.331657 22.459799 22.809046 22.801508 22.584999 21.785000
6 23.251257 22.648241 22.809525 18.721106 18.341709 0.000000 22.432161 22.834171 22.763819 22.612499 21.547501
7 23.404522 22.836683 22.972431 22.412060 22.452261 22.442211 0.000000 22.866835 22.974874 22.662500 21.977501
8 23.120604 18.658291 22.731829 22.746231 22.816584 22.844221 22.881910 0.000000 22.670855 20.465000 22.452499
9 23.233669 22.535175 21.621553 22.731155 22.806532 22.758795 22.992462 22.658291 0.000000 22.325001 22.504999
10 22.942499 20.152500 22.525000 22.522499 22.592501 22.617500 22.667500 20.462500 22.327499 0.000000 22.262501
11 22.982500 22.330000 22.575001 21.622499 21.777500 21.547501 21.980000 22.469999 22.492500 22.257500 0.000000
