11
1 0.000000 16.038786 16.195946 17.129251 16.515306 16.372450 17.088135 17.108843 16.727581 17.124578 16.296297
2 16.069139 0.000000 15.020236 16.047218 14.979764 15.151771 14.782462 15.215852 14.876897 16.252525 15.031986
3 16.219595 14.979764 0.000000 16.283783 12.873311 15.126689 15.746622 15.812500 15.739865 16.407408 12.006734
4 17.107143 16.033728 16.381756 0.000000 16.529812 16.579760 16.723728 16.991453 16.766497 16.664984 16.493265
5 16.423470 14.924114 12.929054 16.395229 0.000000 15.223168 15.725424 15.938671 15.791878 16.567341 12.893939
6 16.341837 15.161889 15.405405 16.756432 15.247019 0.000000 16.037289 16.300856 16.152285 16.619528 15.198653
7 16.872881 14.868465 15.751689 16.718643 15.701694 15.855932 0.000000 14.218644 13.857868 16.769360 15.779461
8 17.011906 15.145025 15.885135 16.870085 15.989779 16.324787 14.300000 0.000000 12.906938 17.030304 15.877105
9 16.580372 14.831366 15.851352 16.788494 15.741117 15.908629 13.839255 12.879865 0.000000 16.853535 15.681818
10 17.193604 16.319866 16.678452 16.804714 16.587542 16.494949 16.919191 16.925926 16.853535 0.000000 16.787878
11 16.372053 15.104377 12.058923 16.513468 12.895623 15.205387 15.764310 15.824916 15.797979 16.634680 0.000000
