11
1 0.000000 11.329145 11.471178 11.552764 11.409548 11.434673 11.535176 11.615578 11.474874 11.597500 11.457500
2 11.311558 0.000000 11.037594 11.258794 10.831658 11.143216 11.248744 11.306533 10.253769 11.340000 11.120000
3 11.458647 11.025063 0.000000 11.370927 11.037594 10.097744 11.315789 11.395990 11.155389 11.457500 10.972500
4 11.557789 11.263819 11.373433 0.000000 10.979899 11.374372 11.484924 11.459799 11.359297 11.520000 11.447500
5 11.404523 10.811558 11.022556 10.957287 0.000000 11.110553 11.296482 11.203518 11.060302 11.397500 11.152500
6 11.424623 11.138191 10.105263 11.379397 11.123116 0.000000 11.391960 11.434673 11.201005 11.437500 10.960000
7 11.530150 11.248744 11.328321 11.472362 11.301508 11.386934 0.000000 11.575377 11.339196 11.247500 11.392500
8 11.610553 11.311558 11.406015 11.467337 11.228643 11.432160 11.575377 0.000000 11.386934 11.577500 11.405000
9 11.454774 10.248744 11.160401 11.354271 11.055276 11.193467 11.341708 11.376884 0.000000 11.445000 11.180000
10 11.597500 11.362500 11.475000 11.517500 11.417500 11.447500 11.247500 11.595000 11.440000 0.000000 11.480000
11 11.465000 11.120000 10.967500 11.455000 11.185000 10.980000 11.395000 11.407500 11.197500 11.477500 0.000000
