11
1 0.000000 147.880264 141.101349 148.457489 145.505096 148.034012 149.591522 146.954086 150.543152 150.702026 141.247482
2 147.446884 0.000000 135.163574 139.807755 137.261383 139.804382 140.929169 139.030350 138.209106 137.560608 135.168350
3 141.565872 134.978073 0.000000 133.976349 130.396957 133.989868 136.086151 132.849655 138.498306 138.345123 108.412460
4 148.972794 140.204041 133.956085 0.000000 120.770020 141.840485 141.762711 140.423935 142.820648 142.888885 133.841751
5 144.416672 136.489044 129.525345 120.231689 0.000000 137.337311 138.132202 136.270874 139.291031 139.134674 129.437714
6 147.619049 139.198990 133.939194 141.874786 137.771713 0.000000 135.110168 116.365814 142.434860 142.048828 133.710434
7 148.976273 141.333893 135.844589 141.571182 138.547455 135.438980 0.000000 134.272888 144.685272 143.851852 135.991577
8 147.188782 139.494095 133.146957 140.304276 136.962524 116.664955 133.947464 0.000000 142.311340 141.749161 133.297974
9 150.370560 138.023605 137.743240 142.881561 140.338409 143.380707 144.771576 142.209808 0.000000 115.872055 138.311447
10 149.893936 138.378784 137.872055 142.725586 139.818176 142.260941 144.193604 142.074081 115.865318 0.000000 138.552185
11 140.750839 135.636368 108.457916 133.713806 129.989899 134.117844 135.690231 132.925919 137.902359 138.548828 0.000000
