11
1 0.000000 17.394604 17.326014 17.562925 17.392857 17.312925 17.476271 17.539116 17.294416 17.299664 17.119528
2 17.404722 0.000000 15.942664 15.922428 15.070827 15.392918 15.335582 15.539629 15.897133 15.126263 13.067340
3 17.283783 15.843170 0.000000 13.037162 15.714527 16.038851 15.952703 15.797297 13.182432 15.845118 15.478114
4 17.562925 15.883642 13.108109 0.000000 15.926746 16.391081 15.988135 16.411966 11.182741 15.826599 15.474748
5 17.503401 15.155144 15.797297 15.994889 0.000000 14.356048 14.240678 15.827939 15.979695 14.122895 14.708755
6 17.493196 15.369308 15.984797 16.360207 14.586031 0.000000 14.367797 15.844444 16.067682 14.601010 15.297979
7 17.461018 15.364249 16.033783 16.152542 14.293221 14.327119 0.000000 15.718644 16.069374 14.601010 15.171718
8 17.534014 15.767285 16.084459 16.538462 15.778535 15.904273 15.671186 0.000000 16.126904 15.631313 15.464646
9 17.414551 15.844856 13.172297 11.126904 15.734348 15.957699 15.862945 16.008461 0.000000 15.762627 15.476431
10 17.279461 15.397306 15.907408 15.890573 14.279461 14.547138 14.555555 15.734007 15.898990 0.000000 14.954545
11 17.272728 13.132997 15.737373 15.582492 14.791245 15.095960 14.962963 15.478114 15.616161 14.932660 0.000000
