11
1 0.000000 124.630653 124.488724 124.793968 124.821609 124.547737 124.723618 124.748741 124.781410 124.207497 124.050003
2 124.537689 0.000000 122.899750 123.879395 123.934677 117.278893 123.861809 123.070351 123.861809 122.637497 117.922501
3 124.443611 122.967415 0.000000 123.837090 123.894737 122.634087 123.899750 116.315788 123.902252 116.474998 122.622498
4 124.849243 123.997490 123.922302 0.000000 121.706032 123.821609 105.339195 124.050255 105.869347 123.555000 123.290001
5 124.834167 124.005028 123.994987 121.683418 0.000000 124.000000 121.967339 124.178391 122.288948 123.665001 123.355003
6 124.515076 117.243721 122.644112 123.768845 123.917084 0.000000 123.738693 122.726128 123.766335 122.150002 116.442497
7 124.680908 123.914574 123.922302 105.351761 121.957283 123.758797 0.000000 124.037689 103.140701 123.555000 123.307503
8 124.658295 123.057793 116.280701 123.962311 124.085426 122.738693 124.012566 0.000000 124.025124 107.872498 122.397499
9 124.645729 123.819092 123.809525 105.844223 122.188438 123.693466 103.095474 123.967339 0.000000 123.367500 123.242500
10 124.135002 122.612503 116.445000 123.400002 123.562500 122.132500 123.502502 107.855003 123.422501 0.000000 122.580002
11 124.089996 117.947502 122.665001 123.279999 123.347504 116.432503 123.334999 122.510002 123.392502 122.682503 0.000000
