11
1 0.000000 132.228119 132.244034 132.175064 131.870377 132.236069 132.217514 131.896820 132.201599 131.498688 131.886246
2 132.220154 0.000000 129.814331 132.116714 131.304230 132.124664 132.129974 131.780426 132.124664 131.385223 131.380951
3 132.222809 129.801056 0.000000 132.127319 130.973541 132.167114 132.169754 131.828049 132.132629 131.350922 131.404755
4 132.183029 132.129974 132.140579 0.000000 131.828049 132.058350 132.169754 131.825394 124.920425 131.306076 131.764557
5 131.854492 131.277771 130.962967 131.801590 0.000000 131.748672 131.801590 131.764557 131.748672 131.408966 131.320099
6 132.225464 132.129974 132.185669 132.058350 131.764557 0.000000 132.153839 131.724869 132.100800 131.047501 131.793655
7 132.214859 132.135284 132.172409 132.172409 131.822754 132.153839 0.000000 129.407410 132.177719 131.374664 131.828049
8 131.886246 131.783066 131.830688 131.812164 131.783066 131.709000 129.415344 0.000000 131.791000 131.411606 131.806885
9 132.209549 132.132629 132.127319 124.904510 131.769836 132.095490 132.185669 131.796295 0.000000 131.422165 131.767197
10 131.490768 131.379944 131.345642 131.287598 131.422165 131.039581 131.377304 131.408966 131.411606 0.000000 131.316620
11 131.880951 131.394180 131.404755 131.761902 131.346558 131.804230 131.830688 131.809525 131.772491 131.337738 0.000000
