11
1 0.000000 5.816189 5.846284 5.850340 5.865646 5.908163 5.813560 5.901361 5.824027 5.762626 5.843434
2 5.816189 0.000000 5.195615 5.391231 5.406408 5.443508 4.883643 5.178752 5.389544 5.528620 5.195286
3 5.804054 5.173693 0.000000 5.378378 5.396959 5.415541 5.138514 5.076014 5.373311 5.498316 5.122896
4 5.865646 5.389544 5.413851 0.000000 5.465076 5.271012 5.400000 5.485470 5.382403 5.550505 5.449495
5 5.857143 5.370995 5.396959 5.427598 0.000000 5.468484 5.364407 5.437819 5.399323 5.503367 5.419192
6 5.894558 5.426644 5.435811 5.277873 5.492334 0.000000 5.418644 5.495727 5.426396 5.569024 5.444445
7 5.791525 4.863406 5.173986 5.403390 5.383051 5.415254 0.000000 5.171186 5.375635 5.508418 5.144781
8 5.896258 5.172007 5.101351 5.487179 5.468484 5.514530 5.157627 0.000000 5.416244 5.520202 5.104377
9 5.800338 5.382799 5.396959 5.363790 5.423012 5.433164 5.368866 5.404399 0.000000 5.521885 5.404040
10 5.764310 5.555555 5.531987 5.548821 5.552188 5.590909 5.531987 5.548821 5.555555 0.000000 5.585859
11 5.803030 5.180135 5.124579 5.417509 5.425926 5.447812 5.134680 5.106061 5.397306 5.563973 0.000000
