11
1 0.000000 0.615578 0.586466 0.585427 0.597990 0.613065 0.610553 0.582915 0.587940 0.597500 0.597500
2 0.615578 0.000000 0.586466 0.595477 0.605528 0.575377 0.577889 0.572864 0.592965 0.595000 0.592500
3 0.588972 0.588972 0.000000 0.501253 0.558897 0.581454 0.568922 0.466165 0.431078 0.565000 0.565000
4 0.590452 0.600502 0.503759 0.000000 0.572864 0.590452 0.582915 0.422111 0.530151 0.577500 0.577500
5 0.600502 0.605528 0.558897 0.565327 0.000000 0.600502 0.592965 0.562814 0.577889 0.572500 0.585000
6 0.618090 0.580402 0.583960 0.592965 0.603015 0.000000 0.484925 0.585427 0.575377 0.592500 0.605000
7 0.608040 0.572864 0.568922 0.580402 0.592965 0.482412 0.000000 0.567839 0.562814 0.580000 0.580000
8 0.590452 0.577889 0.466165 0.422111 0.565327 0.582915 0.570352 0.000000 0.505025 0.560000 0.565000
9 0.587940 0.592965 0.428571 0.525126 0.575377 0.575377 0.562814 0.502513 0.000000 0.555000 0.557500
10 0.595000 0.595000 0.557500 0.577500 0.575000 0.590000 0.580000 0.555000 0.552500 0.000000 0.500000
11 0.597500 0.592500 0.555000 0.575000 0.582500 0.597500 0.580000 0.557500 0.552500 0.500000 0.000000
