11
1 0.000000 25.721485 25.713528 25.748011 25.701057 25.721485 25.785147 25.711639 25.785147 25.601583 25.650793
2 25.718832 0.000000 25.320955 25.448277 25.500000 25.421751 25.554377 25.544973 25.374004 25.390501 25.333334
3 25.721485 25.312998 0.000000 25.461538 25.576719 25.522547 25.607428 25.473545 24.830238 25.398417 25.417990
4 25.753315 25.450928 25.472149 0.000000 25.603174 25.501326 25.665783 25.542328 25.546419 25.464380 24.182539
5 25.703703 25.500000 25.576719 25.603174 0.000000 25.328043 25.441799 25.343916 25.574074 25.319262 25.574074
6 25.718832 25.413794 25.517241 25.503979 25.335979 0.000000 23.554377 25.277779 25.474800 23.382586 25.404762
7 25.793104 25.554377 25.604774 25.671087 25.441799 23.564987 0.000000 25.423281 25.588860 21.939314 25.513227
8 25.708994 25.531746 25.473545 25.529100 25.341270 25.267197 25.415344 0.000000 25.552910 25.287600 25.431217
9 25.779840 25.363396 24.835545 25.543766 25.579365 25.469496 25.580902 25.552910 0.000000 25.411610 25.449736
10 25.596306 25.390501 25.393141 25.477573 25.324539 23.377308 21.936676 25.298153 25.406332 0.000000 25.411610
11 25.656084 25.333334 25.420635 24.164021 25.576719 25.402117 25.529100 25.431217 25.460318 25.408972 0.000000
