11
1 0.000000 0.360877 0.324324 0.365646 0.352041 0.375850 0.371186 0.360544 0.387479 0.382155 0.314815
2 0.357504 0.000000 0.306914 0.345700 0.332209 0.344013 0.333895 0.310287 0.308600 0.311448 0.303030
3 0.344595 0.320405 0.000000 0.310811 0.288851 0.320946 0.337838 0.304054 0.334459 0.335017 0.127946
4 0.380952 0.364250 0.310811 0.000000 0.235094 0.356775 0.383051 0.360684 0.377327 0.387205 0.314815
5 0.346939 0.337268 0.268581 0.224872 0.000000 0.330494 0.325424 0.327087 0.343486 0.345118 0.276094
6 0.386054 0.360877 0.302365 0.346484 0.320273 0.000000 0.330508 0.200000 0.358714 0.355219 0.313131
7 0.369492 0.330523 0.332770 0.362712 0.325424 0.328814 0.000000 0.306780 0.362098 0.355219 0.323232
8 0.365646 0.322091 0.295608 0.347009 0.320273 0.201709 0.300000 0.000000 0.350254 0.356902 0.301347
9 0.399323 0.318718 0.329392 0.373942 0.348562 0.367174 0.367174 0.358714 0.000000 0.217172 0.331650
10 0.390572 0.308081 0.331650 0.372054 0.345118 0.365320 0.353535 0.355219 0.208754 0.000000 0.335017
11 0.319865 0.309764 0.117845 0.306397 0.277778 0.328283 0.329966 0.301347 0.326599 0.335017 0.000000
