11
1 0.000000 16.843170 17.059122 17.132652 16.569727 17.057823 17.377966 16.858843 17.314720 17.311447 16.961279
2 16.878584 0.000000 16.345699 16.271502 13.310287 12.770658 16.730185 12.568296 16.408094 16.675085 15.895623
3 17.010136 16.404722 0.000000 12.217905 15.804054 16.493244 14.663852 16.204391 14.792230 15.377105 13.469697
4 17.032312 16.231030 12.207770 0.000000 15.897785 16.849056 14.801695 16.670086 14.942471 15.649832 13.784512
5 16.510204 13.252951 15.896959 16.071550 0.000000 13.550256 16.345762 13.313458 16.120136 16.313131 15.629630
6 17.096939 12.758853 16.603041 16.965694 13.739352 0.000000 17.000000 13.215384 16.732656 16.964647 16.336700
7 17.322035 16.575043 14.500000 14.838983 16.011864 16.854237 0.000000 16.735594 12.526227 15.930977 14.533670
8 16.739796 12.564924 16.228041 16.724787 13.245316 13.133333 16.852543 0.000000 16.502539 16.870371 16.208754
9 17.390863 16.524452 14.940878 15.126904 16.206430 16.766497 12.470389 16.538071 0.000000 15.863636 14.718855
10 17.410774 16.922560 15.538720 15.676767 16.170034 16.784512 15.828282 16.816498 15.654882 0.000000 15.459596
11 17.077440 16.058922 13.547138 13.902357 15.604377 16.245790 14.602694 16.343435 14.656566 15.562289 0.000000
