11
1 0.000000 10.246684 9.970822 10.236074 9.640212 9.745358 9.864721 10.486773 9.729443 9.770449 9.907408
2 10.244032 0.000000 10.018568 7.920424 9.865079 9.305039 9.769231 10.502645 9.862069 9.883905 10.015873
3 9.976128 10.023872 0.000000 9.968170 8.687831 9.522547 9.647215 10.325397 8.607427 8.649076 8.978836
4 10.233421 7.917772 9.960212 0.000000 9.835979 9.315650 9.644563 10.566137 9.803714 9.765171 9.978836
5 9.640212 9.865079 8.679894 9.835979 0.000000 9.309524 9.362433 10.132276 8.251323 8.350924 8.571428
6 9.745358 9.305039 9.517241 9.318302 9.312169 0.000000 9.132626 10.116402 9.355437 9.266491 9.513227
7 9.864721 9.769231 9.641910 9.647215 9.362433 9.132626 0.000000 10.296296 9.395226 9.361478 9.584656
8 10.484127 10.500000 10.320106 10.574074 10.132276 10.116402 10.296296 0.000000 10.116402 10.131927 10.330688
9 9.732096 9.864721 8.604774 9.809018 8.253968 9.360743 9.397878 10.126985 0.000000 7.540897 8.640212
10 9.767810 9.883905 8.643800 9.765171 8.350924 9.263852 9.358839 10.131927 7.538259 0.000000 8.635884
11 9.907408 10.015873 8.973545 9.981482 8.571428 9.513227 9.584656 10.330688 8.637567 8.635884 0.000000
