11
1 0.000000 0.480106 0.477454 0.506631 0.481481 0.506631 0.493369 0.476190 0.474801 0.509235 0.478836
2 0.480106 0.000000 0.273210 0.360743 0.335979 0.384615 0.185676 0.312169 0.400531 0.485488 0.346561
3 0.477454 0.270557 0.000000 0.368700 0.367725 0.379310 0.318302 0.288360 0.408488 0.488127 0.335979
4 0.503979 0.363395 0.371353 0.000000 0.351852 0.273210 0.416446 0.359788 0.405836 0.488127 0.410053
5 0.481481 0.335979 0.367725 0.354497 0.000000 0.349206 0.354497 0.335979 0.365079 0.448549 0.357143
6 0.509284 0.384615 0.379310 0.270557 0.349206 0.000000 0.413793 0.357143 0.421751 0.477573 0.380952
7 0.493369 0.185676 0.318302 0.411141 0.354497 0.411141 0.000000 0.322751 0.395225 0.498681 0.362434
8 0.478836 0.312169 0.288360 0.359788 0.335979 0.359788 0.325397 0.000000 0.412698 0.485488 0.243386
9 0.474801 0.400531 0.408488 0.403183 0.362434 0.421751 0.395225 0.410053 0.000000 0.509235 0.412698
10 0.506596 0.485488 0.485488 0.490765 0.448549 0.477573 0.501319 0.480211 0.506596 0.000000 0.488127
11 0.481481 0.346561 0.338624 0.410053 0.359788 0.383598 0.365079 0.246032 0.415344 0.490765 0.000000
