11
1 0.000000 200.034485 199.485413 198.360748 199.227509 198.397873 200.129974 198.820099 198.883286 197.332458 198.394180
2 200.018570 0.000000 197.594162 196.986740 200.079361 199.498672 200.912460 199.497360 197.612732 198.472290 199.597885
3 199.496017 197.615387 0.000000 195.997345 199.621689 199.047745 200.350128 198.883591 196.594162 197.960419 199.140213
4 198.363388 196.992035 195.986740 0.000000 198.656082 197.676392 199.344833 197.849213 192.297089 196.688660 197.931213
5 199.227509 200.084656 199.605820 198.648148 0.000000 198.780426 187.523804 191.730164 199.116409 193.540894 199.415344
6 198.400528 199.506638 199.029175 197.679047 198.791000 0.000000 199.572937 198.206345 198.212204 196.709763 193.394180
7 200.148544 200.915115 200.350128 199.342178 187.547623 199.594162 0.000000 191.923279 199.785141 193.891815 199.857147
8 198.798935 199.505295 198.878311 197.846558 191.735443 198.209000 191.920639 0.000000 198.359787 192.356201 198.777771
9 198.870026 197.633957 196.586212 192.299728 199.121689 198.209549 199.779846 198.359787 0.000000 197.039581 198.402115
10 197.335098 198.485489 197.952499 196.688660 193.556732 196.707123 193.897095 192.366760 197.052765 0.000000 197.588394
11 198.386246 199.608459 199.124344 197.923279 199.420639 193.391541 199.841263 198.775131 198.391541 197.569916 0.000000
