11
1 0.000000 5.653266 5.651629 5.660804 5.665829 5.665829 5.653266 5.658291 5.680904 5.650000 5.620000
2 5.650754 0.000000 5.486216 5.522613 5.454774 5.474874 5.439699 5.449749 5.550251 5.505000 5.422500
3 5.639098 5.481203 0.000000 5.501253 5.057644 5.448622 5.463659 5.456141 5.533834 5.495000 5.467500
4 5.663317 5.525126 5.516291 0.000000 5.517588 5.236181 5.314070 5.311558 5.567839 5.525000 5.292500
5 5.653266 5.449749 5.057644 5.517588 0.000000 5.437186 5.454774 5.439699 5.540201 5.472500 5.445000
6 5.655779 5.477387 5.446115 5.228643 5.442211 0.000000 4.781407 4.728643 5.520101 5.470000 4.865000
7 5.660804 5.434673 5.481203 5.319096 5.467337 4.783920 0.000000 3.922111 5.522613 5.455000 4.450000
8 5.660804 5.452261 5.466166 5.314070 5.444724 4.726130 3.922111 0.000000 5.532663 5.445000 4.432500
9 5.675879 5.552764 5.536341 5.572865 5.550251 5.532663 5.532663 5.535176 0.000000 5.292500 5.520000
10 5.642500 5.502500 5.492500 5.512500 5.475000 5.462500 5.450000 5.435000 5.285000 0.000000 5.467500
11 5.617500 5.407500 5.462500 5.292500 5.447500 4.857500 4.450000 4.432500 5.507500 5.467500 0.000000
