11
1 0.000000 0.641910 0.644562 0.644562 0.640212 0.641910 0.647215 0.645503 0.636605 0.638522 0.640212
2 0.639257 0.000000 0.620690 0.618037 0.600529 0.631300 0.602122 0.621693 0.448276 0.622691 0.629630
3 0.641910 0.618037 0.000000 0.628647 0.626984 0.628647 0.620690 0.611111 0.625995 0.538259 0.637566
4 0.641910 0.618037 0.625995 0.000000 0.626984 0.625995 0.618037 0.621693 0.620690 0.630607 0.624339
5 0.642857 0.603175 0.632275 0.626984 0.000000 0.626984 0.608466 0.613757 0.621693 0.630607 0.629630
6 0.636605 0.628647 0.633952 0.631300 0.616402 0.000000 0.623342 0.637566 0.631300 0.622691 0.616402
7 0.641910 0.599469 0.615385 0.620690 0.597884 0.628647 0.000000 0.624339 0.596817 0.620053 0.621693
8 0.642857 0.626984 0.619048 0.619048 0.608466 0.642857 0.629630 0.000000 0.629630 0.609499 0.637566
9 0.636605 0.448276 0.631300 0.620690 0.621693 0.633952 0.596817 0.626984 0.000000 0.625330 0.626984
10 0.643799 0.620053 0.538259 0.630607 0.620053 0.622691 0.622691 0.609499 0.620053 0.000000 0.622691
11 0.637566 0.626984 0.637566 0.626984 0.629630 0.616402 0.621693 0.632275 0.624339 0.630607 0.000000
