11
1 0.000000 5.597990 5.583960 5.582914 5.600502 5.600502 5.613065 5.567839 5.603015 5.572500 5.587500
2 5.605527 0.000000 5.568923 5.540201 5.293970 5.542714 5.595478 5.595478 5.570352 5.267500 5.567500
3 5.586466 5.558897 0.000000 5.571429 5.604010 5.551378 5.486216 5.401002 5.571429 5.577500 5.545000
4 5.580402 5.525126 5.568923 0.000000 5.557789 5.487437 5.547739 5.560301 5.472362 5.500000 5.527500
5 5.590452 5.286432 5.609023 5.557789 0.000000 5.532663 5.587940 5.595478 5.575377 5.330000 5.572500
6 5.603015 5.532663 5.563910 5.497488 5.547739 0.000000 5.555276 5.555276 5.532663 5.510000 5.527500
7 5.597990 5.572865 5.483709 5.542714 5.577889 5.540201 0.000000 5.459799 5.562814 5.545000 5.552500
8 5.562814 5.585427 5.411027 5.560301 5.595478 5.545226 5.454774 0.000000 5.552764 5.567500 5.550000
9 5.603015 5.562814 5.571429 5.472362 5.575377 5.525126 5.557789 5.560301 0.000000 5.517500 5.560000
10 5.577500 5.267500 5.587500 5.500000 5.342500 5.505000 5.555000 5.582500 5.530000 0.000000 5.572500
11 5.590000 5.565000 5.555000 5.545000 5.587500 5.535000 5.557500 5.552500 5.570000 5.570000 0.000000
