11
1 0.000000 263.753326 263.538452 263.564972 262.701050 263.090179 263.373993 262.833344 263.416443 261.828491 262.981476
2 263.766571 0.000000 257.570282 260.538452 247.293655 254.405838 256.482758 225.626984 229.427063 254.781006 261.428558
3 263.562347 257.575592 0.000000 260.281158 255.896820 253.095490 252.636612 254.867722 255.265259 253.844330 261.367737
4 263.599457 260.538452 260.275848 0.000000 259.330688 257.018555 259.665771 259.238098 259.488068 256.862793 256.690491
5 262.701050 247.293655 255.891541 259.317474 0.000000 252.164017 255.044968 242.989410 241.793655 253.699203 260.772491
6 263.106110 254.408493 253.100800 257.015930 252.169312 0.000000 251.824936 250.939148 250.355438 236.250656 259.484131
7 263.389923 256.472137 252.641907 259.660492 255.058197 251.851456 0.000000 253.986771 253.803711 252.403687 260.817474
8 262.822754 225.616409 254.835983 259.222229 242.992065 250.907410 253.970901 0.000000 216.867722 252.736145 260.812164
9 263.424408 229.424408 255.246689 259.482758 241.798935 250.366043 253.795761 216.875656 0.000000 251.659637 260.693115
10 261.841675 254.765167 253.828491 256.873352 253.715042 236.242737 252.408966 252.754623 251.662262 0.000000 259.042206
11 262.970886 261.423279 261.357147 256.690491 260.793640 259.478821 260.822754 260.828033 260.695770 259.044861 0.000000
