11
1 0.000000 82.660477 81.782494 81.907166 83.457672 83.100800 82.519897 82.267197 83.480103 81.530342 81.835976
2 82.644562 0.000000 71.137932 71.021217 72.822754 73.005302 71.546417 71.936508 72.297081 70.944588 71.238098
3 81.769234 71.140587 0.000000 70.013260 72.084656 71.761276 70.724136 70.648148 72.106102 69.485489 69.095238
4 81.893898 71.026527 70.015915 0.000000 71.933861 71.936340 70.575600 70.846558 72.066315 69.860161 70.140213
5 83.439156 72.820107 72.079369 71.928574 0.000000 73.865082 71.015877 72.978836 73.761902 72.168869 72.367722
6 83.087532 73.007957 71.761276 71.936340 73.870369 0.000000 72.583557 71.420631 74.023872 71.585754 71.875664
7 82.501328 71.543770 70.718834 70.570290 71.015877 72.578247 0.000000 71.486771 72.543770 70.606857 70.849205
8 82.256615 71.941795 70.650795 70.849205 72.986771 71.423279 71.497353 0.000000 72.904762 70.717682 70.997353
9 83.456230 72.289124 72.098145 72.055702 73.756615 74.013260 72.538460 72.891533 0.000000 71.952507 72.193123
10 81.514511 70.947227 69.485489 69.857521 72.171501 71.583115 70.612137 70.715042 71.963058 0.000000 69.754616
11 81.822754 71.240738 69.095238 70.140213 72.373016 71.875664 70.854500 70.994705 72.203705 69.757256 0.000000
