11
1 0.000000 124.555275 124.395988 124.685928 125.055275 124.675880 124.856781 124.854271 124.781410 124.110001 124.042503
2 124.226128 0.000000 122.035088 122.123116 123.643219 122.281410 122.738693 122.959801 122.384422 121.957497 121.264999
3 124.235588 122.155388 0.000000 122.899750 123.874687 122.812027 123.075188 123.353386 119.957390 122.660004 122.540001
4 124.547737 122.195976 122.882202 0.000000 124.140701 123.118088 123.494972 123.605530 123.309044 122.592499 115.752502
5 124.844223 123.804024 123.897240 124.108040 0.000000 123.060303 123.241203 123.148239 124.100502 122.514999 123.360001
6 124.467339 122.394470 122.809525 123.087936 123.022614 0.000000 115.547737 121.786430 123.223618 114.315002 122.235001
7 124.567841 122.793968 123.000000 123.381912 123.138191 115.510048 0.000000 122.057793 123.359299 105.352501 122.577499
8 124.447235 122.886932 123.160400 123.376884 122.912064 121.615578 121.979897 0.000000 123.437187 121.187500 122.542503
9 124.442207 122.384422 119.857140 123.145729 123.982414 123.100502 123.304024 123.527641 0.000000 122.544998 122.357498
10 123.952499 122.117500 122.660004 122.582497 122.507500 114.364998 105.417503 121.362503 122.697502 0.000000 122.489998
11 123.754997 121.264999 122.495003 115.702499 123.279999 122.169998 122.577499 122.680000 122.419998 122.362503 0.000000
