11
1 0.000000 0.423272 0.451014 0.486395 0.448980 0.484694 0.422034 0.443878 0.434856 0.459596 0.451178
2 0.419899 0.000000 0.328836 0.387858 0.377740 0.367622 0.359191 0.342327 0.320405 0.318182 0.318182
3 0.437500 0.327150 0.000000 0.423986 0.407095 0.427365 0.373311 0.344595 0.266892 0.380471 0.314815
4 0.474490 0.387858 0.425676 0.000000 0.431005 0.430532 0.408475 0.411966 0.411168 0.410774 0.392256
5 0.433673 0.364250 0.403716 0.439523 0.000000 0.402044 0.381356 0.386712 0.382403 0.382155 0.377104
6 0.482993 0.354132 0.427365 0.433962 0.402044 0.000000 0.393220 0.386325 0.394247 0.324916 0.385522
7 0.411864 0.342327 0.371622 0.408475 0.367797 0.405085 0.000000 0.377966 0.370558 0.385522 0.360269
8 0.454082 0.354132 0.349662 0.425641 0.396934 0.406838 0.393220 0.000000 0.318105 0.363636 0.326599
9 0.421320 0.318718 0.260135 0.401015 0.372250 0.390863 0.370558 0.314721 0.000000 0.333333 0.277778
10 0.471380 0.343434 0.392256 0.429293 0.390572 0.346801 0.398990 0.368687 0.361953 0.000000 0.355219
11 0.442761 0.306397 0.321549 0.393939 0.368687 0.380471 0.351852 0.311448 0.282828 0.333333 0.000000
