11
1 0.000000 165.898819 167.221283 171.585037 167.357147 165.500000 168.908478 169.670074 168.390869 167.506729 168.282822
2 167.209106 0.000000 160.205734 164.126480 156.949417 153.929169 161.084320 162.362564 160.477234 160.084167 162.518524
3 168.412155 161.011810 0.000000 165.092911 155.251694 150.957764 152.662155 162.548981 151.550674 144.981476 148.824921
4 172.258499 163.430023 163.391891 0.000000 160.579224 160.965698 165.093216 168.904266 164.837570 164.227280 165.924240
5 166.506805 156.563232 154.739868 160.420776 0.000000 147.122650 156.423721 161.156723 156.893402 155.328278 156.772720
6 166.154755 154.790894 151.356415 161.885071 147.896088 0.000000 154.269485 159.815384 153.671738 151.964645 154.575760
7 169.506775 161.445190 151.972977 166.042374 157.218643 154.235596 0.000000 164.547455 120.027069 153.656570 155.594269
8 171.843536 162.446884 164.097977 169.369232 161.735947 159.921371 164.603394 0.000000 164.033844 163.035355 164.777771
9 169.346863 161.107925 152.047302 165.143829 157.451782 153.876480 120.050758 164.285950 0.000000 153.693604 155.939392
10 167.291245 160.388885 144.311447 163.580811 155.136368 151.941071 152.846802 161.882156 152.609421 0.000000 136.365326
11 169.018524 162.540405 148.427612 166.456223 158.190231 154.577438 156.473068 164.991577 155.680130 137.249161 0.000000
