11
1 0.000000 96.490723 96.516891 97.132652 98.375847 97.649658 98.250847 97.581635 97.033844 96.740738 96.520203
2 96.369308 0.000000 94.686340 94.667793 96.369308 95.185501 96.595276 95.124786 95.035416 95.114479 94.845116
3 96.467903 94.762222 0.000000 94.013512 96.445946 95.322632 96.697632 95.251686 95.206078 95.082489 94.851852
4 97.086731 94.738617 94.005066 0.000000 97.260651 96.759865 97.015251 96.374359 95.328255 95.063972 94.821548
5 98.258507 96.369308 96.380066 97.189095 0.000000 97.715500 97.023727 97.647362 96.937393 96.643097 96.429291
6 97.695580 95.349075 95.423988 96.862778 97.880753 0.000000 97.633896 96.140167 94.986465 95.483162 94.540405
7 98.284744 96.740303 96.766891 97.093224 97.164406 97.615257 0.000000 97.542374 97.331642 97.011787 96.803032
8 97.581635 95.234398 95.293922 96.422226 97.763206 96.083763 97.508476 0.000000 94.939087 95.331650 94.365318
9 97.037224 95.161888 95.255066 95.389168 97.045685 94.928932 97.289337 94.950928 0.000000 95.284515 94.336700
10 96.695290 95.191917 95.090912 95.079124 96.705391 95.393936 96.937714 95.297981 95.237373 0.000000 95.195290
11 96.508415 94.957916 94.887207 94.865318 96.537041 94.488213 96.762627 94.363640 94.319862 95.230637 0.000000
