11
1 0.000000 227.928375 228.222809 227.708221 226.896820 228.607422 227.217514 227.187836 227.907166 226.218994 228.679901
2 227.909821 0.000000 189.063660 204.408493 204.558197 206.660477 163.002655 188.399475 204.636612 215.345642 191.674606
3 228.233429 189.079575 0.000000 204.580902 204.444443 206.557022 187.806366 179.129623 204.580902 215.757263 185.835983
4 227.692307 204.397873 204.559677 0.000000 204.653442 187.201599 203.482758 204.097885 202.864716 215.688660 206.870377
5 226.891541 204.560852 204.431213 204.671951 0.000000 206.320099 203.687836 204.542328 205.121689 215.562012 207.335983
6 228.607422 206.663132 206.538467 187.209549 206.320099 0.000000 205.254639 205.944443 204.989395 216.773087 208.531754
7 227.217514 163.005310 187.798401 203.493362 203.685181 205.262604 0.000000 187.433868 203.360748 214.870712 190.505295
8 227.185181 188.410049 179.126984 204.119049 204.552917 205.962967 187.439148 0.000000 204.142853 215.343002 185.835983
9 227.917770 204.644562 204.572937 202.877991 205.129623 205.002655 203.366043 204.140213 0.000000 216.419525 207.108459
10 226.229553 215.345642 215.736145 215.693924 215.554092 216.762527 214.865433 215.335098 216.403687 0.000000 217.474930
11 228.677246 191.677246 185.820099 206.870377 207.333328 208.526459 190.494705 185.822754 207.100525 217.480209 0.000000
