11
1 0.000000 110.296486 109.626564 110.839195 110.133163 110.082916 110.587936 110.351761 109.550255 110.077499 110.032501
2 110.339195 0.000000 104.305763 108.708542 87.620605 104.517586 108.404526 100.175880 107.037689 107.822502 106.242500
3 109.684212 104.315788 0.000000 108.140350 103.892227 94.458649 107.521301 104.263161 106.310776 107.669998 106.025002
4 110.864319 108.678391 108.077698 0.000000 108.238693 108.467339 94.713570 108.846733 105.924622 106.712502 109.157501
5 110.143219 87.590454 103.879700 108.281410 0.000000 104.103012 108.040199 99.771355 106.527641 107.584999 105.930000
6 110.143219 104.550255 94.428574 108.512566 104.128143 0.000000 108.103012 104.301506 107.175880 107.839996 106.132500
7 110.592964 108.293968 107.468674 94.701004 108.000000 108.060303 0.000000 108.419601 105.020103 106.322502 108.667503
8 110.414574 100.165833 104.182961 108.834167 99.721107 104.261307 108.462311 0.000000 107.241203 108.082497 106.224998
9 109.492462 106.924622 106.197998 105.871857 106.447235 107.070351 104.967339 107.193466 0.000000 100.497498 107.297501
10 110.084999 107.800003 107.610001 106.660004 107.584999 107.822502 106.309998 108.087502 100.487503 0.000000 108.620003
11 110.029999 106.224998 105.972504 109.162498 105.932503 106.105003 108.692497 106.239998 107.345001 108.665001 0.000000
