11
1 0.000000 150.298477 153.817566 157.093536 150.282318 155.151367 153.127121 156.079926 154.072754 155.661621 156.070709
2 149.534576 0.000000 128.922424 132.212479 102.949409 128.554810 131.839798 129.256317 134.298477 132.373734 133.335022
3 154.500000 128.620575 0.000000 139.939194 128.402023 134.429047 139.155411 111.751686 140.680740 139.053879 139.811447
4 157.486389 132.295105 139.961151 0.000000 132.560471 141.204117 141.077972 141.699142 142.869705 141.622894 143.323227
5 150.732986 102.873528 128.574326 132.713806 0.000000 129.120956 131.715256 129.768311 132.974625 131.175079 132.550507
6 156.066330 128.371002 134.839523 141.246994 129.020447 0.000000 139.593216 136.429062 141.424698 139.259262 140.326599
7 153.547455 131.684662 139.423981 141.006775 131.776276 139.345764 0.000000 140.301697 124.313026 141.468018 142.188553
8 156.581635 129.731873 111.866554 141.842728 129.715500 135.952133 140.322037 0.000000 141.583755 139.629623 140.033676
9 153.319794 133.620575 140.613174 142.511002 133.282578 140.959396 124.385788 141.372253 0.000000 142.638046 143.048828
10 156.112793 131.851852 139.112793 141.621216 131.202026 139.185181 140.966324 139.291245 143.696976 0.000000 114.651512
11 155.213806 132.915833 139.895630 142.274414 132.932663 139.809769 142.446121 140.257568 143.262619 114.606064 0.000000
