11
1 0.000000 106.114059 101.970825 105.851456 101.904762 102.175064 103.506630 108.370369 101.336868 101.137199 102.380951
2 106.111404 0.000000 102.527855 82.612732 102.256615 97.620689 100.641907 109.007935 101.734749 101.588394 102.912697
3 101.973473 102.525200 0.000000 102.294426 91.074074 97.687004 99.214851 105.306877 89.506630 89.369392 91.243385
4 105.838196 82.602119 102.289124 0.000000 102.164024 97.575600 100.458885 108.724869 101.671089 101.482849 102.724869
5 101.896828 102.246033 91.063492 102.161377 0.000000 97.587303 99.410049 105.134918 89.261902 89.197891 91.089951
6 102.161804 97.610077 97.676392 97.578247 97.587303 0.000000 94.923080 105.809525 96.936340 96.857521 98.550262
7 103.503983 100.639259 99.217506 100.464188 99.423279 94.931038 0.000000 106.849205 98.567642 98.585754 99.605820
8 108.378304 109.013229 105.301590 108.735451 105.148148 105.828041 106.851852 0.000000 104.671959 104.511871 105.862434
9 101.326263 101.732094 89.498672 101.684349 89.264549 96.938995 98.559685 104.669312 0.000000 81.535622 89.992065
10 101.142479 101.596306 89.369392 101.490768 89.211082 96.875992 98.593666 104.517151 81.543533 0.000000 89.976250
11 102.365082 102.904762 91.235451 102.724869 91.092590 98.552910 99.603172 105.849205 90.000000 89.968338 0.000000
