11
1 0.000000 13.927487 13.883446 13.562925 14.052721 14.153061 14.103390 13.649660 13.878173 13.803030 13.636364
2 13.897133 0.000000 12.799325 12.549747 12.838111 13.563238 13.519393 12.475548 10.984823 12.843434 12.823233
3 13.972973 12.875211 0.000000 12.521959 12.851352 13.672297 13.579391 12.603041 12.775338 12.836700 12.696970
4 13.705782 12.671164 12.581081 0.000000 12.744463 13.475128 13.332204 12.435898 12.610829 11.585858 11.436027
5 14.039116 12.846543 12.856419 12.678024 0.000000 13.686542 13.703390 12.555367 12.732656 12.941077 12.804714
6 14.202381 13.578415 13.582770 13.300172 13.604770 0.000000 10.967796 13.312820 13.516074 13.380471 13.437711
7 14.144068 13.571670 13.488175 13.205085 13.606780 10.957627 0.000000 13.267797 13.478849 13.410774 13.393939
8 13.697279 12.435076 12.584459 12.429060 12.534924 13.495727 13.332204 0.000000 12.465313 12.531986 12.526936
9 13.846024 10.996627 12.699325 12.536379 12.698815 13.509306 13.445008 12.445008 0.000000 12.818182 12.708755
10 13.841751 12.860270 12.771044 11.533670 12.964646 13.405724 13.471380 12.533670 12.872054 0.000000 11.814815
11 13.698653 12.895623 12.734007 11.415825 12.769361 13.446128 13.345118 12.486532 12.771044 11.853536 0.000000
