11
1 0.000000 178.005066 178.940872 182.044220 183.005096 175.799316 178.966095 178.838440 179.472076 179.402359 175.883835
2 176.993256 0.000000 157.679596 177.172012 176.143341 159.325470 162.526138 162.816193 157.812820 167.129623 159.227280
3 180.145264 159.015182 0.000000 179.670609 178.673981 164.145264 167.005066 166.596283 157.059128 171.493271 163.703705
4 181.782318 176.819565 179.241547 0.000000 143.950592 177.150940 176.955933 178.276917 178.641281 177.028625 174.584167
5 183.051025 176.350754 176.810806 143.955704 0.000000 175.858597 175.735596 175.357758 178.318100 177.183502 173.542084
6 176.447281 158.770660 164.016891 176.921097 175.635437 0.000000 157.372879 158.897430 163.539764 162.803024 153.575760
7 177.371185 162.406403 166.253372 177.862717 176.959320 157.362717 0.000000 157.969498 167.395935 162.106064 153.227280
8 179.695572 164.768967 168.030411 179.852997 179.277679 160.502563 158.045761 0.000000 168.692047 144.545456 149.143097
9 179.994919 157.903885 156.783783 180.204742 178.610825 163.598984 167.752960 168.096451 0.000000 171.784515 163.484848
10 178.055557 167.585861 169.988220 177.176773 175.816498 162.350174 161.351852 144.008423 170.570709 0.000000 154.265991
11 174.836700 160.491577 163.249161 175.244110 175.119522 153.382156 153.230637 148.569031 163.826599 154.595963 0.000000
