11
1 0.000000 0.478921 0.503378 0.508503 0.513605 0.511905 0.505085 0.494898 0.494078 0.488215 0.501683
2 0.483980 0.000000 0.468803 0.455312 0.473862 0.494098 0.362563 0.485666 0.443508 0.430976 0.456229
3 0.491554 0.456998 0.000000 0.434122 0.464527 0.476351 0.471284 0.491554 0.456081 0.395623 0.341751
4 0.508503 0.443508 0.430743 0.000000 0.488927 0.499142 0.484746 0.487179 0.431472 0.281145 0.439394
5 0.503401 0.467116 0.466216 0.483816 0.000000 0.502555 0.476271 0.482112 0.375635 0.457912 0.457912
6 0.488095 0.451939 0.445946 0.471698 0.478705 0.000000 0.476271 0.379487 0.472081 0.464646 0.459596
7 0.488136 0.340641 0.466216 0.483051 0.477966 0.494915 0.000000 0.491525 0.451777 0.451178 0.447811
8 0.479592 0.467116 0.479730 0.478632 0.485520 0.391453 0.479661 0.000000 0.490694 0.473064 0.479798
9 0.483926 0.430017 0.451014 0.426396 0.360406 0.478849 0.431472 0.477157 0.000000 0.422559 0.424242
10 0.473064 0.429293 0.387205 0.269360 0.459596 0.484848 0.452862 0.469697 0.434343 0.000000 0.378788
11 0.476431 0.437710 0.331650 0.424242 0.457912 0.464646 0.449495 0.478114 0.432660 0.385522 0.000000
