11
1 0.000000 12.427055 12.421751 12.445623 12.341269 12.355437 12.299735 12.320106 12.323607 12.311346 12.420635
2 12.424403 0.000000 12.347480 12.395226 12.296296 12.289124 12.230769 12.280423 12.122016 12.200528 12.396826
3 12.424403 12.350133 0.000000 12.108753 12.246032 11.652520 12.169762 11.730159 12.228117 12.266491 11.671958
4 12.450929 12.395226 12.114058 0.000000 12.283069 12.079576 12.297082 11.968254 12.251989 12.248021 12.214286
5 12.359788 12.298942 12.246032 12.288360 0.000000 12.240741 12.216931 12.216931 12.238095 12.221636 12.354497
6 12.355437 12.278515 11.641910 12.063661 12.222222 0.000000 12.185677 11.563492 12.204244 12.166227 11.947090
7 12.286472 12.236074 12.175066 12.315650 12.195767 12.190982 0.000000 12.161376 12.129973 10.506597 12.288360
8 12.328042 12.288360 11.722222 11.981482 12.206349 11.568783 12.164021 0.000000 12.182540 12.203166 11.981482
9 12.331565 12.127321 12.225464 12.254642 12.232804 12.217506 12.116711 12.185185 0.000000 12.155673 12.256614
10 12.313984 12.195251 12.258575 12.255937 12.197889 12.155673 10.493403 12.195251 12.166227 0.000000 12.274406
11 12.417990 12.378307 11.669312 12.214286 12.343915 11.947090 12.277778 11.965609 12.248677 12.274406 0.000000
