11
1 0.000000 121.110550 120.796989 121.954773 120.937187 120.567841 121.369347 121.871857 121.376884 120.662498 120.822502
2 121.145729 0.000000 119.481201 120.922112 119.206032 118.613068 120.163315 120.896988 120.170853 119.360001 119.709999
3 120.661652 119.323311 0.000000 120.338348 118.162910 117.516289 117.541351 120.145363 117.598999 115.272499 116.442497
4 121.939697 120.886932 120.423561 0.000000 119.793968 119.690956 121.206032 121.351761 121.130653 120.330002 120.607498
5 120.768845 119.092964 118.140350 119.665833 0.000000 115.987434 119.035179 120.032661 119.025124 118.027496 118.644997
6 120.492462 118.530151 117.528824 119.628143 116.030151 0.000000 118.304024 119.376884 118.273872 117.417503 118.132500
7 121.444725 120.213570 117.729324 121.298996 119.231155 118.386932 0.000000 121.055275 100.836685 117.922501 118.379997
8 121.944725 120.894470 120.325813 121.417084 120.213570 119.487434 121.027641 0.000000 121.057793 120.227501 120.529999
9 121.261307 120.030151 117.649124 121.032661 119.095474 118.241203 100.798996 120.886932 0.000000 117.857498 118.437500
10 120.597504 119.287498 115.315002 120.279999 118.099998 117.442497 117.857498 120.052498 117.875000 0.000000 112.644997
11 120.892502 119.757500 116.580002 120.717499 118.862503 118.309998 118.389999 120.559998 118.559998 112.712502 0.000000
