11
1 0.000000 12.374005 12.408488 12.445623 12.378307 12.376657 12.458886 12.402117 12.389920 12.408971 12.420635
2 12.366048 0.000000 11.753316 12.119364 12.000000 11.251989 11.992043 12.000000 11.554377 12.044855 12.103174
3 12.413794 11.753316 0.000000 12.095490 11.939154 11.429708 11.389920 11.912699 11.594165 11.963060 12.066137
4 12.437666 12.106101 12.084881 0.000000 11.788360 11.960212 12.251989 12.161376 12.050398 11.891821 10.820106
5 12.386244 11.981482 11.939154 11.777778 0.000000 11.841269 12.148149 12.092592 11.912699 11.733509 11.949736
6 12.381963 11.251989 11.437666 11.962865 11.817460 0.000000 11.806366 11.925926 10.652520 11.920844 12.031746
7 12.450929 11.992043 11.392573 12.270557 12.158731 11.822281 0.000000 12.187831 11.994695 12.187335 12.230159
8 12.412699 11.997355 11.907408 12.150794 12.116402 11.917990 12.171958 0.000000 11.965609 12.079156 12.246032
9 12.400531 11.549071 11.586206 12.050398 11.917990 10.649867 11.984085 11.962963 0.000000 11.965699 12.084656
10 12.406332 12.052771 11.960423 11.899736 11.736148 11.910290 12.179420 12.073878 11.957784 0.000000 11.997361
11 12.420635 12.105820 12.071428 10.817460 11.931217 12.031746 12.224868 12.248677 12.095238 11.997361 0.000000
