11
1 0.000000 76.711052 77.285713 73.522614 72.399498 74.635681 77.728645 73.831657 73.087936 73.425003 72.192497
2 76.675880 0.000000 79.609024 76.527641 75.484924 77.655777 80.055275 72.580399 75.758797 75.919998 75.072502
3 77.265663 79.629074 0.000000 76.786964 75.746864 77.907265 70.822052 77.270676 75.268173 77.012497 74.957497
4 73.494972 76.542717 76.779449 0.000000 71.442207 73.344223 77.281410 73.701004 72.625626 73.222504 71.807503
5 72.359299 75.487434 75.726814 71.429649 0.000000 72.653267 76.203514 72.620605 71.309044 72.065002 70.647499
6 74.620605 77.680908 77.912277 73.351761 72.675880 0.000000 78.439697 75.012566 73.768845 74.239998 72.947502
7 77.716080 80.087936 70.829575 77.291458 76.228645 78.442207 0.000000 77.638191 75.741203 77.250000 75.250000
8 73.814072 72.597992 77.270676 73.706032 72.638191 75.007538 77.628143 0.000000 73.000000 73.110001 72.275002
9 73.060303 75.771355 75.260651 72.625626 71.319092 73.758797 75.731155 72.992462 0.000000 72.724998 70.389999
10 73.419998 75.952499 77.025002 73.239998 72.092499 74.250000 77.257500 73.120003 72.745003 0.000000 72.187500
11 72.169998 75.092499 74.957497 71.809998 70.662498 72.942497 75.242500 72.272499 70.392502 72.175003 0.000000
