11
1 0.000000 11.987437 11.959900 11.984924 11.964824 12.007538 11.992462 11.974874 11.994975 11.912500 11.925000
2 11.984924 0.000000 11.704261 11.984924 11.977386 11.977386 11.989950 11.979899 11.984924 11.935000 11.700000
3 11.959900 11.719298 0.000000 11.967419 11.934837 11.967419 11.937344 11.959900 11.969925 11.930000 11.615000
4 11.984924 11.992462 11.972431 0.000000 11.944724 11.977386 11.979899 11.947236 11.979899 11.905000 11.935000
5 11.964824 11.979899 11.932331 11.932160 0.000000 11.987437 11.979899 11.738693 11.997487 11.915000 11.907500
6 12.000000 11.984924 11.969925 11.977386 11.989950 0.000000 11.977386 11.972362 11.706030 11.917500 11.937500
7 11.989950 11.992462 11.942356 11.987437 11.984924 11.979899 0.000000 11.974874 11.969850 11.852500 11.932500
8 11.979899 11.984924 11.959900 11.954774 11.738693 11.977386 11.987437 0.000000 11.992462 11.915000 11.930000
9 11.979899 11.979899 11.959900 11.982412 11.987437 11.713568 11.972362 11.982412 0.000000 11.932500 11.927500
10 11.925000 11.937500 11.930000 11.905000 11.915000 11.920000 11.860000 11.905000 11.935000 0.000000 11.935000
11 11.935000 11.705000 11.612500 11.942500 11.920000 11.942500 11.937500 11.937500 11.937500 11.932500 0.000000
