11
1 0.000000 6.698145 6.807433 6.732993 6.860544 6.763606 6.838983 6.676871 6.609137 6.754209 6.666667
2 6.676223 0.000000 6.544688 6.123103 6.453626 6.134907 6.595278 5.674536 5.706577 5.890573 5.848485
3 6.795608 6.537943 0.000000 6.501689 6.462838 6.545608 6.755067 6.493243 6.457770 6.632997 6.567340
4 6.743197 6.128162 6.527027 0.000000 6.528109 5.691252 6.622034 6.100855 6.067682 6.203704 6.166667
5 6.860544 6.526138 6.466216 6.511073 0.000000 6.592845 6.752542 6.463373 6.477158 6.545455 6.484848
6 6.697279 6.173693 6.565878 5.684391 6.586030 0.000000 6.628814 6.162393 6.106599 6.260943 6.190236
7 6.916949 6.649241 6.827703 6.662712 6.742373 6.620339 0.000000 6.549152 6.568528 6.666667 6.614478
8 6.704082 5.709949 6.500000 6.112821 6.451448 6.153846 6.552542 0.000000 5.196278 5.675084 5.548821
9 6.659898 5.743676 6.510135 6.069374 6.494078 6.128596 6.580372 5.204738 0.000000 5.702020 5.599327
10 6.739057 5.937710 6.624579 6.207071 6.575758 6.250842 6.648148 5.691919 5.695286 0.000000 5.631313
11 6.696970 5.897306 6.614478 6.175084 6.513468 6.217172 6.626263 5.584175 5.594276 5.670033 0.000000
