11
1 0.000000 71.321609 70.751877 70.804024 73.796486 72.082916 74.128143 71.726128 71.695976 71.735001 71.264999
2 71.341705 0.000000 67.453636 67.555275 71.321609 68.748741 71.597992 68.271355 68.304024 68.404999 67.937500
3 70.791977 67.476189 0.000000 65.796989 70.711777 68.348373 70.987465 67.959900 67.954887 68.267502 67.754997
4 70.806534 67.540199 65.759399 0.000000 70.773872 68.419601 71.090454 68.067841 68.020103 68.144997 67.629997
5 73.819092 71.326630 70.694237 70.793968 0.000000 72.140701 71.434677 71.756279 71.836685 71.832497 71.360001
6 72.092964 68.738693 68.318298 68.424622 72.125626 0.000000 72.454773 67.550255 67.263817 68.872498 67.077499
7 74.153267 71.603012 70.969925 71.110550 71.434677 72.467339 0.000000 72.103012 72.138191 72.099998 71.672501
8 71.761307 68.286430 67.952377 68.100502 71.766335 67.572861 72.113068 0.000000 67.180908 68.472504 66.709999
9 71.703514 68.288948 67.919800 68.022614 71.819092 67.258797 72.120605 67.153267 0.000000 68.482498 66.745003
10 71.760002 68.410004 68.250000 68.165001 71.832497 68.885002 72.099998 68.462502 68.500000 0.000000 68.415001
11 71.287498 67.940002 67.735001 67.647499 71.357498 67.089996 71.672501 66.697502 66.760002 68.412498 0.000000
