11
1 0.000000 24.522614 24.456141 24.502512 24.552763 24.530151 24.537689 24.547739 24.545227 24.397499 24.400000
2 24.532663 0.000000 23.944862 24.517588 24.595478 24.424623 24.236181 24.251257 23.997488 23.972500 24.424999
3 24.456141 23.954887 0.000000 24.423559 24.528822 24.177944 23.791981 24.007519 21.250628 23.325001 24.405001
4 24.502512 24.510050 24.428572 0.000000 24.246231 24.520100 24.545227 24.570353 24.492462 24.402500 24.067499
5 24.552763 24.592964 24.531328 24.256281 0.000000 24.603016 24.605528 24.625628 24.590452 24.482500 24.410000
6 24.530151 24.424623 24.172932 24.525126 24.600502 0.000000 24.356785 24.326633 24.175879 24.195000 24.400000
7 24.532663 24.228643 23.774437 24.540201 24.587940 24.351759 0.000000 24.271357 23.545227 22.962500 24.420000
8 24.552763 24.266331 23.994987 24.557789 24.618090 24.329145 24.268845 0.000000 23.861809 23.967501 24.407499
9 24.522614 23.984924 21.220551 24.497488 24.565327 24.168343 23.537689 23.839195 0.000000 22.910000 24.367500
10 24.385000 23.975000 23.307501 24.400000 24.472500 24.212500 22.992500 23.972500 22.932501 0.000000 24.385000
11 24.410000 24.432501 24.410000 24.065001 24.395000 24.407499 24.432501 24.427500 24.379999 24.385000 0.000000
