11
1 0.000000 5.954907 5.981432 5.989390 5.973545 5.973475 5.984085 5.968254 5.965517 5.952507 5.957672
2 5.954907 0.000000 5.965517 5.946949 5.944445 5.888594 5.946949 5.920635 5.912467 5.957784 5.925926
3 5.970822 5.954907 0.000000 5.938992 5.923280 5.931035 5.933687 5.894180 5.968170 5.949868 5.899471
4 5.989390 5.949602 5.946949 0.000000 5.783069 5.952255 5.668435 5.849206 5.973475 5.952507 5.862434
5 5.981482 5.936508 5.928571 5.783069 0.000000 5.944445 5.788360 5.830688 5.952381 5.949868 5.846561
6 5.976127 5.893899 5.933687 5.957560 5.949736 0.000000 5.960212 5.904762 5.957560 5.920845 5.941799
7 5.984085 5.949602 5.941645 5.665782 5.775132 5.949602 0.000000 5.873016 5.970822 5.957784 5.894180
8 5.973545 5.920635 5.894180 5.851852 5.843915 5.894180 5.870370 0.000000 5.944445 5.944591 5.806878
9 5.965517 5.909814 5.973475 5.968170 5.949736 5.962865 5.973475 5.947090 0.000000 5.965699 5.968254
10 5.955145 5.952507 5.952507 5.949868 5.949868 5.926121 5.957784 5.936676 5.965699 0.000000 5.944591
11 5.968254 5.923280 5.915344 5.867725 5.862434 5.947090 5.902116 5.814815 5.976191 5.947229 0.000000
