11
1 0.000000 25.790451 25.740053 25.710875 25.589947 25.647215 25.782494 25.648148 25.671087 25.641161 25.608465
2 25.793104 0.000000 25.697613 25.618036 25.542328 25.684351 24.782494 25.690475 25.681698 25.532982 25.603174
3 25.737400 25.687002 0.000000 25.275862 25.481482 25.679045 25.652519 25.648148 25.575598 25.121372 24.190475
4 25.718832 25.612732 25.286472 0.000000 25.391535 25.631300 25.644562 25.605820 25.525200 23.295515 25.071428
5 25.587301 25.526455 25.481482 25.386244 0.000000 25.534391 25.486773 25.600529 24.851852 25.356201 25.338625
6 25.652519 25.671087 25.679045 25.623343 25.534391 0.000000 25.657825 24.825397 25.588860 25.480211 25.544973
7 25.787798 24.766579 25.657825 25.649868 25.478836 25.655172 0.000000 25.648148 25.628647 25.530342 25.521164
8 25.658730 25.690475 25.674603 25.616402 25.600529 24.846561 25.666666 0.000000 25.624338 25.564644 25.619047
9 25.681698 25.676394 25.588860 25.527851 24.854498 25.588860 25.636604 25.621693 0.000000 25.424803 25.486773
10 25.638523 25.532982 25.137203 23.292875 25.366755 25.485489 25.527704 25.548813 25.419525 0.000000 24.926121
11 25.608465 25.600529 24.208994 25.076719 25.341270 25.550264 25.526455 25.613756 25.478836 24.931398 0.000000
