11
1 0.000000 0.655172 0.660477 0.663130 0.650794 0.665783 0.652520 0.658730 0.657825 0.656992 0.653439
2 0.660477 0.000000 0.631300 0.628647 0.642857 0.628647 0.631300 0.632275 0.615385 0.625330 0.600529
3 0.657825 0.620690 0.000000 0.649867 0.642857 0.652520 0.647215 0.613757 0.575597 0.646438 0.600529
4 0.660477 0.639257 0.655172 0.000000 0.648148 0.647215 0.647215 0.640212 0.639257 0.641161 0.621693
5 0.650794 0.637566 0.645503 0.650794 0.000000 0.645503 0.632275 0.640212 0.640212 0.635884 0.640212
6 0.665783 0.636605 0.657825 0.649867 0.653439 0.000000 0.652520 0.645503 0.647215 0.625330 0.637566
7 0.652520 0.625995 0.652520 0.652520 0.634921 0.649867 0.000000 0.637566 0.647215 0.651715 0.642857
8 0.656085 0.626984 0.613757 0.640212 0.640212 0.642857 0.637566 0.000000 0.587302 0.630607 0.597884
9 0.652520 0.612732 0.578249 0.628647 0.637566 0.641910 0.639257 0.579365 0.000000 0.622691 0.579365
10 0.654354 0.620053 0.643799 0.638522 0.630607 0.612137 0.649077 0.627968 0.625330 0.000000 0.614776
11 0.650794 0.595238 0.600529 0.605820 0.634921 0.621693 0.634921 0.589947 0.576720 0.612137 0.000000
