11
1 0.000000 25.265251 25.222811 25.360743 25.198412 25.259947 25.432362 25.314816 25.389921 25.308706 25.238094
2 25.262600 0.000000 24.875332 25.063660 24.671957 24.726791 24.790451 24.637566 24.594164 25.145119 24.828043
3 25.236074 24.885942 0.000000 25.135279 23.288361 24.851460 25.206896 25.044973 25.092838 25.126650 21.891535
4 25.352785 25.071617 25.127321 0.000000 25.087301 25.132626 25.297083 25.238094 25.270557 25.081795 25.187830
5 25.198412 24.669312 23.285715 25.103174 0.000000 24.732803 25.084656 24.949736 24.899471 25.100264 23.462963
6 25.257294 24.718832 24.840849 25.127321 24.738094 0.000000 25.259947 25.113756 25.127321 25.097626 24.825397
7 25.445623 24.793104 25.196287 25.305040 25.082010 25.254642 0.000000 24.343916 24.259947 25.306068 25.079365
8 25.320107 24.619047 25.021164 25.232803 24.949736 25.124338 24.333334 0.000000 22.285715 25.195251 25.031746
9 25.395226 24.591513 25.084881 25.257294 24.899471 25.116711 24.273209 22.291006 0.000000 25.253298 25.021164
10 25.313984 25.139841 25.129288 25.073879 25.105541 25.100264 25.303431 25.200527 25.263853 0.000000 25.184696
11 25.253969 24.830688 21.880953 25.182539 23.476191 24.825397 25.087301 25.039682 25.013227 25.182058 0.000000
