11
1 0.000000 6.512563 6.506266 6.522613 6.929648 6.648241 6.846734 6.708543 6.628141 6.582500 6.577500
2 6.515075 0.000000 6.210526 6.226130 6.673367 6.306533 6.660804 6.349246 6.291457 6.230000 6.260000
3 6.508772 6.213033 0.000000 6.010025 6.631579 6.343359 6.611529 6.395990 6.325815 6.315000 6.307500
4 6.525126 6.228643 6.010025 0.000000 6.648241 6.359296 6.628141 6.412060 6.341709 6.315000 6.310000
5 6.927135 6.670854 6.629073 6.645729 0.000000 6.778894 6.758794 6.821608 6.758794 6.732500 6.727500
6 6.648241 6.306533 6.343359 6.359296 6.781407 0.000000 6.768844 6.349246 6.258794 6.387500 6.280000
7 6.846734 6.660804 6.609023 6.625628 6.761307 6.768844 0.000000 6.816583 6.763819 6.745000 6.737500
8 6.708543 6.349246 6.393484 6.409548 6.824121 6.349246 6.816583 0.000000 6.296483 6.445000 6.220000
9 6.630653 6.293970 6.325815 6.341709 6.763819 6.258794 6.766332 6.298995 0.000000 6.375000 6.197500
10 6.585000 6.232500 6.315000 6.317500 6.737500 6.390000 6.747500 6.447500 6.375000 0.000000 6.367500
11 6.580000 6.260000 6.307500 6.310000 6.732500 6.280000 6.740000 6.220000 6.197500 6.367500 0.000000
