11
1 0.000000 5.386935 5.333333 5.228643 5.253769 5.361809 5.369347 5.366834 5.226130 5.347500 5.205000
2 5.381909 0.000000 3.604010 4.025126 4.296483 3.864322 3.771357 3.809045 4.145729 3.402500 4.022500
3 5.330827 3.601504 0.000000 3.809524 4.155388 3.689223 3.661654 3.644110 3.947368 3.245000 3.815000
4 5.228643 4.025126 3.809524 0.000000 3.442211 3.723618 4.022613 4.060301 3.153266 3.785000 2.717500
5 5.256281 4.296483 4.155388 3.437186 0.000000 4.120603 4.311558 4.336683 3.092965 4.082500 3.427500
6 5.344221 3.856784 3.681704 3.721106 4.115578 0.000000 3.809045 3.879397 3.891960 3.642500 3.712500
7 5.346734 3.763819 3.651629 4.015075 4.304020 3.804020 0.000000 3.587940 4.138191 3.537500 4.017500
8 5.349246 3.804020 3.639098 4.055276 4.326633 3.879397 3.590452 0.000000 4.185930 3.557500 4.052500
9 5.228643 4.148241 3.949875 3.155779 3.095477 3.896985 4.148241 4.195980 0.000000 3.887500 3.147500
10 5.330000 3.400000 3.242500 3.782500 4.082500 3.645000 3.542500 3.560000 3.882500 0.000000 3.792500
11 5.202500 4.025000 3.817500 2.720000 3.432500 3.717500 4.027500 4.062500 3.147500 3.795000 0.000000
