11
1 0.000000 5.984085 5.986737 5.992043 5.973545 5.992043 5.994695 5.968254 5.989390 5.960422 5.960318
2 5.981432 0.000000 5.970822 5.976127 5.968254 5.965517 5.973475 5.957672 5.962865 5.952507 5.955027
3 5.989390 5.973475 0.000000 5.986737 5.965609 5.968170 5.957560 5.962963 5.954907 5.941953 5.947090
4 5.994695 5.984085 5.986737 0.000000 5.791005 5.984085 5.986737 5.973545 5.989390 5.957784 5.970900
5 5.973545 5.962963 5.960318 5.783069 0.000000 5.960318 5.970900 5.968254 5.960318 5.960422 5.960318
6 5.994695 5.965517 5.962865 5.981432 5.955027 0.000000 5.933687 5.928571 5.976127 5.934037 5.925926
7 5.992043 5.970822 5.960212 5.986737 5.973545 5.933687 0.000000 5.947090 5.965517 5.920845 5.917989
8 5.965609 5.960318 5.968254 5.973545 5.970900 5.925926 5.947090 0.000000 5.965609 5.846966 5.894180
9 5.992043 5.968170 5.949602 5.986737 5.968254 5.973475 5.968170 5.965609 0.000000 5.944591 5.947090
10 5.960422 5.944591 5.939314 5.960422 5.957784 5.939314 5.926121 5.844327 5.947229 0.000000 5.897098
11 5.965609 5.957672 5.949736 5.968254 5.968254 5.931217 5.925926 5.896825 5.949736 5.886544 0.000000
