11
1 0.000000 4.392917 4.447635 4.498299 4.471088 4.472789 4.489830 4.476191 4.450085 4.456229 4.427609
2 4.384486 0.000000 4.301855 4.374368 4.283305 4.032041 4.372681 4.254637 4.086003 4.360270 4.225589
3 4.447635 4.271501 0.000000 4.307433 4.265203 4.337838 4.253378 4.141892 4.398649 4.398990 3.863636
4 4.479592 4.376054 4.314189 0.000000 3.756388 4.435678 3.481356 4.010256 4.428088 4.427609 4.089226
5 4.481293 4.350759 4.283784 3.700170 0.000000 4.342419 3.567797 3.925043 4.424704 4.430976 3.828283
6 4.484694 3.974705 4.304054 4.425386 4.330494 0.000000 4.342373 4.299145 4.340102 4.319865 4.185185
7 4.469491 4.342327 4.238176 3.520339 3.647458 4.367796 0.000000 3.991525 4.417936 4.415825 3.885522
8 4.471088 4.322091 4.143581 3.991453 3.838160 4.336752 3.942373 0.000000 4.401015 4.383838 3.540404
9 4.433164 4.150084 4.410473 4.439932 4.379019 4.363790 4.423012 4.389171 0.000000 4.429293 4.363636
10 4.437710 4.409091 4.410774 4.432660 4.434343 4.323232 4.446128 4.415825 4.439394 0.000000 4.412458
11 4.412458 4.159933 3.885522 3.944444 3.904040 4.161616 3.855219 3.521886 4.348485 4.392256 0.000000
