11
1 0.000000 15.633952 15.689655 14.758620 14.634921 15.201591 15.957560 15.002645 14.851459 14.751979 14.645503
2 15.631300 0.000000 16.281168 15.620689 15.486773 15.986737 16.506632 14.891535 15.559682 15.488127 15.425926
3 15.692307 16.283819 0.000000 15.477453 15.399471 15.941645 14.374005 15.833333 15.273210 15.564644 15.256614
4 14.755968 15.618037 15.472149 0.000000 14.378307 14.748011 15.761273 14.910053 14.684350 14.643800 14.449736
5 14.637567 15.489418 15.399471 14.383598 0.000000 14.830688 15.642858 14.878307 14.555555 14.569921 14.380953
6 15.204244 15.989390 15.941645 14.753316 14.833333 0.000000 16.246685 15.378307 15.132626 15.063325 14.933863
7 15.957560 16.509283 14.374005 15.766579 15.645503 16.246685 0.000000 16.044973 15.543767 15.825857 15.510582
8 15.000000 14.888889 15.830688 14.912699 14.875662 15.373015 16.039682 0.000000 14.981482 14.841689 14.870370
9 14.848806 15.557029 15.270557 14.684350 14.552910 15.127321 15.538462 14.981482 0.000000 14.762533 14.399471
10 14.751979 15.490766 15.564644 14.649076 14.569921 15.060686 15.825857 14.846966 14.765171 0.000000 14.575198
11 14.648149 15.431217 15.259259 14.457672 14.380953 14.936508 15.513227 14.875662 14.404762 14.577836 0.000000
