11
1 0.000000 8.708263 8.425675 8.401361 8.374149 8.534014 8.610169 8.605442 8.423012 8.345118 8.653198
2 8.612142 0.000000 7.627319 7.703204 7.649241 7.654300 8.286678 7.833052 7.580101 7.722222 6.441077
3 8.332770 7.654300 0.000000 6.861486 6.579392 7.285473 7.863176 7.108108 6.307433 6.885522 7.730640
4 8.414966 7.644182 6.847973 0.000000 6.768313 7.307033 7.877966 6.781197 6.744501 6.196970 7.685185
5 8.392858 7.738617 6.619933 6.814310 0.000000 7.248723 7.876271 7.030664 6.456853 6.791246 7.752525
6 8.397959 7.650928 7.349662 7.334477 7.240204 0.000000 7.462712 7.478632 7.174281 7.239057 7.804714
7 8.672881 8.377740 7.939189 7.922034 7.808475 7.496610 0.000000 8.018644 7.854484 7.826599 8.309764
8 8.561225 7.834739 7.212838 6.835897 7.068143 7.523077 8.028813 0.000000 7.033841 6.814815 7.904040
9 8.438240 7.595278 6.331081 6.719120 6.428088 7.186125 7.783418 6.988156 0.000000 6.744108 7.693603
10 8.372054 7.710438 6.846801 6.213805 6.723906 7.242424 7.755892 6.765993 6.728956 0.000000 7.740741
11 8.537037 6.446128 7.725589 7.584175 7.675084 7.693603 8.131313 7.813131 7.691919 7.698653 0.000000
