11
1 0.000000 18.138281 18.430744 18.517006 18.528912 18.154762 18.013559 18.210884 18.316412 18.244108 18.010101
2 18.124788 0.000000 16.207420 18.059021 17.883642 16.531197 16.404722 16.720068 16.708263 17.324915 16.468014
3 18.430744 16.323778 0.000000 18.182432 18.072636 16.944256 16.841217 17.133446 16.435810 17.407408 16.855219
4 18.442177 18.048904 18.108109 0.000000 14.638842 18.209263 17.935593 18.063248 18.121828 17.856903 17.893940
5 18.418367 17.848228 17.993244 14.698467 0.000000 17.730835 17.713560 17.787052 18.033840 17.905724 17.865320
6 17.965986 16.738617 16.677364 18.245283 17.916525 0.000000 15.983051 16.683762 16.923859 16.942760 15.936027
7 18.098305 16.367622 16.675676 17.940678 17.745762 16.020338 0.000000 16.115253 17.069374 16.599327 15.557240
8 18.312925 16.991568 16.986486 18.160685 17.908007 16.782906 16.227119 0.000000 17.302877 14.301347 15.234007
9 18.213198 16.539629 16.479731 18.204739 17.940779 16.835871 16.864635 17.233503 0.000000 17.446129 16.930977
10 18.101009 17.425926 17.260942 17.892256 17.848484 16.951178 16.627947 14.385522 17.489899 0.000000 16.025253
11 17.905724 16.395622 16.742424 17.988216 17.853535 15.845118 15.730639 15.346802 17.309765 16.207071 0.000000
