11
1 0.000000 5.564924 5.501689 5.637755 5.462585 5.462585 5.491526 5.778912 5.434856 5.415825 5.478115
2 5.607083 0.000000 5.543002 4.927487 5.505902 5.330523 5.453626 5.780776 5.470489 5.473064 5.547138
3 5.565878 5.544688 0.000000 5.586149 5.163851 5.403716 5.451014 5.702703 5.145270 5.143098 5.259259
4 5.695578 4.957841 5.618243 0.000000 5.596252 5.447684 5.500000 5.899145 5.524535 5.513468 5.574074
5 5.505102 5.505902 5.135135 5.563884 0.000000 5.369676 5.369492 5.666099 5.052454 5.031987 5.099327
6 5.506803 5.342327 5.381757 5.423671 5.366269 0.000000 5.294915 5.697436 5.318105 5.269360 5.380471
7 5.498305 5.416526 5.420608 5.444068 5.364407 5.266102 0.000000 5.674576 5.343486 5.318182 5.365320
8 5.835034 5.801012 5.714527 5.887179 5.691652 5.711111 5.713559 0.000000 5.620981 5.621212 5.676768
9 5.527919 5.522766 5.168919 5.543147 5.094755 5.370558 5.395939 5.678511 0.000000 4.872054 5.148148
10 5.461279 5.494949 5.131313 5.503367 5.058923 5.294613 5.335017 5.641414 4.843434 0.000000 5.138047
11 5.513468 5.531987 5.235690 5.569024 5.101010 5.385522 5.383838 5.659933 5.107744 5.114478 0.000000
