11
1 0.000000 0.618090 0.621554 0.625628 0.620603 0.630653 0.615578 0.623116 0.623116 0.625000 0.620000
2 0.620603 0.000000 0.591479 0.595477 0.603015 0.597990 0.590452 0.595477 0.577889 0.587500 0.572500
3 0.624060 0.593985 0.000000 0.619048 0.614035 0.624060 0.614035 0.586466 0.546366 0.615000 0.567500
4 0.620603 0.590452 0.609023 0.000000 0.608040 0.608040 0.608040 0.597990 0.597990 0.602500 0.577500
5 0.625628 0.608040 0.616541 0.618090 0.000000 0.613065 0.603015 0.610553 0.613065 0.610000 0.610000
6 0.625628 0.592965 0.619048 0.605528 0.605528 0.000000 0.610553 0.603015 0.608040 0.580000 0.595000
7 0.615578 0.592965 0.609023 0.613065 0.600502 0.613065 0.000000 0.600502 0.608040 0.615000 0.602500
8 0.623116 0.597990 0.583960 0.605528 0.610553 0.605528 0.603015 0.000000 0.560301 0.592500 0.567500
9 0.625628 0.577889 0.541353 0.600502 0.610553 0.610553 0.613065 0.555276 0.000000 0.592500 0.550000
10 0.627500 0.590000 0.610000 0.610000 0.607500 0.585000 0.620000 0.595000 0.595000 0.000000 0.582500
11 0.620000 0.570000 0.562500 0.582500 0.605000 0.597500 0.602500 0.562500 0.550000 0.580000 0.000000
