11
1 0.000000 5.105527 5.080201 5.110553 5.090452 5.148241 5.077889 5.173367 5.138191 5.130000 5.062500
2 5.097990 0.000000 4.879699 5.103015 4.022613 4.954774 5.092965 4.706030 5.050251 5.045000 5.005000
3 5.075188 4.879699 0.000000 5.097744 4.842105 4.441103 5.032581 4.937343 4.992481 5.007500 4.882500
4 5.113065 5.113065 5.097744 0.000000 5.090452 5.133166 4.427135 5.153266 4.972362 5.027500 5.105000
5 5.082914 4.027638 4.842105 5.087940 0.000000 4.922111 5.050251 4.723618 4.984925 5.012500 4.957500
6 5.150754 4.962312 4.446115 5.125628 4.922111 0.000000 5.060301 5.015075 5.060301 5.002500 4.935000
7 5.085427 5.100502 5.045113 4.429648 5.050251 5.072865 0.000000 5.120603 4.879397 4.965000 5.032500
8 5.183417 4.706030 4.927318 5.143216 4.721106 5.012563 5.110553 0.000000 5.095478 5.097500 5.032500
9 5.145729 5.052764 5.005013 4.962312 4.987437 5.067839 4.879397 5.097990 0.000000 4.635000 5.007500
10 5.137500 5.047500 5.005000 5.022500 5.017500 5.005000 4.952500 5.102500 4.637500 0.000000 5.070000
11 5.075000 5.020000 4.892500 5.112500 4.977500 4.940000 5.035000 5.042500 5.017500 5.072500 0.000000
