11
1 0.000000 259.559692 259.976135 259.957550 259.026459 259.559692 260.437653 259.039673 259.992035 258.021118 258.862427
2 259.554382 0.000000 230.660477 232.962860 231.291000 225.541107 255.127319 236.388885 254.740051 234.271774 230.711639
3 259.978790 230.657822 0.000000 229.830246 231.772491 229.607422 254.798401 235.862427 254.488068 234.430084 230.087296
4 259.960205 232.978775 229.816971 0.000000 233.944443 231.342178 254.970825 237.349213 254.618042 235.401062 232.092590
5 258.994720 231.272491 231.780426 233.941803 0.000000 229.410049 254.719574 237.455032 254.457672 235.804749 229.047623
6 259.594177 225.530502 229.610077 231.358093 229.423279 0.000000 254.766571 234.399475 254.596817 232.158310 229.640213
7 260.445618 255.137924 254.819626 254.962860 254.764557 254.785141 0.000000 254.224869 229.546417 253.121368 254.304230
8 259.068787 236.423279 235.883591 237.357147 237.481476 234.399475 254.227509 0.000000 254.071426 232.839050 236.238098
9 260.002655 254.763931 254.509277 254.620697 254.462967 254.599472 229.567642 254.076721 0.000000 253.248016 253.912704
10 258.013184 234.282318 234.453827 235.401062 235.817947 232.145126 253.126648 232.820587 253.242737 0.000000 234.042221
11 258.896820 230.716934 230.092590 232.111115 229.063492 229.650787 254.298935 236.227509 253.917984 234.034302 0.000000
