11
1 0.000000 95.188438 94.656639 94.314072 95.012566 94.339195 95.007538 94.665833 94.489952 93.962502 94.035004
2 95.223618 0.000000 93.759399 93.778893 95.552765 94.969849 95.545227 95.097992 94.012566 94.665001 94.745003
3 94.606514 93.711777 0.000000 93.000000 94.862152 94.418549 94.784462 94.443611 93.305763 94.152496 94.489998
4 94.304024 93.723618 93.005013 0.000000 94.693466 93.839195 94.517586 94.057793 91.680908 93.544998 93.687500
5 94.984924 95.494972 94.879700 94.683418 0.000000 94.977386 89.100502 91.334167 94.912064 92.074997 94.752502
6 94.349243 94.929649 94.483711 93.876884 95.025124 0.000000 94.964821 94.540199 94.266335 93.792503 91.955002
7 94.929649 95.457283 94.771927 94.492462 89.070351 94.866837 0.000000 91.153267 94.711052 92.004997 94.684998
8 94.638191 95.047737 94.456139 94.060303 91.339195 94.502510 91.206032 0.000000 94.334167 91.400002 94.285004
9 94.407036 93.937187 93.298248 91.628143 94.891960 94.190956 94.706032 94.263817 0.000000 93.647499 93.942497
10 93.982498 94.677498 94.205002 93.599998 92.147499 93.787498 92.095001 91.445000 93.760002 0.000000 94.129997
11 94.014999 94.702499 94.547501 93.705002 94.790001 91.930000 94.735001 94.285004 94.019997 94.114998 0.000000
