11
1 0.000000 2.723440 2.682432 2.750000 2.673469 2.698980 2.644068 2.853741 2.648054 2.646465 2.691919
2 2.720068 0.000000 2.661046 2.325464 2.664418 2.596965 2.629005 2.844857 2.640810 2.632997 2.675084
3 2.677365 2.661046 0.000000 2.687500 2.496622 2.614865 2.619932 2.780406 2.456081 2.459596 2.542088
4 2.755102 2.322091 2.684122 0.000000 2.695060 2.644940 2.649153 2.888889 2.656514 2.644781 2.681818
5 2.639456 2.652614 2.478040 2.683135 0.000000 2.620102 2.581356 2.761499 2.417936 2.417508 2.456229
6 2.685374 2.581788 2.599662 2.629503 2.620102 0.000000 2.549153 2.805128 2.582064 2.562289 2.631313
7 2.649153 2.625632 2.625000 2.644068 2.611864 2.566102 0.000000 2.801695 2.587140 2.570707 2.602694
8 2.812925 2.799325 2.751689 2.859829 2.752981 2.781197 2.762712 0.000000 2.719120 2.703704 2.749158
9 2.641286 2.625632 2.449324 2.654822 2.443316 2.595601 2.573604 2.727580 0.000000 2.296296 2.461279
10 2.632997 2.621212 2.457912 2.638047 2.422559 2.562289 2.548821 2.730640 2.291246 0.000000 2.461279
11 2.659933 2.654882 2.523569 2.668350 2.456229 2.631313 2.585859 2.771044 2.456229 2.452862 0.000000
