11
1 0.000000 5.590452 5.606516 5.605527 5.605527 5.610553 5.608040 5.590452 5.552764 5.600000 5.510000
2 5.597990 0.000000 5.501253 5.520101 5.296483 5.527638 5.148241 5.472362 5.414573 5.587500 5.395000
3 5.604010 5.508772 0.000000 5.313283 5.508772 5.403509 5.511278 5.433584 5.413534 5.575000 5.380000
4 5.613065 5.537688 5.328321 0.000000 5.507538 5.414573 5.502512 5.389447 5.369347 5.597500 5.315000
5 5.603015 5.293970 5.508772 5.489950 0.000000 5.510050 5.130653 5.407035 5.371859 5.577500 5.332500
6 5.610553 5.522613 5.403509 5.409548 5.510050 0.000000 5.505025 5.427135 5.409548 5.597500 5.367500
7 5.613065 5.155779 5.508772 5.489950 5.140704 5.502512 0.000000 5.429648 5.419598 5.567500 5.370000
8 5.585427 5.477387 5.431077 5.384422 5.404522 5.432161 5.427135 0.000000 5.306533 5.565000 5.272500
9 5.557789 5.414573 5.431077 5.371859 5.376884 5.414573 5.407035 5.304020 0.000000 5.565000 4.225000
10 5.600000 5.592500 5.565000 5.580000 5.577500 5.582500 5.560000 5.567500 5.557500 0.000000 5.507500
11 5.517500 5.397500 5.387500 5.307500 5.330000 5.357500 5.355000 5.262500 4.230000 5.512500 0.000000
