11
1 0.000000 12.456233 12.522547 12.472149 12.460318 12.440318 12.445623 12.431217 12.435013 12.477572 12.357142
2 12.464191 0.000000 12.318302 12.289124 11.783069 12.273210 11.610080 12.150794 12.047746 12.432717 12.015873
3 12.511936 12.291778 0.000000 11.843501 12.219577 12.000000 12.204244 12.087301 12.082228 12.403694 11.997355
4 12.488064 12.259947 11.854112 0.000000 12.203704 11.952254 12.156499 12.005291 12.010610 12.408971 11.896826
5 12.473545 11.775132 12.227513 12.203704 0.000000 12.177249 11.388889 12.071428 12.000000 12.416886 11.931217
6 12.448276 12.259947 12.015915 11.949602 12.169312 0.000000 12.124668 11.968254 12.047746 12.379948 11.997355
7 12.435013 11.607427 12.217506 12.140584 11.375662 12.119364 0.000000 11.992064 11.896552 12.366755 11.846560
8 12.447090 12.137567 12.105820 12.005291 12.058201 11.981482 11.992064 0.000000 11.777778 12.387863 11.740741
9 12.437666 12.053050 12.098144 12.002652 11.994709 12.055703 11.915119 11.809524 0.000000 12.308707 9.669312
10 12.477572 12.411610 12.422164 12.403694 12.406332 12.379948 12.358839 12.398417 12.308707 0.000000 12.300792
11 12.370370 12.018518 12.000000 11.894180 11.933863 12.000000 11.862433 11.756614 9.674603 12.308707 0.000000
