11
1 0.000000 6.138280 6.256757 6.433673 6.221088 6.520408 6.118644 6.596939 6.436548 6.466330 6.604377
2 6.166948 0.000000 5.758853 6.124789 5.853288 6.087690 5.495784 6.106239 6.123103 6.025252 6.350168
3 6.219594 5.730186 0.000000 6.165541 5.934122 6.125000 5.673986 6.165541 6.175676 6.079124 6.343434
4 6.459184 6.119730 6.211149 0.000000 6.049404 6.629503 6.127119 6.589744 5.297801 6.506734 6.375421
5 6.231293 5.851602 5.962838 6.018739 0.000000 6.333901 5.850847 6.402044 5.998308 6.232323 6.225589
6 6.523809 6.064081 6.172297 6.578044 6.339012 0.000000 6.033898 5.931624 6.485618 5.781145 6.740741
7 6.091526 5.473862 5.670608 6.088136 5.806780 6.028813 0.000000 6.076271 6.067682 5.973064 6.292929
8 6.629251 6.151771 6.226351 6.613675 6.451448 5.970940 6.128814 0.000000 6.605753 5.486532 6.735690
9 6.428088 6.079258 6.217906 5.297801 5.978004 6.512691 6.089678 6.580372 0.000000 6.473064 6.387206
10 6.479798 6.031987 6.119529 6.500000 6.274411 5.809764 6.011785 5.461279 6.462963 0.000000 6.663300
11 6.602694 6.301347 6.378788 6.361953 6.222222 6.702020 6.286195 6.707071 6.397306 6.654882 0.000000
