11
1 0.000000 118.698494 116.483711 117.070351 117.452263 118.228645 118.412064 116.859299 116.864319 117.570000 117.690002
2 118.695976 0.000000 115.832077 116.379395 117.386932 114.695976 114.811562 116.298996 116.324120 116.822502 116.812500
3 116.478699 115.894737 0.000000 107.135338 114.142860 114.724312 115.150375 106.508774 101.117798 113.764999 113.542503
4 117.110550 116.414574 107.087723 0.000000 114.540199 115.404526 115.748741 100.625626 108.190956 114.125000 113.864998
5 117.331657 117.298996 114.015038 114.434677 0.000000 116.753769 116.824120 114.243721 114.670853 115.925003 115.942497
6 118.188438 114.685928 114.636589 115.351761 116.814072 0.000000 110.668343 115.115578 115.188438 116.324997 116.504997
7 118.314072 114.723618 115.032585 115.615578 116.869347 110.638191 0.000000 115.336685 115.655777 116.427498 116.529999
8 116.811562 116.233665 106.431076 100.648239 114.283920 115.108040 115.359299 0.000000 107.859299 113.839996 113.625000
9 116.726128 116.218590 101.035088 108.105530 114.658295 115.087936 115.620605 107.839195 0.000000 113.815002 113.675003
10 117.502502 116.769997 113.705002 114.022499 115.947502 116.339996 116.482498 113.847504 113.849998 0.000000 108.559998
11 117.665001 116.815002 113.517502 113.817497 115.995003 116.510002 116.599998 113.635002 113.727501 108.562500 0.000000
