11
1 0.000000 127.708221 127.267906 128.061005 127.018517 126.668434 126.713531 126.235451 127.071617 126.295517 127.820107
2 127.697609 0.000000 126.867371 127.612732 126.788361 126.167107 126.132629 125.867722 124.114059 125.963058 127.592590
3 127.251991 126.880638 0.000000 123.732094 125.783066 118.973473 125.533157 119.518517 125.856766 125.337730 120.439156
4 128.055710 127.625992 123.726791 0.000000 126.428574 122.702919 126.636604 122.447090 126.687004 126.163589 125.730156
5 126.994705 126.804230 125.777779 126.433861 0.000000 124.801590 125.156082 124.865082 126.074074 125.403694 126.746033
6 126.663132 126.185677 118.973473 122.713531 124.806877 0.000000 124.514587 116.656082 124.976128 124.393143 122.579369
7 126.694962 126.124672 125.541115 126.636604 125.153442 124.511940 0.000000 124.354500 125.076920 107.831131 126.552910
8 126.214287 125.873016 119.518517 122.457672 124.886246 116.645500 124.335976 0.000000 124.658730 124.472298 122.809525
9 127.074272 124.140587 125.870026 126.694962 126.084656 125.000000 125.087532 124.664024 0.000000 124.678101 126.769844
10 126.274406 125.947227 125.340370 126.145119 125.408974 124.395775 107.846962 124.461739 124.667549 0.000000 126.327179
11 127.814812 127.584656 120.447090 125.753967 126.735451 122.563492 126.550262 122.806877 126.746033 126.343010 0.000000
