11
1 0.000000 21.585426 20.844612 20.972363 21.391960 20.708542 20.454773 20.841709 21.243719 21.379999 21.315001
2 21.545227 0.000000 20.556391 20.746231 20.590452 20.417086 20.361809 20.630653 17.907036 21.217501 21.077499
3 20.809525 20.558897 0.000000 19.320803 20.466166 16.902256 18.734335 19.293234 20.132832 20.082500 20.167500
4 20.934673 20.751257 19.323309 0.000000 20.756281 19.015076 17.643215 14.695980 20.193468 20.022499 19.457500
5 21.371859 20.570353 20.468672 20.736181 0.000000 20.256281 20.075377 20.613066 19.876884 21.057501 20.965000
6 20.685930 20.402010 16.889725 19.015076 20.256281 0.000000 18.366835 18.969849 19.957287 19.674999 19.855000
7 20.434673 20.371859 18.734335 17.640703 20.082914 18.359297 0.000000 17.615578 19.650753 19.657499 18.320000
8 20.804020 20.638191 19.290728 14.698492 20.628141 18.967337 17.620604 0.000000 20.118090 19.930000 19.365000
9 21.238693 17.899498 20.140350 20.180904 19.871859 19.937185 19.650753 20.110552 0.000000 20.752501 20.580000
10 21.392500 21.252501 20.105000 20.040001 21.072500 19.695000 19.670000 19.952499 20.780001 0.000000 20.817499
11 21.295000 21.067499 20.135000 19.452499 20.965000 19.855000 18.320000 19.350000 20.582500 20.782499 0.000000
