11
1 0.000000 0.527851 0.594164 0.615385 0.574074 0.602122 0.578249 0.619048 0.604775 0.598945 0.634921
2 0.522546 0.000000 0.503979 0.522546 0.439153 0.506631 0.405836 0.550265 0.530504 0.511873 0.597884
3 0.586207 0.509284 0.000000 0.578249 0.526455 0.572944 0.503979 0.597884 0.578249 0.575198 0.605820
4 0.602122 0.525199 0.570292 0.000000 0.489418 0.557029 0.530504 0.603175 0.342175 0.585752 0.611111
5 0.574074 0.439153 0.521164 0.489418 0.000000 0.513228 0.447090 0.552910 0.500000 0.517150 0.571429
6 0.594164 0.506631 0.570292 0.559682 0.515873 0.000000 0.485411 0.457672 0.575597 0.424802 0.621693
7 0.575597 0.405836 0.503979 0.530504 0.449735 0.485411 0.000000 0.550265 0.525199 0.522427 0.595238
8 0.613757 0.550265 0.600529 0.608466 0.558201 0.457672 0.542328 0.000000 0.619048 0.356201 0.637566
9 0.604775 0.535809 0.583554 0.342175 0.497355 0.575597 0.522546 0.619048 0.000000 0.625330 0.597884
10 0.593668 0.511873 0.580475 0.593668 0.519789 0.424802 0.522427 0.356201 0.620053 0.000000 0.620053
11 0.637566 0.616402 0.624339 0.613757 0.576720 0.634921 0.595238 0.653439 0.600529 0.633245 0.000000
