11
1 0.000000 114.997345 112.790451 113.660477 115.457672 114.137932 116.135277 112.436508 116.018570 113.654350 114.465607
2 114.986740 0.000000 105.970825 107.241379 88.330688 108.594162 92.145889 105.576721 101.198936 108.306068 109.309525
3 112.771881 105.952255 0.000000 94.816978 107.436508 96.286469 107.872681 77.346558 108.098145 96.678101 106.005295
4 113.655174 107.220161 94.827583 0.000000 108.476189 98.586205 108.782494 94.129631 109.273209 98.377312 107.560844
5 115.431213 88.317459 107.441795 108.470901 0.000000 109.679893 95.322754 107.333336 103.862434 109.530342 110.891533
6 114.148544 108.578247 96.297081 98.596817 109.679893 0.000000 110.183022 96.111115 110.389923 93.229553 108.349205
7 116.124672 92.145889 107.888596 108.798409 95.328041 110.201591 0.000000 107.335976 104.615387 109.836411 110.957672
8 112.425926 105.560844 77.359787 94.129631 107.328041 96.111115 107.312172 0.000000 107.608467 96.532982 105.952377
9 116.010612 101.188332 108.106102 109.281166 103.854500 110.374008 104.599472 107.613754 0.000000 110.142479 111.119049
10 113.656990 108.290237 96.686012 98.374672 109.530342 93.218994 109.817940 96.535622 110.139839 0.000000 108.081795
11 114.447090 109.312172 106.023811 107.563492 110.904762 108.346558 110.944443 105.957672 111.113754 108.079155 0.000000
