11
1 0.000000 78.590454 77.566414 77.876884 79.555275 79.010048 78.459801 78.427139 79.369347 77.540001 77.625000
2 78.600502 0.000000 67.528824 67.587936 69.477386 69.467339 68.085426 68.635681 68.796486 67.532501 67.629997
3 77.583961 67.541351 0.000000 66.476189 68.614037 68.125313 67.147873 67.250626 68.453636 66.154999 65.612503
4 77.856781 67.560303 66.436089 0.000000 68.600502 68.422112 67.133163 67.567841 68.545227 66.470001 66.562500
5 79.557793 69.474876 68.598999 68.625626 0.000000 70.464821 67.758797 69.625626 70.366837 68.692497 68.699997
6 79.022614 69.474876 68.120300 68.457283 70.474876 0.000000 69.070351 68.148239 70.434677 68.142502 68.237503
7 78.467339 68.087936 67.140350 67.165833 67.766335 69.067841 0.000000 68.216080 69.035179 67.217499 67.269997
8 78.432159 68.635681 67.240601 67.597992 69.630653 68.143219 68.213570 0.000000 69.550255 67.315002 67.402496
9 79.374374 68.793968 68.441101 68.572861 70.369347 70.424622 69.030151 69.547737 0.000000 68.492500 68.540001
10 77.542503 67.529999 66.139999 66.497498 68.692497 68.132500 67.209999 67.309998 68.492500 0.000000 66.397499
11 77.632500 67.629997 65.602501 66.592499 68.705002 68.232498 67.267502 67.400002 68.542503 66.400002 0.000000
