11
1 0.000000 124.412064 124.744362 124.944725 125.017586 125.030151 125.075378 125.052765 124.879395 124.312500 124.144997
2 124.223618 0.000000 122.616539 122.876884 122.962311 123.085426 123.062813 122.836685 122.301506 122.322502 120.877502
3 124.571426 122.636589 0.000000 121.598999 99.556389 124.030075 124.002510 109.791977 123.493736 117.595001 122.830002
4 124.914574 123.035179 121.644112 0.000000 122.125626 124.376884 124.296486 122.085426 124.047737 121.504997 123.035004
5 124.861809 122.994972 99.558899 122.000000 0.000000 124.369347 124.351761 110.756279 123.902008 117.557503 122.900002
6 124.957283 123.193466 124.082710 124.258797 124.414574 0.000000 109.500000 124.301506 123.992462 123.657501 122.907501
7 124.836685 123.082916 123.887215 124.080399 124.253769 109.482414 0.000000 124.155777 124.045227 123.587502 122.764999
8 124.876884 122.871857 109.781952 122.040199 110.763817 124.261307 124.233665 0.000000 123.824120 117.419998 122.760002
9 124.701004 122.248741 123.471176 123.841705 123.884422 123.954773 124.095474 123.788948 0.000000 123.157501 122.394997
10 124.167503 122.322502 117.574997 121.412498 117.565002 123.565002 123.675003 117.397499 123.195000 0.000000 122.702499
11 124.077499 120.945000 122.925003 122.992500 123.004997 122.934998 122.917503 122.807503 122.517502 122.782501 0.000000
