11
1 0.000000 5.517706 5.457770 5.571429 5.630952 5.479592 5.510170 5.590136 5.500846 5.441077 5.557239
2 5.451939 0.000000 5.242833 5.384486 5.236088 5.278246 5.259696 5.079258 5.328836 5.306397 5.244108
3 5.420608 5.259696 0.000000 5.375000 5.346284 5.287162 4.782094 5.288851 5.332770 5.294613 5.286195
4 5.530612 5.426644 5.429054 0.000000 5.528109 5.185249 5.467797 5.511111 4.962775 4.920876 5.481482
5 5.583333 5.256324 5.356419 5.524702 0.000000 5.410562 5.369492 5.316865 5.434856 5.397306 4.882155
6 5.462585 5.308600 5.315878 5.180103 5.415673 0.000000 5.333898 5.386325 5.060914 5.010101 5.363636
7 5.494915 5.300169 4.809122 5.432203 5.384746 5.327119 0.000000 5.338983 5.379019 5.335017 5.338384
8 5.556122 5.112985 5.305743 5.488889 5.298126 5.388034 5.332203 0.000000 5.395939 5.345118 5.244108
9 5.480541 5.381113 5.381757 4.981388 5.451777 5.081218 5.404399 5.426396 0.000000 4.885522 5.404040
10 5.410774 5.336700 5.321549 4.919192 5.410774 5.016835 5.331650 5.353535 4.865320 0.000000 5.380471
11 5.521885 5.247475 5.296296 5.439394 4.878788 5.348485 5.314815 5.244108 5.363636 5.365320 0.000000
