11
1 0.000000 0.605528 0.578947 0.610553 0.597990 0.595477 0.600502 0.592965 0.600502 0.600000 0.607500
2 0.603015 0.000000 0.496241 0.580402 0.552764 0.464824 0.560301 0.552764 0.505025 0.577500 0.595000
3 0.573935 0.493734 0.000000 0.578947 0.531328 0.486216 0.493734 0.536341 0.521303 0.560000 0.572500
4 0.610553 0.582915 0.583960 0.000000 0.570352 0.582915 0.603015 0.600502 0.590452 0.605000 0.507500
5 0.597990 0.552764 0.536341 0.570352 0.000000 0.515075 0.557789 0.560301 0.557789 0.555000 0.585000
6 0.592965 0.464824 0.488722 0.577889 0.517588 0.000000 0.530151 0.555276 0.422111 0.555000 0.577500
7 0.597990 0.560301 0.493734 0.597990 0.552764 0.525126 0.000000 0.542714 0.560301 0.577500 0.597500
8 0.590452 0.555276 0.536341 0.595477 0.560301 0.552764 0.545226 0.000000 0.567839 0.582500 0.597500
9 0.603015 0.502513 0.526316 0.587940 0.557789 0.422111 0.565327 0.570352 0.000000 0.567500 0.572500
10 0.595000 0.577500 0.562500 0.602500 0.552500 0.555000 0.585000 0.582500 0.565000 0.000000 0.590000
11 0.610000 0.592500 0.575000 0.510000 0.585000 0.582500 0.605000 0.607500 0.577500 0.595000 0.000000
