11
1 0.000000 25.578249 25.570292 25.320955 25.404762 25.259947 25.639257 25.587301 25.275862 25.437994 25.547619
2 25.572945 0.000000 25.320955 25.411140 23.079365 24.896551 25.649868 25.600529 24.923077 25.437994 25.637566
3 25.562334 25.320955 0.000000 25.347481 25.235449 24.843502 25.676394 25.611111 24.864721 25.356201 25.555555
4 25.320955 25.405836 25.352785 0.000000 25.291006 25.005304 25.625996 25.462963 25.039787 25.379948 25.423281
5 25.380953 23.084656 25.238094 25.280424 0.000000 24.806879 25.574074 25.626984 24.838625 25.419525 25.552910
6 25.267904 24.899204 24.835545 25.007957 24.809525 0.000000 25.493368 25.518518 16.358089 24.968338 25.383598
7 25.631300 25.652519 25.673740 25.618036 25.560846 25.496021 0.000000 25.722221 25.488064 25.488127 25.642857
8 25.584656 25.595238 25.619047 25.457672 25.613756 25.518518 25.719576 0.000000 25.534391 25.635883 25.550264
9 25.265251 24.909815 24.862068 25.039787 24.851852 16.360743 25.493368 25.529100 0.000000 24.963060 25.380953
10 25.445910 25.443272 25.356201 25.387863 25.419525 24.957783 25.485489 25.651714 24.965700 0.000000 25.551451
11 25.537037 25.640211 25.566137 25.423281 25.563492 25.388889 25.653439 25.547619 25.370371 25.546175 0.000000
