11
1 0.000000 126.843498 126.432358 126.506630 126.055557 125.832893 126.822281 126.433861 126.283821 125.934036 126.677246
2 126.827583 0.000000 123.726791 124.222809 123.211639 123.000000 125.023872 124.359787 123.737404 123.540894 112.698410
3 126.411140 123.729446 0.000000 118.633949 114.854500 121.122017 124.076920 120.000000 112.230766 118.189972 124.050262
4 126.506630 124.241379 118.663132 0.000000 117.195770 121.522545 124.360741 116.693123 117.875328 109.823219 124.285713
5 126.047623 123.230156 114.846558 117.182541 0.000000 120.410049 123.539680 119.005295 113.711639 116.928757 123.843918
6 125.822281 123.023872 121.132629 121.511940 120.423279 0.000000 121.888596 121.970901 120.586205 120.984169 123.320107
7 126.819626 125.045090 124.095490 124.347481 123.539680 121.880638 0.000000 124.582008 123.946953 123.641159 125.010582
8 126.420631 124.365082 120.023811 116.687828 119.000000 121.970901 124.560844 0.000000 119.272484 116.715042 124.698410
9 126.286469 123.755966 112.244034 117.864723 113.711639 120.578247 123.965515 119.269844 0.000000 117.432716 123.896828
10 125.936676 123.559364 118.208443 109.820580 116.947227 120.963058 123.646439 116.722954 117.416885 0.000000 123.889183
11 126.669312 112.701057 124.066139 124.267197 123.846558 123.325394 125.021164 124.711639 123.888885 123.902374 0.000000
