11
1 0.000000 0.487437 0.506266 0.517588 0.484925 0.530151 0.522613 0.512563 0.512563 0.517500 0.535000
2 0.489950 0.000000 0.471178 0.452261 0.291457 0.474874 0.472362 0.381910 0.462312 0.482500 0.477500
3 0.503759 0.468672 0.000000 0.493734 0.456140 0.388471 0.488722 0.481203 0.491228 0.487500 0.472500
4 0.520100 0.454774 0.493734 0.000000 0.469849 0.512563 0.379397 0.479899 0.427136 0.467500 0.517500
5 0.487437 0.288945 0.458647 0.467337 0.000000 0.467337 0.477387 0.381910 0.464824 0.467500 0.480000
6 0.527638 0.477387 0.385965 0.505025 0.464824 0.000000 0.510050 0.500000 0.515075 0.512500 0.517500
7 0.522613 0.472362 0.483709 0.374372 0.474874 0.512563 0.000000 0.482412 0.427136 0.457500 0.477500
8 0.515075 0.381910 0.481203 0.474874 0.381910 0.502513 0.482412 0.000000 0.452261 0.482500 0.500000
9 0.517588 0.469849 0.491228 0.427136 0.472362 0.520100 0.427136 0.459799 0.000000 0.422500 0.480000
10 0.522500 0.480000 0.490000 0.467500 0.467500 0.517500 0.457500 0.485000 0.422500 0.000000 0.482500
11 0.540000 0.475000 0.475000 0.515000 0.482500 0.522500 0.480000 0.502500 0.482500 0.482500 0.000000
