11
1 0.000000 12.610080 12.604774 12.599469 12.550264 12.615385 12.610080 12.555555 12.591512 12.535620 12.568783
2 12.602122 0.000000 12.360743 12.604774 12.563492 12.588860 12.602122 12.558201 12.586206 12.548813 12.349206
3 12.610080 12.352785 0.000000 12.599469 12.560846 12.596817 12.578249 12.558201 12.594165 12.540897 12.264550
4 12.602122 12.602122 12.604774 0.000000 12.531746 12.591512 12.604774 12.529100 12.591512 12.514512 12.579365
5 12.555555 12.563492 12.555555 12.531746 0.000000 12.582010 12.571428 12.328042 12.589947 12.527704 12.550264
6 12.620689 12.586206 12.594165 12.583554 12.579365 0.000000 12.591512 12.544973 12.315650 12.519789 12.571428
7 12.615385 12.604774 12.586206 12.602122 12.579365 12.602122 0.000000 12.560846 12.594165 12.477572 12.574074
8 12.558201 12.563492 12.566137 12.526455 12.338624 12.544973 12.558201 0.000000 12.571428 12.519789 12.563492
9 12.599469 12.594165 12.610080 12.596817 12.595238 12.315650 12.594165 12.560846 0.000000 12.543535 12.579365
10 12.530343 12.546174 12.546174 12.511873 12.525066 12.522428 12.480211 12.514512 12.540897 0.000000 12.548813
11 12.560846 12.357142 12.264550 12.574074 12.555555 12.582010 12.568783 12.568783 12.582010 12.551451 0.000000
