11
1 0.000000 5.675879 5.649123 5.683417 5.658291 5.663317 5.683417 5.670854 5.670854 5.665000 5.632500
2 5.663317 0.000000 5.604010 5.653266 5.618091 5.628141 5.600502 5.633166 5.610553 5.645000 5.590000
3 5.649123 5.606516 0.000000 5.659148 5.315790 5.593985 5.636591 5.649123 5.631579 5.657500 4.905000
4 5.670854 5.648241 5.649123 0.000000 5.653266 5.655779 5.668342 5.665829 5.678392 5.642500 5.622500
5 5.655779 5.613065 5.315790 5.658291 0.000000 5.605527 5.653266 5.655779 5.635678 5.652500 5.352500
6 5.660804 5.623116 5.581454 5.663317 5.615578 0.000000 5.660804 5.665829 5.663317 5.630000 5.610000
7 5.680904 5.605527 5.626566 5.675879 5.650754 5.658291 0.000000 5.522613 5.505025 5.655000 5.635000
8 5.668342 5.638191 5.644110 5.668342 5.660804 5.665829 5.532663 0.000000 5.319096 5.665000 5.627500
9 5.670854 5.600502 5.624060 5.673367 5.623116 5.653266 5.502512 5.296483 0.000000 5.647500 5.595000
10 5.657500 5.637500 5.652500 5.642500 5.655000 5.640000 5.660000 5.660000 5.645000 0.000000 5.650000
11 5.625000 5.597500 4.902500 5.630000 5.345000 5.610000 5.632500 5.622500 5.602500 5.660000 0.000000
