11
1 0.000000 24.030151 23.907269 24.100502 24.010050 24.022614 24.195980 24.133165 24.138191 24.077499 23.927500
2 24.017588 0.000000 23.588972 23.824121 23.487436 23.494974 23.532663 23.454773 23.354271 23.912500 23.522499
3 23.924812 23.596491 0.000000 23.814537 22.127819 23.558897 23.892231 23.784462 23.766918 23.887501 20.737499
4 24.100502 23.816584 23.824562 0.000000 23.914574 23.881910 24.037689 24.032663 23.997488 23.837500 23.877501
5 24.017588 23.502512 22.140350 23.924623 0.000000 23.577890 23.889448 23.758795 23.716080 23.867500 22.262501
6 24.035175 23.517588 23.558897 23.899498 23.580402 0.000000 24.002512 23.947237 23.889448 23.870001 23.549999
7 24.178392 23.532663 23.889725 24.030151 23.891960 23.982412 0.000000 23.188442 23.032663 24.045000 23.780001
8 24.130653 23.449749 23.786968 24.035175 23.773869 23.942211 23.190954 0.000000 21.236181 23.975000 23.740000
9 24.145729 23.369347 23.794487 24.005026 23.728643 23.874372 23.050251 21.241205 0.000000 24.022499 23.727501
10 24.065001 23.892500 23.882500 23.820000 23.847500 23.844999 24.042500 23.955000 24.004999 0.000000 23.937500
11 23.924999 23.530001 20.754999 23.865000 22.262501 23.545000 23.782499 23.732500 23.717501 23.950001 0.000000
