11
1 0.000000 127.557030 127.527855 128.429703 127.031746 126.976128 127.819626 127.992065 127.851456 127.039581 127.597885
2 127.572945 0.000000 126.119362 127.328911 125.208992 124.888596 126.546417 126.912697 126.546417 125.649078 126.399467
3 127.527855 126.114059 0.000000 127.183022 124.537041 124.167107 124.238724 126.645500 124.334221 121.451187 123.023811
4 128.437668 127.312996 127.196289 0.000000 125.859787 126.082230 127.692307 127.492065 127.602119 126.709763 127.373016
5 127.026459 125.174606 124.526459 125.841270 0.000000 121.917992 125.169312 126.179893 125.153442 124.382584 125.383598
6 126.989388 124.880638 124.153847 126.068962 121.928574 0.000000 124.639259 125.447090 124.623344 123.686012 124.822754
7 127.835541 126.546417 124.251991 127.705574 125.187828 124.657822 0.000000 127.087303 106.145889 124.147758 124.944443
8 128.007935 126.907410 126.648148 127.484123 126.182541 125.455025 127.063492 0.000000 127.097885 126.469658 127.185188
9 127.856766 126.543770 124.342178 127.599472 125.185188 124.628647 106.135277 127.108467 0.000000 124.184700 125.150795
10 127.039581 125.633247 121.437996 126.701843 124.390503 123.693932 124.134567 126.469658 124.176781 0.000000 118.606857
11 127.605820 126.388885 123.026459 127.383598 125.399467 124.830688 124.939156 127.193123 125.166664 118.622688 0.000000
