11
1 0.000000 10.869347 10.814536 11.030150 10.864322 10.896985 10.957287 10.917086 10.907035 10.925000 10.890000
2 10.876884 0.000000 10.390978 10.899497 8.595477 10.419598 10.698492 10.075377 10.630653 10.740000 10.550000
3 10.819549 10.375940 0.000000 10.862155 10.320802 9.408522 10.634086 10.373433 10.533834 10.710000 10.455000
4 11.022614 10.907035 10.864661 0.000000 10.902010 10.869347 9.409548 10.917086 10.505025 10.632500 10.820000
5 10.869347 8.587939 10.320802 10.891960 0.000000 10.437186 10.723619 10.020101 10.628140 10.725000 10.560000
6 10.904523 10.396985 9.406015 10.884422 10.424623 0.000000 10.741206 10.396985 10.585427 10.687500 10.442500
7 10.944724 10.693467 10.646617 9.417086 10.723619 10.726130 0.000000 10.711055 10.341708 10.452500 10.700000
8 10.912061 10.082914 10.375940 10.917086 10.032663 10.399497 10.718593 0.000000 10.688442 10.682500 10.577500
9 10.902010 10.630653 10.533834 10.515076 10.643216 10.577889 10.344221 10.675879 0.000000 9.887500 10.607500
10 10.935000 10.737500 10.722500 10.647500 10.742500 10.692500 10.450000 10.682500 9.887500 0.000000 10.765000
11 10.892500 10.555000 10.470000 10.832500 10.582500 10.450000 10.712500 10.580000 10.615000 10.777500 0.000000
