11
1 0.000000 60.831367 59.320946 59.719387 60.998299 59.360546 58.794914 59.661564 60.008461 60.771042 60.023567
2 61.114670 0.000000 58.305229 58.436764 57.548061 57.915684 57.558178 58.372681 53.519394 59.937710 59.191917
3 59.498310 58.313660 0.000000 55.866554 57.822636 52.076012 54.859798 55.829391 57.226353 57.351852 56.771042
4 59.940475 58.519394 55.842907 0.000000 58.570698 56.193825 53.637287 50.280342 57.460236 57.843433 55.540405
5 61.064625 57.598652 57.765202 58.490631 0.000000 57.805794 57.186440 58.390118 56.280880 59.402355 58.654881
6 59.389454 57.969646 52.082771 56.205833 57.844975 0.000000 54.444069 55.947010 56.890018 56.959595 56.287880
7 58.898304 57.677910 54.888512 53.645763 57.196609 54.464405 0.000000 53.554237 56.532993 57.000000 53.644783
8 59.695580 58.441822 55.728039 50.211967 58.415672 55.887180 53.488136 0.000000 57.316414 57.683502 55.419193
9 60.093063 53.482292 57.104729 57.319798 56.241962 56.834179 56.338409 57.324875 0.000000 58.757576 57.878788
10 60.909092 60.020203 57.500000 57.856903 59.619530 57.095959 56.873737 57.826599 58.867004 0.000000 58.732323
11 60.062290 59.218857 56.715488 55.516834 58.626263 56.313129 53.563972 55.478115 57.966331 58.732323 0.000000
