11
1 0.000000 0.391231 0.363176 0.426871 0.384354 0.401361 0.394915 0.386054 0.390863 0.398990 0.429293
2 0.403035 0.000000 0.232715 0.349073 0.298482 0.217538 0.264755 0.279933 0.231029 0.294613 0.343434
3 0.369932 0.225970 0.000000 0.337838 0.277027 0.239865 0.216216 0.277027 0.250000 0.276094 0.323232
4 0.445578 0.338954 0.342905 0.000000 0.323680 0.346484 0.357627 0.386325 0.362098 0.353535 0.240741
5 0.377551 0.284992 0.273649 0.310051 0.000000 0.277683 0.294915 0.299830 0.297800 0.264310 0.314815
6 0.399660 0.214165 0.239865 0.336192 0.279387 0.000000 0.264407 0.285470 0.196277 0.291246 0.346801
7 0.408475 0.266442 0.219595 0.350847 0.300000 0.262712 0.000000 0.293220 0.306261 0.319865 0.367003
8 0.389456 0.273187 0.275338 0.374359 0.303237 0.285470 0.298305 0.000000 0.311337 0.309764 0.382155
9 0.406091 0.232715 0.256757 0.351946 0.301184 0.201354 0.292724 0.309645 0.000000 0.304714 0.335017
10 0.395623 0.282828 0.289562 0.338384 0.274411 0.297980 0.316498 0.311448 0.299663 0.000000 0.348485
11 0.422559 0.324916 0.316498 0.220539 0.319865 0.341751 0.343434 0.382155 0.329966 0.341751 0.000000
