11
1 0.000000 9.101180 9.146959 9.197279 9.146258 9.229591 9.166101 9.195579 9.164128 9.101010 9.107744
2 9.134908 0.000000 8.311973 9.129848 9.128161 9.168634 9.158516 9.109612 9.150084 9.094276 8.286196
3 9.153716 8.362563 0.000000 9.123311 9.136825 9.170609 9.162162 9.126689 9.158784 9.053872 7.804714
4 9.219388 9.141653 9.173986 0.000000 9.078364 9.279589 9.218644 9.148718 9.189509 9.095960 9.124579
5 9.204082 9.136594 9.126689 9.086883 0.000000 9.270869 9.244068 8.069847 9.203046 9.057240 9.089226
6 9.256803 9.145025 9.201014 9.284734 9.228279 0.000000 9.223729 9.251282 7.998308 9.065657 9.151515
7 9.125423 9.141653 9.146959 9.161017 9.138983 9.159322 0.000000 9.161017 9.140440 8.737373 9.111111
8 9.226191 9.126475 9.152027 9.126495 8.057921 9.254701 9.193220 0.000000 9.137055 9.000000 9.104377
9 9.153976 9.107925 9.123311 9.159053 9.130288 8.005076 9.170897 9.130288 0.000000 9.065657 9.116161
10 9.065657 9.035354 9.085858 9.045455 9.047138 9.050505 8.725589 9.011785 9.062289 0.000000 9.038720
11 9.095960 8.343434 7.824916 9.094276 9.084175 9.134680 9.109427 9.077441 9.122895 9.050505 0.000000
