11
1 0.000000 223.195984 215.874680 217.180908 221.444717 215.228638 213.695984 216.987442 219.535172 221.557495 218.397507
2 223.185928 0.000000 212.030075 213.474869 208.603012 211.138184 209.304016 213.130646 184.125626 219.372498 214.987503
3 215.962402 212.112778 0.000000 199.661652 209.496246 173.421051 194.102753 199.751877 206.268173 207.632507 204.407501
4 217.153259 213.381912 199.553879 0.000000 210.829147 197.824127 184.479904 153.057785 207.334167 209.500000 196.957504
5 221.419601 208.592972 209.451126 210.856781 0.000000 208.256287 205.736176 210.577896 201.233673 217.082504 212.247498
6 215.173370 211.037689 173.293228 197.841705 208.213562 0.000000 191.314072 197.876877 204.854279 205.184998 202.167496
7 213.706024 209.296478 194.050125 184.560303 205.758789 191.389450 0.000000 184.628143 202.133163 204.845001 184.300003
8 216.864319 212.982407 199.563904 152.982407 210.515076 197.776382 184.472366 0.000000 207.216080 209.272507 197.039993
9 219.510056 184.118088 206.172928 207.412064 201.218597 204.909546 202.138184 207.366837 0.000000 214.764999 209.687500
10 221.537506 219.339996 207.537506 209.477493 217.087494 205.184998 204.817505 209.332504 214.752502 0.000000 212.884995
11 218.362503 214.872498 204.267502 196.932495 212.175003 202.112503 184.197495 197.070007 209.585007 212.782501 0.000000
