11
1 0.000000 6.713322 6.699324 6.709184 6.724490 6.656463 6.718644 6.712585 6.656514 6.592593 6.543771
2 6.745363 0.000000 6.529511 6.512648 6.748735 6.677909 6.703204 6.677909 6.549747 6.656566 6.702020
3 6.695946 6.573356 0.000000 6.518581 6.761824 6.643581 6.763514 6.704392 6.466216 6.671717 6.579124
4 6.676871 6.485666 6.415541 0.000000 6.669506 6.651801 6.688136 6.671795 6.241963 6.481482 6.553872
5 6.714286 6.753794 6.716216 6.676320 0.000000 6.676320 6.057627 6.270869 6.688663 6.321549 6.641414
6 6.670068 6.674536 6.619933 6.698113 6.689949 0.000000 6.642373 6.656410 6.632826 6.513468 6.255892
7 6.755932 6.747049 6.702703 6.733898 6.072881 6.659322 0.000000 6.210169 6.693739 6.378788 6.681818
8 6.756803 6.682968 6.670608 6.704274 6.255537 6.692307 6.215254 0.000000 6.693739 6.223906 6.646465
9 6.631134 6.558179 6.420608 6.221658 6.680203 6.602369 6.661591 6.656514 0.000000 6.589226 6.599327
10 6.648148 6.634680 6.646465 6.530303 6.351852 6.545455 6.360270 6.225589 6.558923 0.000000 6.555555
11 6.590909 6.710438 6.621212 6.639730 6.639730 6.247475 6.643098 6.601010 6.631313 6.597643 0.000000
