11
1 0.000000 11.844221 11.849624 11.864322 11.854271 11.821608 11.826633 11.824121 11.806533 11.845000 11.705000
2 11.826633 0.000000 11.659148 11.640703 11.203518 11.638191 11.030150 11.555276 11.437186 11.795000 11.365000
3 11.857142 11.674186 0.000000 11.233083 11.616541 11.388472 11.578947 11.513784 11.471178 11.817500 11.392500
4 11.864322 11.648241 11.225564 0.000000 11.613066 11.364322 11.557789 11.422111 11.389447 11.795000 11.267500
5 11.841708 11.190955 11.621553 11.623116 0.000000 11.592965 10.839196 11.487437 11.409548 11.787500 11.297500
6 11.824121 11.643216 11.390978 11.369347 11.600503 0.000000 11.535176 11.399497 11.437186 11.762500 11.377500
7 11.826633 11.027638 11.573935 11.555276 10.854271 11.532663 0.000000 11.424623 11.321608 11.760000 11.235000
8 11.829145 11.562814 11.506266 11.427135 11.500000 11.402010 11.427135 0.000000 11.243718 11.777500 11.137500
9 11.809045 11.447236 11.468672 11.399497 11.404523 11.424623 11.319096 11.233668 0.000000 11.687500 9.175000
10 11.845000 11.800000 11.800000 11.785000 11.785000 11.762500 11.752500 11.765000 11.700000 0.000000 11.687500
11 11.707500 11.362500 11.377500 11.267500 11.285000 11.367500 11.230000 11.127500 9.177500 11.687500 0.000000
