11
1 0.000000 100.599472 100.026527 100.509285 101.521164 97.960213 100.840851 100.031746 99.198936 98.664909 101.698410
2 100.602119 0.000000 95.740051 99.724136 93.687828 96.716179 96.342178 88.190475 97.893898 97.659630 93.669312
3 100.023872 95.734749 0.000000 98.989388 96.529099 96.244034 79.267906 95.634918 97.023872 96.973618 96.375664
4 100.506630 99.721489 98.989388 0.000000 100.470901 90.092834 99.816978 99.142860 83.196289 82.303429 100.335976
5 101.523811 93.685188 96.531746 100.465607 0.000000 98.026459 97.185188 93.719574 98.862434 98.815300 81.645500
6 97.970825 96.716179 96.254639 90.095490 98.034393 0.000000 97.034485 96.507935 87.286469 87.271767 98.007935
7 100.840851 96.336868 79.270554 99.814323 97.193123 97.031830 0.000000 96.272484 97.891243 97.722954 97.082008
8 100.029099 88.182541 95.624336 99.134918 93.714287 96.502647 96.261902 0.000000 97.653442 97.401054 93.724869
9 99.190979 97.872681 97.018570 83.190979 98.862434 87.283821 97.880638 97.650795 0.000000 80.630608 98.769844
10 98.659630 97.646439 96.976250 82.300789 98.807388 87.266487 97.720314 97.401054 80.633247 0.000000 98.612137
11 101.708992 93.677246 96.380951 100.349205 81.650795 98.013229 97.082008 93.738098 98.780426 98.622688 0.000000
