11
1 0.000000 8.827993 8.954391 9.023809 8.964286 9.000000 8.864407 8.931973 8.803722 8.779461 8.712121
2 8.698145 0.000000 7.736931 8.155144 7.755481 7.251265 7.718381 7.494098 7.635750 7.198653 7.370370
3 8.917230 7.806071 0.000000 8.418919 8.341216 8.216216 7.834459 7.342906 6.770270 7.915825 7.163300
4 9.062925 8.328836 8.494932 0.000000 8.555367 8.692967 8.354238 8.717949 8.380711 8.515152 8.234007
5 9.040816 7.940978 8.260135 8.505962 0.000000 8.073254 8.057627 8.095401 8.018613 7.969697 7.846801
6 8.952381 7.258010 8.062500 8.617496 7.994889 0.000000 8.186440 7.996581 7.895093 7.006734 7.803030
7 8.874577 7.856661 7.829392 8.308475 8.067797 8.162712 0.000000 8.008474 7.812183 8.190236 7.648148
8 8.937075 7.490725 7.244933 8.492308 8.134583 7.953846 7.949152 0.000000 7.218274 7.872054 7.210438
9 8.835872 7.625632 6.812500 8.370559 7.993232 7.976311 7.881557 7.282572 0.000000 7.863636 7.164983
10 8.855219 7.176768 8.075758 8.447811 7.882155 6.954545 8.087543 7.964646 7.728956 0.000000 7.648148
11 8.708755 7.385522 7.171717 8.094276 7.942761 7.776094 7.599327 7.259259 7.111111 7.698653 0.000000
