11
1 0.000000 48.146713 48.141891 48.454082 49.076530 48.724491 48.971188 48.649658 48.384094 48.220539 48.119530
2 48.200676 0.000000 47.352444 47.355820 48.185497 47.639122 48.237774 47.531197 47.521080 47.537037 47.424244
3 48.175674 47.323776 0.000000 46.947636 48.150337 47.645271 48.204391 47.542229 47.527027 47.478115 47.367004
4 48.493198 47.332211 46.949326 0.000000 48.558773 48.373928 48.374577 48.112820 47.605755 47.469696 47.358585
5 49.030613 48.074200 48.070946 48.466782 0.000000 48.754684 48.338982 48.674618 48.341793 48.180134 48.080807
6 48.831635 47.682968 47.721283 48.444252 48.913116 0.000000 48.730507 48.054703 47.489002 47.720539 47.291245
7 49.032204 48.242832 48.238174 48.400002 48.452541 48.691525 0.000000 48.610168 48.510998 48.351852 48.242424
8 48.732994 47.551434 47.589527 48.158974 48.809200 48.030769 48.625423 0.000000 47.431473 47.592594 47.153198
9 48.453468 47.537941 47.570946 47.642979 48.467007 47.461929 48.524536 47.426395 0.000000 47.584175 47.156567
10 48.265995 47.521885 47.488216 47.481480 48.272728 47.658249 48.335018 47.558922 47.547138 0.000000 47.525253
11 48.151516 47.400673 47.356903 47.348484 48.156567 47.212120 48.203705 47.101009 47.106060 47.511784 0.000000
