11
1 0.000000 201.311554 193.789474 201.444717 194.188446 193.685928 196.718597 205.954773 192.557785 192.214996 194.350006
2 201.226135 0.000000 195.012527 158.022614 195.050247 185.208542 191.314072 206.884415 193.635681 193.354996 195.602493
3 193.731827 195.015045 0.000000 194.734329 173.210526 185.521301 189.152878 200.010025 170.360901 170.565002 174.205002
4 201.384415 158.035172 194.736847 0.000000 195.165833 185.190948 191.444717 206.653259 193.768845 193.412506 195.487503
5 194.160797 195.143219 173.308273 195.241211 0.000000 185.603012 189.434677 200.424622 170.032669 169.412506 172.757507
6 193.683411 185.291458 185.609024 185.263824 185.610550 0.000000 181.120605 200.572861 184.319092 184.252502 187.177505
7 196.663315 191.319092 189.223053 191.467331 189.422104 181.085434 0.000000 203.070358 187.783920 187.414993 189.707504
8 205.814072 206.826630 199.969925 206.643219 200.296478 200.419601 202.967331 0.000000 199.198486 198.567505 200.565002
9 192.479904 193.610550 170.298248 193.748749 169.894470 184.178391 187.673370 199.203522 0.000000 155.714996 171.462494
10 192.225006 193.462494 170.642502 193.517502 169.387497 184.264999 187.445007 198.707504 155.835007 0.000000 171.727493
11 194.255005 195.554993 174.167496 195.447495 172.639999 187.037506 189.642502 200.645004 171.492493 171.642502 0.000000
