11
1 0.000000 5.944297 5.946949 5.976127 5.920635 5.960212 5.952255 5.955027 5.941645 5.920845 5.931217
2 5.952255 0.000000 5.843501 5.896552 5.849206 5.830239 5.872679 5.849206 5.811671 5.781003 5.806878
3 5.952255 5.835544 0.000000 5.941645 5.883598 5.867374 5.893899 5.801587 5.633952 5.860158 5.748677
4 5.976127 5.891247 5.946949 0.000000 5.894180 5.931035 5.896552 5.923280 5.928382 5.905013 5.888889
5 5.925926 5.851852 5.888889 5.902116 0.000000 5.857143 5.862434 5.867725 5.867725 5.889182 5.851852
6 5.960212 5.822281 5.888594 5.928382 5.859788 0.000000 5.872679 5.862434 5.851459 5.707124 5.804233
7 5.952255 5.867374 5.904509 5.907162 5.859788 5.872679 0.000000 5.843915 5.885942 5.865435 5.825397
8 5.955027 5.833333 5.817461 5.917989 5.865079 5.870370 5.859788 0.000000 5.727513 5.841689 5.764550
9 5.938992 5.806366 5.657825 5.925729 5.857143 5.856764 5.891247 5.716931 0.000000 5.841689 5.775132
10 5.928760 5.783641 5.862797 5.907652 5.889182 5.709763 5.868074 5.833773 5.823219 0.000000 5.775725
11 5.933862 5.798942 5.772487 5.902116 5.857143 5.804233 5.825397 5.759259 5.761905 5.794195 0.000000
