11
1 0.000000 0.519393 0.508446 0.506803 0.517007 0.511905 0.515254 0.515306 0.504230 0.505050 0.494949
2 0.500843 0.000000 0.433390 0.507589 0.509275 0.499157 0.448567 0.462057 0.406408 0.432660 0.494949
3 0.505068 0.431703 0.000000 0.515203 0.513514 0.462838 0.388514 0.430743 0.234797 0.365320 0.505050
4 0.500000 0.521079 0.515203 0.000000 0.459966 0.511149 0.511864 0.505983 0.512690 0.513468 0.459596
5 0.493197 0.516020 0.510135 0.448041 0.000000 0.505963 0.498305 0.497445 0.505922 0.496633 0.483165
6 0.523810 0.510961 0.462838 0.506003 0.528109 0.000000 0.486441 0.483761 0.467005 0.456229 0.510101
7 0.503390 0.460371 0.383446 0.496610 0.510170 0.477966 0.000000 0.457627 0.370558 0.311448 0.496633
8 0.501701 0.455312 0.412162 0.495726 0.511073 0.483761 0.450847 0.000000 0.411168 0.420875 0.508417
9 0.505922 0.428331 0.243243 0.509306 0.521151 0.472081 0.384095 0.424704 0.000000 0.329966 0.503367
10 0.516835 0.451178 0.380471 0.516835 0.513468 0.462963 0.328283 0.422559 0.324916 0.000000 0.503367
11 0.486532 0.508417 0.508417 0.437710 0.491582 0.500000 0.494949 0.511784 0.500000 0.488215 0.000000
