11
1 0.000000 2.853288 2.844594 2.831633 2.852041 2.865646 2.830508 2.858844 2.825719 2.829966 2.824916
2 2.834739 0.000000 2.495784 2.613828 2.595278 2.637437 2.303541 2.483980 2.615514 2.715488 2.505050
3 2.839527 2.505902 0.000000 2.621622 2.603040 2.643581 2.491554 2.454392 2.609797 2.705387 2.464647
4 2.828231 2.608769 2.608108 0.000000 2.620102 2.511149 2.616949 2.632479 2.580372 2.695286 2.609428
5 2.848639 2.608769 2.596284 2.626916 0.000000 2.638842 2.588135 2.620102 2.602369 2.686869 2.607744
6 2.845238 2.642496 2.635135 2.509434 2.643952 0.000000 2.638983 2.666667 2.600677 2.744108 2.632997
7 2.845763 2.310287 2.500000 2.638983 2.596610 2.661017 0.000000 2.491525 2.629442 2.730640 2.479798
8 2.845238 2.490725 2.447635 2.646154 2.633731 2.654701 2.477966 0.000000 2.629442 2.710438 2.446128
9 2.793570 2.595278 2.586149 2.570220 2.590524 2.588832 2.585449 2.595601 0.000000 2.685185 2.595960
10 2.803030 2.730640 2.707071 2.722222 2.715488 2.767677 2.730640 2.723906 2.730640 0.000000 2.720539
11 2.828283 2.506734 2.459596 2.631313 2.619529 2.649832 2.479798 2.449495 2.634680 2.722222 0.000000
