11
1 0.000000 10.684350 10.893899 10.580902 10.539682 10.745358 10.758620 10.611111 10.949602 10.989446 10.923281
2 10.684350 0.000000 8.496021 8.098144 9.267196 7.952255 7.514589 9.349206 8.055703 9.023746 8.497355
3 10.888595 8.496021 0.000000 8.777188 9.825397 8.249337 8.819629 9.894180 9.082228 9.485488 9.023809
4 10.578249 8.103448 8.779840 0.000000 9.089947 8.358090 8.408488 9.201058 8.854112 9.197889 8.698413
5 10.537037 9.267196 9.822751 9.089947 0.000000 9.465609 9.428572 7.619048 9.820106 10.044855 9.761905
6 10.737400 7.954907 8.251989 8.358090 9.468254 0.000000 8.355437 9.547619 8.753316 9.081794 8.645503
7 10.755968 7.517241 8.822281 8.408488 9.428572 8.352785 0.000000 9.560846 8.397878 9.303430 8.798942
8 10.608465 9.351851 9.896826 9.201058 7.624339 9.547619 9.563492 0.000000 9.865079 10.129288 9.820106
9 10.946950 8.058355 9.082228 8.851459 9.820106 8.748011 8.397878 9.862433 0.000000 9.670185 9.277778
10 10.981530 9.021109 9.488127 9.192612 10.039577 9.076517 9.298153 10.124010 9.667546 0.000000 9.147758
11 10.928572 8.500000 9.026455 8.698413 9.761905 8.645503 8.798942 9.820106 9.280423 9.147758 0.000000
