11
1 0.000000 0.505902 0.494932 0.500000 0.503401 0.496599 0.496610 0.489796 0.489002 0.494949 0.501683
2 0.514334 0.000000 0.401349 0.433390 0.345700 0.372681 0.374368 0.251265 0.241147 0.392256 0.432660
3 0.489865 0.391231 0.000000 0.420608 0.393581 0.349662 0.326014 0.373311 0.361486 0.377104 0.424242
4 0.486395 0.409781 0.422297 0.000000 0.412266 0.365352 0.427119 0.382906 0.397631 0.393939 0.414141
5 0.494898 0.337268 0.395270 0.412266 0.000000 0.381601 0.384746 0.335605 0.314721 0.402357 0.452862
6 0.508503 0.372681 0.364865 0.387650 0.393526 0.000000 0.347458 0.357265 0.357022 0.267677 0.436027
7 0.501695 0.372681 0.329392 0.445763 0.383051 0.333898 0.000000 0.366102 0.331641 0.363636 0.436027
8 0.500000 0.256324 0.405405 0.411966 0.335605 0.364103 0.367797 0.000000 0.233503 0.378788 0.442761
9 0.490694 0.234401 0.368243 0.407783 0.309645 0.343486 0.331641 0.216582 0.000000 0.351852 0.424242
10 0.483165 0.380471 0.382155 0.395623 0.405724 0.259259 0.358586 0.370370 0.356902 0.000000 0.409091
11 0.500000 0.430976 0.430976 0.415825 0.462963 0.432660 0.441077 0.424242 0.420875 0.400673 0.000000
