11
1 0.000000 250.461533 248.907166 249.307693 248.746033 250.039795 249.633957 249.219574 250.480103 247.501312 249.470901
2 250.469498 0.000000 243.511932 246.708221 243.015869 247.676392 243.986740 245.269836 212.050400 241.833771 246.817459
3 248.907166 243.506638 0.000000 244.336868 240.240738 244.803711 241.769226 241.436508 243.631302 216.250656 244.039688
4 249.315643 246.676392 244.331558 0.000000 244.534393 246.286469 245.636612 245.251328 246.835541 242.799469 245.764557
5 248.772491 243.018524 240.246033 244.526459 0.000000 245.312164 239.243393 243.582016 243.039688 239.271774 245.679901
6 250.053055 247.663132 244.809021 246.283813 245.322754 0.000000 246.172409 245.746033 247.681702 243.511871 243.563492
7 249.649872 243.978775 241.790451 245.641907 239.248672 246.188324 0.000000 244.074081 244.023880 239.968338 245.550262
8 249.238098 245.251328 241.420639 245.259262 243.571426 245.746033 244.068787 0.000000 245.428574 240.408966 245.740738
9 250.501328 212.045090 243.633957 246.846161 243.042328 247.686996 244.018570 245.433868 0.000000 241.846970 247.166672
10 247.496048 241.823212 216.237473 242.799469 239.248016 243.485489 239.949875 240.390503 241.828491 0.000000 243.279678
11 249.510590 246.814819 244.039688 245.783066 245.695770 243.592590 245.558197 245.761902 247.164017 243.311340 0.000000
