11
1 0.000000 0.500000 0.561404 0.582915 0.542714 0.565327 0.542714 0.580402 0.572864 0.565000 0.585000
2 0.505025 0.000000 0.488722 0.502513 0.419598 0.474874 0.386935 0.520100 0.507538 0.487500 0.572500
3 0.563910 0.488722 0.000000 0.541353 0.498747 0.526316 0.481203 0.568922 0.551378 0.550000 0.577500
4 0.572864 0.500000 0.541353 0.000000 0.469849 0.527638 0.500000 0.570352 0.326633 0.560000 0.567500
5 0.540201 0.417085 0.493734 0.467337 0.000000 0.484925 0.429648 0.525126 0.469849 0.497500 0.535000
6 0.562814 0.474874 0.526316 0.530151 0.487437 0.000000 0.457286 0.437186 0.537688 0.405000 0.587500
7 0.545226 0.386935 0.481203 0.500000 0.432161 0.457286 0.000000 0.515075 0.494975 0.497500 0.557500
8 0.577889 0.520100 0.563910 0.570352 0.527638 0.437186 0.512563 0.000000 0.582915 0.342500 0.597500
9 0.567839 0.505025 0.548872 0.326633 0.469849 0.537688 0.497487 0.585427 0.000000 0.585000 0.557500
10 0.565000 0.485000 0.542500 0.560000 0.500000 0.407500 0.495000 0.345000 0.587500 0.000000 0.585000
11 0.585000 0.580000 0.575000 0.572500 0.540000 0.585000 0.560000 0.600000 0.560000 0.585000 0.000000
