11
1 0.000000 8.797639 8.925675 9.054421 8.942177 8.965986 8.937288 8.959184 9.008460 8.924242 8.915825
2 8.843170 0.000000 7.777403 7.741990 7.544688 7.581788 7.531197 7.532884 8.003373 7.969697 7.553872
3 8.979730 7.801012 0.000000 7.724662 6.378378 7.694257 7.650338 7.635135 8.236486 8.025252 7.639730
4 9.015306 7.731872 7.648649 0.000000 7.613288 6.900515 6.832203 6.912820 7.976311 7.818182 6.910774
5 8.913265 7.566610 6.349662 7.582623 0.000000 7.482112 7.423729 7.451448 8.006768 7.755892 7.456229
6 9.032313 7.711636 7.704392 6.957119 7.514481 0.000000 5.944068 5.996581 8.005076 7.794613 6.043771
7 8.949153 7.531197 7.608108 6.862712 7.479661 5.944068 0.000000 5.379661 8.013536 7.792929 5.695286
8 8.971088 7.586846 7.636824 6.873504 7.490630 5.984615 5.354237 0.000000 8.005076 7.663300 5.735690
9 9.020305 7.962901 8.146959 8.065989 8.123520 7.962775 7.993232 8.008460 0.000000 6.702020 7.937710
10 8.924242 7.883838 7.952862 7.942761 7.838384 7.772727 7.703704 7.730640 6.762626 0.000000 7.828283
11 8.912457 7.550505 7.627946 6.944445 7.466330 6.052188 5.688552 5.737374 7.978115 7.813131 0.000000
