11
1 0.000000 5.978780 5.984085 5.984085 5.968254 5.976127 5.986737 5.962963 5.970822 5.944591 5.962963
2 5.981432 0.000000 5.875331 5.968170 5.952381 5.965517 5.970822 5.952381 5.976127 5.947229 5.830688
3 5.989390 5.885942 0.000000 5.970822 5.952381 5.976127 5.978780 5.965609 5.970822 5.949868 5.796296
4 5.989390 5.968170 5.970822 0.000000 5.952381 5.981432 5.984085 5.947090 5.984085 5.949868 5.955027
5 5.962963 5.947090 5.947090 5.941799 0.000000 5.949736 5.962963 5.849206 5.957672 5.939314 5.941799
6 5.978780 5.968170 5.976127 5.973475 5.949736 0.000000 5.976127 5.965609 5.832891 5.939314 5.957672
7 5.992043 5.968170 5.976127 5.976127 5.957672 5.976127 0.000000 5.955027 5.976127 5.886544 5.960318
8 5.968254 5.957672 5.960318 5.944445 5.841270 5.960318 5.952381 0.000000 5.960318 5.944591 5.949736
9 5.968170 5.976127 5.968170 5.981432 5.962963 5.832891 5.981432 5.957672 0.000000 5.936676 5.960318
10 5.944591 5.947229 5.949868 5.949868 5.939314 5.941953 5.899736 5.944591 5.941953 0.000000 5.944591
11 5.965609 5.846561 5.783069 5.955027 5.949736 5.962963 5.968254 5.960318 5.962963 5.952507 0.000000
