11
1 0.000000 262.827576 263.183014 263.034485 263.166656 263.079590 263.116699 262.674591 263.432373 261.564636 262.280426
2 262.846161 0.000000 259.599457 258.315643 260.931213 259.198944 259.862061 259.648163 259.472137 258.079163 257.309509
3 263.201599 259.570282 0.000000 260.408478 262.039673 260.748016 260.920410 260.854492 254.901855 259.313995 259.629639
4 263.039795 258.302399 260.397888 0.000000 261.587311 260.297089 260.708221 260.452393 260.647217 258.868073 245.240738
5 263.177246 260.923279 262.021179 261.600525 0.000000 259.576721 259.851837 259.812164 261.801575 258.823212 261.481476
6 263.084869 259.212189 260.755981 260.315643 259.576721 0.000000 245.087540 257.177246 260.626007 241.551453 259.256622
7 263.098145 259.848816 260.904510 260.687012 259.865082 245.026520 0.000000 257.883606 260.957550 222.488129 259.711639
8 262.669312 259.648163 260.870361 260.457672 259.812164 257.169312 257.923279 0.000000 260.685181 256.522430 260.227509
9 263.427063 259.474792 254.901855 260.655182 261.833344 260.631287 260.973480 260.695770 0.000000 259.126648 259.679901
10 261.585754 258.063324 259.298157 258.852234 258.815308 241.522430 222.501312 256.519775 259.113464 0.000000 258.649078
11 262.298950 257.275146 259.603180 245.235443 261.484131 259.232819 259.719574 260.216919 259.658722 258.656982 0.000000
