11
1 0.000000 124.997345 122.957558 123.270554 123.325394 124.482758 124.668434 122.674606 123.029175 123.749344 124.195770
2 124.992043 0.000000 122.350136 122.557030 123.309525 120.785149 120.904510 122.161377 122.519897 123.000000 123.349205
3 122.954910 122.347481 0.000000 113.000000 120.119049 121.082230 121.535812 112.050262 106.665779 119.778366 119.828041
4 123.262596 122.575600 112.968170 0.000000 120.235451 121.488060 121.814323 105.597885 113.877983 120.089706 120.148148
5 123.314812 123.309525 120.132278 120.246033 0.000000 122.708992 122.798943 120.052910 120.510582 122.134567 122.423279
6 124.474800 120.769234 121.058357 121.488060 122.703705 0.000000 116.517242 120.910049 121.289124 122.554092 123.015877
7 124.681694 120.912468 121.527855 121.822281 122.785713 116.511940 0.000000 121.198410 121.848808 122.672821 123.076721
8 122.664024 122.156082 112.052910 105.600533 120.042328 120.907410 121.201057 0.000000 113.283066 119.899734 119.957672
9 123.023872 122.527855 106.641907 113.877983 120.489418 121.297081 121.840851 113.261902 0.000000 119.915565 120.052910
10 123.749344 123.002640 119.804749 120.100266 122.139839 122.559364 122.659630 119.912926 119.915565 0.000000 114.255936
11 124.198410 123.357140 119.828041 120.150795 122.436508 123.026459 123.084656 119.941795 120.063492 114.253296 0.000000
