11
1 0.000000 129.665787 129.978775 130.148544 129.600525 129.989395 129.458893 129.563492 129.721481 129.343002 129.404755
2 129.708221 0.000000 126.002655 127.761276 126.185188 124.681694 126.328911 125.457672 125.278511 123.633247 124.619049
3 129.994690 125.981430 0.000000 128.360748 127.042328 127.281166 126.970825 123.851852 119.610077 126.625328 123.455025
4 130.167114 127.742706 128.371353 0.000000 128.047623 128.376663 127.779839 127.912697 128.039795 127.810028 127.539680
5 129.611115 126.169312 127.029099 128.044968 0.000000 127.140213 127.111115 127.100533 126.571426 127.005280 126.304230
6 129.997345 124.700264 127.297081 128.395218 127.169312 0.000000 127.297081 126.788361 126.718834 121.031662 126.203705
7 129.469498 126.347481 126.970825 127.777191 127.116402 127.312996 0.000000 126.341270 126.458885 126.781006 125.867722
8 129.563492 125.444443 123.854500 127.899467 127.097885 126.772484 126.333336 0.000000 122.589951 126.445908 122.910049
9 129.742706 125.251991 119.618034 128.047745 126.589951 126.716179 126.482758 122.592590 0.000000 126.332451 122.052910
10 129.340363 123.620056 126.622688 127.796837 127.002640 121.010551 126.765175 126.411606 126.321899 0.000000 125.693932
11 129.396820 124.616402 123.468254 127.537041 126.325394 126.187828 125.857140 122.896828 122.063492 125.712402 0.000000
