11
1 0.000000 10.697613 10.692307 10.618037 10.698413 10.567639 10.782494 10.706349 10.625995 10.572559 10.539682
2 10.694961 0.000000 10.485411 10.474801 10.775132 10.724138 10.779840 10.706349 10.519894 10.622691 10.716931
3 10.689655 10.488064 0.000000 10.347480 10.761905 10.636604 10.785146 10.685185 10.413794 10.588390 10.640212
4 10.618037 10.477453 10.350133 0.000000 10.661376 10.538462 10.763926 10.645503 10.129973 10.527704 10.571428
5 10.695767 10.775132 10.767196 10.661376 0.000000 10.624338 9.769841 10.031746 10.716931 10.200528 10.666667
6 10.562334 10.726790 10.633952 10.538462 10.626985 0.000000 10.734748 10.642858 10.596817 10.572559 10.156085
7 10.782494 10.782494 10.785146 10.761273 9.775132 10.734748 0.000000 10.055555 10.782494 10.313984 10.751323
8 10.703704 10.703704 10.682540 10.642858 10.034391 10.637567 10.052910 0.000000 10.637567 10.142480 10.671958
9 10.625995 10.525199 10.419098 10.137931 10.724868 10.604774 10.790451 10.648149 0.000000 10.519789 10.558201
10 10.569921 10.622691 10.583114 10.522428 10.195251 10.569921 10.306068 10.134564 10.511873 0.000000 10.527704
11 10.542328 10.724868 10.642858 10.571428 10.669312 10.156085 10.748677 10.674603 10.555555 10.540897 0.000000
