11
1 0.000000 157.232712 166.327698 169.335037 167.573135 170.891159 169.777969 167.000000 166.494080 167.107742 163.540405
2 154.399658 0.000000 142.981445 145.291733 142.887009 147.239456 146.947723 142.575043 143.399658 143.363632 139.164978
3 164.729736 142.443512 0.000000 139.679047 113.996620 154.967911 154.902023 122.358109 151.425674 132.314819 146.787872
4 169.930267 145.342331 140.234802 0.000000 142.027252 159.056610 157.199997 141.671799 153.649750 140.500000 149.291245
5 166.110550 143.450256 113.802368 142.298126 0.000000 157.236801 155.345764 123.925041 152.370560 132.444443 147.587540
6 170.100342 147.080948 155.770264 160.324188 157.011932 0.000000 124.220337 157.259827 156.005081 156.065659 151.218857
7 169.881363 147.986511 156.648651 157.384750 155.718643 124.298302 0.000000 156.216949 156.226730 155.718857 151.599319
8 167.086731 142.465424 122.048988 141.671799 123.979561 156.998291 156.215256 0.000000 151.758041 132.117844 146.690231
9 165.534683 144.163574 151.829391 154.560074 152.561752 156.553299 157.189514 150.934006 0.000000 151.656570 147.456223
10 165.372055 143.801346 132.154877 140.478119 132.511780 154.890579 155.126266 131.656570 151.550507 0.000000 147.434341
11 161.526932 139.324921 147.297974 149.193604 148.176773 150.893936 150.569031 146.688553 147.664978 147.739059 0.000000
