11
1 0.000000 11.450929 11.411140 11.602122 11.410053 11.480106 11.519894 11.449736 11.474801 11.498681 11.486773
2 11.442971 0.000000 10.946950 11.477453 9.000000 10.968170 11.257295 10.571428 11.183023 11.292876 11.108465
3 11.408488 10.933687 0.000000 11.466844 10.846560 9.909814 11.222812 10.902117 11.108753 11.284961 11.023809
4 11.612732 11.474801 11.477453 0.000000 11.447090 11.461538 9.888595 11.455027 11.050398 11.184696 11.415344
5 11.412699 8.997355 10.851851 11.447090 0.000000 10.949736 11.259259 10.515873 11.158731 11.292876 11.140212
6 11.477453 10.962865 9.909814 11.456233 10.957672 0.000000 11.291778 10.899471 11.129973 11.240106 11.018518
7 11.530504 11.244032 11.228117 9.885942 11.261905 11.294430 0.000000 11.246032 10.877984 10.994723 11.285714
8 11.457672 10.571428 10.899471 11.449736 10.521164 10.894180 11.251323 0.000000 11.203704 11.229551 11.150794
9 11.474801 11.177719 11.114058 11.053050 11.156085 11.140584 10.875332 11.203704 0.000000 10.385224 11.182540
10 11.506597 11.298153 11.292876 11.197889 11.298153 11.250660 11.002639 11.234829 10.390501 0.000000 11.337730
11 11.494709 11.113756 11.044973 11.423281 11.140212 11.018518 11.293651 11.164021 11.195767 11.337730 0.000000
