11
1 0.000000 7.994941 7.494933 7.661565 7.770408 8.069728 8.052543 7.579932 7.554992 7.848485 7.762626
2 7.893761 0.000000 7.500843 7.495784 7.600338 7.396290 7.374368 7.409781 7.403036 7.791246 7.636364
3 7.500000 7.460371 0.000000 6.388514 7.096284 7.420608 7.248311 6.341216 5.880067 7.070707 7.021885
4 7.540816 7.473862 6.334459 0.000000 7.180579 7.596912 7.342373 5.979487 6.368866 7.151515 7.097643
5 7.778912 7.667791 7.086149 7.178875 0.000000 7.715503 7.564407 7.137990 7.191201 7.456229 7.506734
6 8.015306 7.327150 7.486486 7.615780 7.819421 0.000000 6.735593 7.494017 7.510998 7.676768 7.732323
7 7.945763 7.276560 7.250000 7.250847 7.479661 6.777966 0.000000 7.205085 7.316413 7.631313 7.572391
8 7.525510 7.382799 6.327703 6.037607 7.137990 7.458120 7.318644 0.000000 6.377326 7.075758 6.952862
9 7.468697 7.421585 5.829392 6.336718 7.209814 7.472081 7.221658 6.296108 0.000000 7.107744 6.986532
10 7.734007 7.818182 7.057239 7.163300 7.518518 7.702020 7.649832 7.090909 7.037037 0.000000 6.569024
11 7.752525 7.604377 7.016835 7.055555 7.464646 7.710438 7.565657 6.905724 7.050505 6.569024 0.000000
