11
1 0.000000 9.452261 9.288220 9.396985 9.633165 9.133165 9.407035 9.489950 9.311558 9.192500 9.577500
2 9.452261 0.000000 8.736842 9.195980 8.660804 8.864322 8.856784 8.173367 9.032663 8.960000 8.705000
3 9.293233 8.736842 0.000000 9.072681 8.972431 8.714286 6.949875 8.857142 9.032581 8.840000 8.947500
4 9.399497 9.190955 9.077694 0.000000 9.386934 8.020101 9.183417 9.190955 7.429648 7.345000 9.297500
5 9.633165 8.660804 8.977444 9.389447 0.000000 9.070352 9.115578 8.716081 9.288945 9.197500 7.285000
6 9.138191 8.859297 8.711780 8.017588 9.072865 0.000000 8.824121 8.874372 7.861809 7.720000 9.092500
7 9.407035 8.854271 6.947369 9.178392 9.113066 8.824121 0.000000 8.947236 9.150754 8.922500 9.012500
8 9.489950 8.173367 8.859649 9.188442 8.716081 8.879397 8.952261 0.000000 9.105528 8.982500 8.660000
9 9.321608 9.037688 9.030075 7.429648 9.283919 7.864322 9.150754 9.110553 0.000000 7.212500 9.240000
10 9.200000 8.960000 8.835000 7.345000 9.192500 7.722500 8.922500 8.985000 7.210000 0.000000 9.172500
11 9.585000 8.710000 8.955000 9.305000 7.290000 9.095000 9.017500 8.667500 9.245000 9.175000 0.000000
