11
1 0.000000 232.927139 231.731827 228.045227 229.439697 231.052765 232.623123 233.000000 228.201004 230.695007 226.854996
2 233.193466 0.000000 164.197998 178.625626 188.610550 171.113068 169.670853 171.216080 183.369354 159.482498 177.657501
3 232.025070 164.238098 0.000000 172.939850 183.744354 164.669174 163.471176 165.498749 178.170425 151.242493 172.425003
4 228.404526 178.703522 172.984955 0.000000 158.246231 165.613068 176.530151 178.628143 149.268845 169.315002 131.417496
5 229.688446 188.600510 183.676697 158.138184 0.000000 177.545227 186.381912 188.374374 148.007538 180.725006 157.062500
6 231.198486 170.984924 164.491226 165.394470 177.442215 0.000000 168.811554 170.954773 171.148239 160.907501 164.494995
7 232.728638 169.505020 163.260651 176.291458 186.241211 168.771362 0.000000 161.263824 181.017593 159.660004 175.320007
8 233.143219 171.113068 165.345871 178.454773 188.311554 170.982407 161.321609 0.000000 183.241211 161.585007 177.455002
9 228.414566 183.311554 178.077698 149.113068 147.964828 171.213562 181.118088 183.253769 0.000000 174.992493 148.057495
10 230.742493 159.307495 151.024994 169.057495 180.582504 160.872498 159.647507 161.527496 174.895004 0.000000 168.957504
11 227.154999 177.727493 172.457504 131.399994 157.157501 164.699997 175.544998 177.604996 148.192505 169.199997 0.000000
