11
1 0.000000 243.884415 244.882202 245.831665 243.711060 245.706024 244.718597 245.585434 245.060303 244.692505 244.722504
2 243.967331 0.000000 228.724304 232.123123 170.540207 228.653259 231.733673 229.565323 234.266327 231.172501 231.822495
3 245.180450 228.904755 0.000000 238.197998 228.005020 234.927322 238.491226 192.175446 239.541351 237.449997 237.809998
4 245.884415 232.060303 237.952377 0.000000 231.190948 238.168335 239.336685 238.587936 240.424622 239.017502 239.104996
5 243.826630 170.567841 227.857147 231.266327 0.000000 227.273865 230.866837 228.630646 233.414566 230.332504 231.229996
6 245.917084 228.756287 234.837097 238.296478 227.291458 0.000000 238.635681 235.447235 239.678391 237.335007 237.927505
7 245.226135 232.072861 238.666672 239.836685 231.183411 238.919601 0.000000 239.301514 221.087936 239.002502 239.304993
8 245.663315 229.547745 192.025070 238.618088 228.580399 235.311554 238.896988 0.000000 240.103012 237.637497 237.977493
9 245.381912 234.484924 239.586472 240.778900 233.663315 239.839203 220.959793 240.404526 0.000000 239.759995 239.960007
10 244.672501 231.134995 237.217499 239.002502 230.282501 237.160004 238.554993 237.607498 239.422501 0.000000 200.315002
11 244.822495 231.847504 237.645004 239.192505 231.242493 237.807495 238.979996 238.044998 239.699997 200.339996 0.000000
