11
1 0.000000 240.670853 239.904755 238.288940 240.168335 241.158295 241.251251 238.648239 240.349243 238.592499 238.399994
2 240.716080 0.000000 231.807022 229.670853 229.922104 238.505020 238.964828 227.871857 196.944717 231.427505 231.362503
3 239.929825 231.756897 0.000000 227.203003 230.433578 237.340851 237.563904 226.844604 230.578949 230.167496 229.979996
4 238.271362 229.665833 227.197998 0.000000 228.783920 234.359299 234.982407 223.201004 228.055283 208.259995 208.262497
5 240.185928 229.909546 230.368423 228.748749 0.000000 237.979904 238.510056 226.791458 229.283920 230.412506 230.535004
6 240.914566 238.276382 237.120300 234.143219 237.766327 0.000000 195.108047 234.809052 237.643219 235.695007 235.642502
7 241.155777 238.851761 237.473679 234.907028 238.417084 195.273865 0.000000 235.201004 238.118088 235.830002 236.330002
8 238.464828 227.701004 226.694229 222.997482 226.711060 234.909546 235.115585 0.000000 226.155777 226.272507 225.522507
9 240.304016 196.904526 230.528824 228.002518 229.216080 237.809052 238.125626 226.231155 0.000000 230.074997 230.210007
10 238.592499 231.427505 230.149994 208.272507 230.417496 235.949997 235.919998 226.477493 230.100006 0.000000 216.130005
11 238.432495 231.347504 229.987503 208.327499 230.557495 235.929993 236.412506 225.712494 230.264999 216.187500 0.000000
