11
1 0.000000 82.994942 83.890205 85.482994 84.865646 84.392860 82.657631 84.156464 83.483925 83.355217 82.708755
2 83.232712 0.000000 73.499153 78.023605 75.114670 71.166946 74.015175 72.711639 72.382797 71.005051 71.015152
3 83.868240 73.645866 0.000000 79.189186 76.775337 75.711151 75.528717 70.827705 66.332771 75.466331 69.957916
4 85.579933 78.065765 79.201012 0.000000 80.040886 81.305321 78.466103 80.059830 78.512688 79.479797 77.420876
5 84.239799 74.922432 76.795609 80.025551 0.000000 77.492332 76.681358 76.449745 75.458542 77.099327 74.912460
6 84.911568 71.089378 75.724663 81.060036 77.511070 0.000000 76.310173 76.581200 74.632828 67.771042 73.341751
7 82.471184 74.023605 75.496620 78.289833 76.625427 76.227119 0.000000 74.984749 74.969543 76.072388 73.525253
8 83.479591 72.645866 70.854729 79.471794 76.465080 76.316238 74.783051 0.000000 69.375633 74.644783 69.521889
9 82.737732 71.969643 66.096283 78.524536 75.429779 74.473770 74.571915 69.211510 0.000000 73.929291 68.730637
10 83.730637 71.464645 75.890572 79.476433 76.558922 68.099327 75.905724 75.158249 74.304710 0.000000 73.518517
11 82.372055 70.725586 70.015152 77.063972 74.542084 73.643097 73.631310 69.893936 68.900673 73.420876 0.000000
