11
1 0.000000 122.115578 121.796989 121.997490 121.974876 122.025124 122.012566 121.964821 122.500000 121.822502 121.542503
2 122.035179 0.000000 117.817039 117.477386 117.402008 117.231155 117.356781 117.193466 119.213570 118.757500 117.110001
3 121.749374 117.766914 0.000000 116.804512 106.295738 116.330826 116.556389 116.330826 118.476189 118.389999 116.552498
4 121.851761 117.404526 116.764412 0.000000 116.178391 110.778893 111.218590 111.321609 117.680908 117.212502 111.582497
5 121.801506 117.263817 106.240601 116.140701 0.000000 115.577888 115.748741 115.590454 118.097992 117.599998 115.542503
6 122.000000 117.261307 116.358398 110.824120 115.703514 0.000000 100.396988 100.708542 117.610550 117.112503 101.522499
7 121.884422 117.276382 116.478699 111.228645 115.796486 100.346733 0.000000 88.216080 117.489952 117.092499 96.430000
8 121.947235 117.231155 116.353386 111.396988 115.693466 100.675880 88.246231 0.000000 117.751259 117.297501 96.239998
9 122.472359 119.268845 118.506264 117.773872 118.261307 117.580399 117.577888 117.776382 0.000000 109.737503 117.472504
10 121.790001 118.775002 118.367500 117.272499 117.717499 117.077499 117.190002 117.247498 109.720001 0.000000 117.480003
11 121.502502 117.114998 116.565002 111.629997 115.620003 101.512497 96.480003 96.245003 117.447502 117.487503 0.000000
