11
1 0.000000 0.644562 0.657825 0.657825 0.640212 0.649867 0.641910 0.648148 0.655172 0.651715 0.656085
2 0.655172 0.000000 0.607427 0.588859 0.253968 0.580902 0.572944 0.566138 0.610080 0.567282 0.616402
3 0.663130 0.607427 0.000000 0.633952 0.600529 0.625995 0.620690 0.439153 0.647215 0.635884 0.642857
4 0.660477 0.578249 0.623342 0.000000 0.568783 0.623342 0.639257 0.603175 0.647215 0.635884 0.640212
5 0.645503 0.253968 0.589947 0.571429 0.000000 0.582011 0.574074 0.529101 0.613757 0.556728 0.597884
6 0.647215 0.575597 0.620690 0.620690 0.589947 0.000000 0.631300 0.616402 0.641910 0.606860 0.634921
7 0.647215 0.572944 0.623342 0.641910 0.579365 0.639257 0.000000 0.595238 0.546419 0.627968 0.640212
8 0.650794 0.563492 0.439153 0.611111 0.534392 0.616402 0.595238 0.000000 0.640212 0.614776 0.629630
9 0.657825 0.607427 0.647215 0.649867 0.624339 0.655172 0.543767 0.650794 0.000000 0.651715 0.648148
10 0.656992 0.567282 0.633245 0.638522 0.559367 0.612137 0.627968 0.614776 0.643799 0.000000 0.416887
11 0.661376 0.616402 0.642857 0.645503 0.605820 0.648148 0.642857 0.637566 0.650794 0.419525 0.000000
