11
1 0.000000 9.148398 9.160473 9.217687 9.187075 9.217687 9.179661 9.226191 9.162436 9.127946 9.112795
2 9.146711 0.000000 6.242833 8.315346 8.787521 8.797639 8.984823 8.873525 8.767285 8.929293 8.336700
3 9.172297 6.239460 0.000000 8.425675 8.834459 8.861486 9.011825 8.957770 8.741554 8.947811 8.257576
4 9.236395 8.225969 8.239865 0.000000 8.502555 7.492281 8.752542 7.923077 8.194586 8.168350 7.545455
5 9.193877 8.704890 8.614865 8.739352 0.000000 8.877342 7.605085 9.131175 8.920474 8.875421 8.508417
6 9.243197 8.785834 8.641891 7.562607 8.882453 0.000000 8.962712 7.697436 8.489001 8.653198 8.077441
7 9.172881 9.020236 8.915541 8.827119 7.600000 9.035593 0.000000 9.111864 9.099831 9.006734 8.829967
8 9.258503 8.954469 8.952703 8.200000 9.097104 7.664957 9.113560 0.000000 8.756345 8.934343 8.387205
9 9.194586 8.900506 8.863175 8.472081 8.981387 8.612521 9.076142 8.766498 0.000000 7.883838 8.355219
10 9.154882 8.715488 8.713804 8.249158 8.843434 8.545455 9.008417 8.772727 7.643098 0.000000 8.186869
11 9.161616 8.249158 8.259259 7.601010 8.616161 8.156566 8.850168 8.461280 8.493266 8.356902 0.000000
