11
1 0.000000 11.974874 11.954887 12.002513 11.994975 11.967337 12.015076 11.992462 12.010050 11.925000 11.927500
2 11.979899 0.000000 11.907269 11.944724 11.939698 11.467337 11.969850 11.924623 11.952261 11.865000 11.500000
3 11.952381 11.889725 0.000000 11.924812 11.929825 11.852130 11.934837 11.288220 11.949875 11.282500 11.842500
4 12.000000 11.934673 11.929825 0.000000 11.771357 11.912061 10.361809 11.947236 10.359297 11.892500 11.870000
5 12.010050 11.947236 11.937344 11.778894 0.000000 11.949749 11.826633 11.972362 11.826633 11.925000 11.895000
6 11.962312 11.464824 11.854636 11.924623 11.944724 0.000000 11.947236 11.879397 11.927135 11.807500 11.375000
7 12.012563 11.957287 11.939850 10.356784 11.824121 11.952261 0.000000 11.954774 10.158292 11.890000 11.892500
8 12.000000 11.914573 11.293233 11.957287 11.969850 11.881909 11.959799 0.000000 11.977386 10.617500 11.857500
9 12.015076 11.972362 11.967419 10.369347 11.841708 11.944724 10.165829 11.984924 0.000000 11.922500 11.900000
10 11.922500 11.860000 11.295000 11.892500 11.920000 11.817500 11.887500 10.615000 11.902500 0.000000 11.835000
11 11.927500 11.507500 11.867500 11.887500 11.902500 11.392500 11.905000 11.867500 11.902500 11.845000 0.000000
