11
1 0.000000 129.124664 129.339523 129.302383 128.835983 129.010605 129.681702 128.862427 129.411148 128.277039 128.788361
2 129.153839 0.000000 113.925728 115.305038 115.037041 112.395226 126.854111 117.449738 126.525200 116.335091 114.404762
3 129.355438 113.941643 0.000000 114.015915 114.997353 113.575600 126.899200 116.933861 126.291779 116.248024 113.801590
4 129.302383 115.299736 114.007957 0.000000 116.105820 114.697609 126.877983 117.584656 126.360741 116.612137 115.124336
5 128.859787 115.021164 114.986771 116.116402 0.000000 113.695770 126.748680 118.362434 126.597885 117.480209 114.195770
6 129.023880 112.408485 113.564987 114.708221 113.701057 0.000000 126.679047 116.222221 126.368698 115.137199 113.997353
7 129.681702 126.856766 126.904510 126.880638 126.751320 126.676392 0.000000 126.531746 114.251991 125.738785 126.529099
8 128.841263 117.436508 116.928574 117.592590 118.362434 116.214287 126.529099 0.000000 126.298943 115.651718 117.571426
9 129.427063 126.538460 126.270554 126.358093 126.595238 126.363396 114.265251 126.309525 0.000000 125.699211 126.021164
10 128.269135 116.316620 116.226913 116.609497 117.448547 115.145119 125.741425 115.667549 125.691292 0.000000 116.174141
11 128.796295 114.394180 113.796295 115.137566 114.187828 114.002647 126.526459 117.571426 126.026459 116.158310 0.000000
