11
1 0.000000 12.485411 12.511936 12.453581 12.444445 12.480106 12.482759 12.481482 12.493369 12.427441 12.505291
2 12.480106 0.000000 12.480106 12.368700 11.820106 12.331565 12.464191 12.399471 12.355437 11.899736 12.457672
3 12.511936 12.477453 0.000000 12.450929 12.457672 12.427055 12.281167 12.134921 12.437666 12.432717 12.455027
4 12.437666 12.363396 12.453581 0.000000 12.291005 12.273210 12.350133 12.317460 12.244032 12.319262 12.328042
5 12.449736 11.814815 12.460318 12.275132 0.000000 12.330688 12.394180 12.431217 12.301587 11.870712 12.452381
6 12.453581 12.323607 12.424403 12.262600 12.330688 0.000000 12.328913 12.306878 12.323607 12.258575 12.320106
7 12.472149 12.469496 12.294430 12.358090 12.380953 12.328913 0.000000 12.063492 12.379311 12.366755 12.378307
8 12.489418 12.399471 12.129630 12.320106 12.431217 12.314815 12.055555 0.000000 12.314815 12.332454 12.367724
9 12.493369 12.358090 12.445623 12.246684 12.301587 12.339522 12.374005 12.338624 0.000000 12.332454 12.383598
10 12.435356 11.881267 12.430079 12.324538 11.875990 12.255937 12.377309 12.332454 12.332454 0.000000 12.387863
11 12.486773 12.452381 12.449736 12.338624 12.439154 12.320106 12.370370 12.378307 12.378307 12.382586 0.000000
