11
1 0.000000 25.782494 25.835545 25.774536 25.735449 25.753315 25.771883 25.783070 25.795755 25.699209 25.682539
2 25.777189 0.000000 25.615385 25.657825 25.656084 24.501326 25.615385 25.500000 25.631300 25.448549 24.534391
3 25.835545 25.610079 0.000000 25.668434 25.613756 25.509283 25.689655 23.994709 25.694960 24.226913 25.455027
4 25.766579 25.660477 25.673740 0.000000 24.894180 25.602121 21.636604 25.560846 22.281168 25.496042 25.378307
5 25.735449 25.648148 25.629629 24.888889 0.000000 25.566137 24.976191 25.597883 25.082010 25.604221 25.542328
6 25.745358 24.501326 25.498674 25.586206 25.552910 0.000000 25.546419 25.346561 25.549072 25.300791 23.936508
7 25.769230 25.607428 25.687002 21.633953 24.965609 25.551723 0.000000 25.555555 21.472149 25.509235 25.447090
8 25.785715 25.497355 24.013227 25.555555 25.597883 25.357143 25.563492 0.000000 25.579365 22.662270 25.354498
9 25.790451 25.623343 25.694960 22.262600 25.079365 25.554377 21.466843 25.582010 0.000000 25.480211 25.447090
10 25.701847 25.443272 24.229551 25.488127 25.604221 25.298153 25.503958 22.670185 25.477573 0.000000 25.332455
11 25.677248 24.529100 25.457672 25.383598 25.537037 23.939154 25.455027 25.357143 25.457672 25.340370 0.000000
