11
1 0.000000 6.875211 6.733108 6.224490 6.811224 6.170068 7.188136 6.920068 6.754653 7.454545 6.696970
2 6.817875 0.000000 6.455312 6.534570 6.433390 6.526138 7.318718 6.483980 6.460371 7.124579 7.006734
3 6.684122 6.430017 0.000000 6.353041 5.695946 6.319257 7.130067 5.854730 4.788851 6.686869 6.814815
4 6.178571 6.602024 6.402027 0.000000 6.431005 5.341338 6.854237 6.547009 6.397631 7.173401 5.981482
5 6.816327 6.463744 5.738176 6.434412 0.000000 6.415673 7.272882 5.836457 5.722504 6.725589 6.875421
6 6.120749 6.507588 6.354730 5.325901 6.378194 0.000000 6.737288 6.480342 6.335025 7.148148 6.070707
7 7.166102 7.284992 7.101351 6.825424 7.188136 6.786441 0.000000 7.205085 7.153976 7.710438 7.218855
8 6.884354 6.480607 5.873311 6.505983 5.802385 6.473504 7.196610 0.000000 5.883249 6.619529 7.005051
9 6.683587 6.397976 4.793919 6.336718 5.658206 6.291032 7.123519 5.842639 0.000000 6.691919 6.772727
10 7.422559 7.102694 6.695286 7.159933 6.691919 7.191919 7.840067 6.661616 6.747475 0.000000 7.579124
11 6.624579 6.998316 6.895623 5.991582 6.900673 6.080808 7.225589 7.060606 6.846801 7.611111 0.000000
