11
1 0.000000 147.684662 144.251694 148.795914 147.034012 143.443878 143.464401 144.295914 144.620987 143.560608 148.040405
2 146.940979 0.000000 142.863403 146.252945 145.575043 140.632385 142.112991 141.892075 138.155136 142.776093 146.759262
3 144.125000 142.610458 0.000000 135.964523 140.792236 127.824326 139.187500 128.261826 140.103043 139.784515 129.028625
4 148.372452 146.654297 136.062500 0.000000 145.480408 135.536880 143.376266 135.764099 144.717422 143.707077 140.673401
5 147.187073 145.441818 141.327698 145.376495 0.000000 140.642242 141.869492 140.729126 143.221664 142.033676 145.250839
6 143.273804 140.809448 127.586151 135.490570 140.083481 0.000000 137.396606 127.620514 138.685272 137.919189 133.594269
7 144.110168 142.590225 139.099655 143.401688 141.835587 137.347458 0.000000 138.157623 139.313034 115.909088 142.998322
8 143.549316 141.806076 128.312500 135.907700 140.659286 128.022217 138.233902 0.000000 138.969543 137.939392 134.284515
9 144.815567 138.155136 140.383453 144.324875 142.842636 138.742813 139.448395 139.686966 0.000000 139.954544 145.030304
10 142.991577 142.560608 139.590912 142.757568 141.929291 137.622894 115.602692 138.030304 139.336700 0.000000 144.530304
11 147.356903 146.200333 128.659927 140.752518 144.676773 133.804718 142.776093 134.016830 144.653198 144.365326 0.000000
