11
1 0.000000 235.278519 228.108749 228.885941 232.796295 226.801056 225.209549 228.097885 231.381958 233.456467 230.783066
2 235.262604 0.000000 223.984085 224.981430 219.211639 222.477448 220.525192 224.018524 193.928375 231.163589 227.076721
3 228.108749 223.981430 0.000000 210.779846 220.661377 183.021225 204.901855 210.322754 217.785141 218.638519 215.791000
4 228.877991 224.986740 210.782486 0.000000 221.600525 208.435013 194.360748 160.796295 218.533157 220.725601 208.031754
5 232.777771 219.211639 220.677246 221.611115 0.000000 218.851852 216.177246 221.304230 211.423279 228.722961 224.158737
6 226.787796 222.450928 183.013260 208.413788 218.833328 0.000000 201.562332 207.923279 215.832886 216.137207 213.497360
7 225.193634 220.503983 204.896545 194.350128 216.158737 201.557022 0.000000 193.899475 212.907166 215.736145 194.521164
8 228.079361 224.005295 210.343918 160.798935 221.296295 207.939148 193.912704 0.000000 217.894180 220.556732 208.161377
9 231.358093 193.912460 217.785141 218.530502 211.410049 215.846161 212.917770 217.878311 0.000000 226.221634 221.439148
10 233.459106 231.155670 218.617416 220.722961 228.715042 216.134567 215.741425 220.551453 226.237473 0.000000 224.306076
11 230.780426 227.074081 215.793655 208.037033 224.150787 213.518524 194.544968 208.166672 221.452377 224.313980 0.000000
