11
1 0.000000 3.286432 3.233083 3.115578 2.992462 3.135678 3.293970 3.105528 3.032663 3.107500 2.977500
2 3.283920 0.000000 3.408521 3.336684 3.213568 3.346734 3.472362 3.208543 3.243719 3.330000 3.210000
3 3.235589 3.416040 0.000000 3.308271 3.167920 3.310777 2.949875 3.225564 3.167920 3.295000 3.135000
4 3.115578 3.341709 3.305764 0.000000 3.035176 3.160804 3.359297 3.155779 3.103015 3.172500 3.057500
5 2.992462 3.213568 3.165414 3.035176 0.000000 3.055276 3.216080 3.042714 2.979899 3.035000 2.900000
6 3.135678 3.349246 3.308271 3.160804 3.055276 0.000000 3.369347 3.168342 3.110553 3.190000 3.057500
7 3.293970 3.474874 2.947368 3.356784 3.216080 3.369347 0.000000 3.281407 3.241206 3.340000 3.192500
8 3.105528 3.211055 3.223058 3.155779 3.042714 3.170854 3.281407 0.000000 3.072864 3.155000 3.045000
9 3.030151 3.246231 3.165414 3.103015 2.979899 3.110553 3.241206 3.070352 0.000000 3.105000 2.945000
10 3.107500 3.332500 3.295000 3.170000 3.035000 3.190000 3.340000 3.155000 3.105000 0.000000 3.047500
11 2.980000 3.220000 3.137500 3.057500 2.902500 3.060000 3.195000 3.045000 2.947500 3.050000 0.000000
