11
1 0.000000 4.266442 4.324324 4.312925 4.328231 4.319728 4.303390 4.318027 4.314721 4.319865 4.291246
2 4.241147 0.000000 3.596965 3.263069 3.608769 3.728499 3.374368 2.745363 3.657673 3.727273 3.683502
3 4.324324 3.620573 0.000000 3.702703 3.341216 3.260135 3.614865 3.625000 3.385135 3.259259 3.271044
4 4.290816 3.291737 3.711149 0.000000 3.773424 3.797599 3.410170 3.316239 3.758037 3.686869 3.739057
5 4.377551 3.644182 3.300676 3.764906 0.000000 3.364566 3.584746 3.620102 3.052454 3.297980 3.289562
6 4.357143 3.765599 3.201014 3.777015 3.361158 0.000000 3.686441 3.839316 3.329949 3.213805 3.021886
7 4.306780 3.367622 3.684122 3.394915 3.567797 3.694915 0.000000 3.372881 3.593909 3.696970 3.641414
8 4.301021 2.768971 3.652027 3.328205 3.621806 3.883761 3.391526 0.000000 3.680203 3.794613 3.666667
9 4.267344 3.701518 3.346284 3.720812 3.030457 3.331641 3.588832 3.632826 0.000000 3.287879 3.328283
10 4.289562 3.750842 3.262626 3.708754 3.289562 3.200337 3.717172 3.781145 3.331650 0.000000 3.168350
11 4.277778 3.681818 3.242424 3.718855 3.287879 3.028620 3.653199 3.678451 3.303030 3.175084 0.000000
