11
1 0.000000 5.458886 5.567639 5.557029 5.550264 5.562334 5.535809 5.560846 5.527852 5.546174 5.547619
2 5.461538 0.000000 5.167109 5.230769 5.190476 5.336870 5.233422 5.277778 5.228117 5.269129 5.171957
3 5.559682 5.167109 0.000000 5.305040 4.039682 5.424403 5.347480 5.325397 5.331565 5.258575 4.306878
4 5.549072 5.230769 5.312997 0.000000 5.309524 5.350132 5.334218 4.555555 5.225464 4.261214 5.333333
5 5.547619 5.190476 4.044973 5.309524 0.000000 5.462963 5.343915 5.333333 5.362434 5.261214 4.280423
6 5.551724 5.339522 5.413793 5.347480 5.444445 0.000000 5.114058 5.365079 5.045093 5.258575 5.404762
7 5.538462 5.230769 5.355438 5.323607 5.359788 5.124669 0.000000 5.349206 5.074271 5.319261 5.378307
8 5.560846 5.277778 5.328043 4.552910 5.346561 5.373016 5.343915 0.000000 5.322752 4.575198 5.343915
9 5.530504 5.233422 5.339522 5.225464 5.357143 5.026525 5.071618 5.330688 0.000000 5.263852 5.304233
10 5.525066 5.269129 5.271768 4.261214 5.271768 5.258575 5.313984 4.575198 5.253298 0.000000 5.319261
11 5.534391 5.166667 4.306878 5.335979 4.277778 5.412698 5.378307 5.338624 5.293651 5.321900 0.000000
