11
1 0.000000 24.103016 24.085213 24.060301 24.135679 23.982412 24.067839 24.055277 24.035175 24.055000 24.022499
2 24.100502 0.000000 24.085213 23.834171 22.793970 23.824121 23.977386 24.110552 23.866835 22.770000 23.985001
3 24.097744 24.115288 0.000000 23.912281 24.102757 24.005013 23.689222 23.526316 23.939850 24.047501 24.090000
4 24.085426 23.849247 23.904762 0.000000 23.927135 23.680904 23.806532 23.909548 23.628141 23.657499 23.762501
5 24.145729 22.788944 24.080200 23.917086 0.000000 23.902010 24.027637 24.047739 23.939699 23.062500 23.927500
6 23.997488 23.829145 23.989975 23.683416 23.914574 0.000000 23.804020 23.881910 23.771357 23.762501 23.662500
7 24.080402 23.984924 23.694235 23.798994 24.037689 23.801508 0.000000 23.640703 23.879396 23.879999 23.930000
8 24.062815 24.140703 23.526316 23.914574 24.060301 23.884422 23.628141 0.000000 23.891960 23.962500 23.957500
9 24.047739 23.856785 23.914787 23.623116 23.932161 23.733669 23.864321 23.896984 0.000000 23.752501 23.809999
10 24.047501 22.785000 24.020000 23.655001 23.075001 23.760000 23.889999 23.957500 23.745001 0.000000 23.972500
11 24.022499 23.982500 24.062500 23.745001 23.924999 23.655001 23.924999 23.937500 23.790001 23.959999 0.000000
