11
1 0.000000 5.803713 5.713528 5.737401 5.624339 5.732096 5.671088 5.722222 5.644562 5.630607 5.820106
2 5.790451 0.000000 5.689655 5.755968 5.664021 5.533156 5.684350 5.444445 5.620690 5.762533 5.806878
3 5.716180 5.687003 0.000000 5.713528 5.537037 5.416446 5.519894 5.452381 5.119363 5.598945 5.806878
4 5.734748 5.758621 5.689655 0.000000 5.626984 5.689655 5.623342 5.685185 5.668435 5.627968 5.777778
5 5.626984 5.666667 5.537037 5.619048 0.000000 5.587302 5.280423 5.626984 5.526455 5.335093 5.769841
6 5.745358 5.535809 5.432361 5.705570 5.592593 0.000000 5.527852 5.296296 5.384615 5.635884 5.775132
7 5.663130 5.687003 5.509284 5.610080 5.261905 5.519894 0.000000 5.529100 5.509284 5.437995 5.719577
8 5.722222 5.460318 5.452381 5.679894 5.619048 5.296296 5.537037 0.000000 5.513227 5.627968 5.806878
9 5.636605 5.625995 5.122016 5.679045 5.526455 5.395226 5.511936 5.513227 0.000000 5.543536 5.806878
10 5.656992 5.754617 5.593668 5.622691 5.335093 5.625330 5.443272 5.617414 5.546174 0.000000 5.744063
11 5.828043 5.806878 5.817461 5.767196 5.759259 5.769841 5.735450 5.809524 5.798942 5.738786 0.000000
