11
1 0.000000 5.883289 5.891247 5.899204 5.880952 5.872679 5.888594 5.883598 5.877984 5.857520 5.873016
2 5.883289 0.000000 5.164456 5.151194 5.206349 5.156499 5.795756 5.402116 5.809019 5.408971 5.142857
3 5.880637 5.156499 0.000000 5.092838 5.246032 5.159151 5.835544 5.412698 5.835544 5.345646 5.103175
4 5.901857 5.151194 5.095491 0.000000 5.243386 5.190981 5.787798 5.380952 5.774536 5.329815 5.119048
5 5.880952 5.203704 5.243386 5.238095 0.000000 5.216931 5.753968 5.383598 5.772487 5.374670 5.092593
6 5.864721 5.151194 5.164456 5.196287 5.219577 0.000000 5.771883 5.391534 5.769231 5.337731 5.164021
7 5.891247 5.819629 5.846154 5.785146 5.769841 5.793103 0.000000 5.788360 5.339522 5.781003 5.783069
8 5.888889 5.391534 5.410053 5.378307 5.383598 5.388889 5.775132 0.000000 5.783069 5.361477 5.375661
9 5.880637 5.811671 5.835544 5.774536 5.769841 5.766578 5.342175 5.788360 0.000000 5.788918 5.751323
10 5.860158 5.387863 5.335093 5.321900 5.379947 5.327177 5.778364 5.356201 5.778364 0.000000 5.277045
11 5.862434 5.142857 5.095238 5.126984 5.097884 5.164021 5.761905 5.370370 5.743386 5.279684 0.000000
