11
1 0.000000 0.628647 0.623342 0.623342 0.611111 0.610080 0.610080 0.611111 0.612732 0.606860 0.626984
2 0.623342 0.000000 0.612732 0.599469 0.587302 0.591512 0.594164 0.410053 0.604775 0.511873 0.608466
3 0.620690 0.612732 0.000000 0.596817 0.589947 0.604775 0.602122 0.613757 0.570292 0.604222 0.621693
4 0.636605 0.599469 0.602122 0.000000 0.296296 0.413793 0.596817 0.605820 0.591512 0.593668 0.571429
5 0.624339 0.584656 0.595238 0.296296 0.000000 0.378307 0.563492 0.582011 0.592593 0.575198 0.552910
6 0.615385 0.591512 0.607427 0.413793 0.378307 0.000000 0.562334 0.576720 0.562334 0.567282 0.563492
7 0.610080 0.591512 0.596817 0.583554 0.560847 0.562334 0.000000 0.597884 0.604775 0.585752 0.568783
8 0.611111 0.410053 0.619048 0.605820 0.582011 0.576720 0.600529 0.000000 0.592593 0.501319 0.597884
9 0.615385 0.604775 0.572944 0.594164 0.592593 0.562334 0.612732 0.597884 0.000000 0.572559 0.608466
10 0.609499 0.511873 0.601583 0.596306 0.575198 0.567282 0.596306 0.501319 0.572559 0.000000 0.601583
11 0.626984 0.605820 0.619048 0.571429 0.555556 0.566138 0.563492 0.597884 0.608466 0.601583 0.000000
