11
1 0.000000 0.673740 0.671088 0.673740 0.661376 0.671088 0.673740 0.671958 0.671088 0.667546 0.661376
2 0.671088 0.000000 0.668435 0.673740 0.671958 0.673740 0.671088 0.658730 0.663130 0.659631 0.671958
3 0.671088 0.673740 0.000000 0.671088 0.671958 0.665783 0.649867 0.664021 0.514589 0.646438 0.671958
4 0.671088 0.671088 0.671088 0.000000 0.658730 0.665783 0.671088 0.661376 0.668435 0.670185 0.664021
5 0.661376 0.671958 0.671958 0.658730 0.000000 0.669312 0.671958 0.669312 0.671958 0.667546 0.664021
6 0.671088 0.673740 0.663130 0.665783 0.669312 0.000000 0.660477 0.666667 0.665783 0.662269 0.666667
7 0.668435 0.671088 0.641910 0.671088 0.671958 0.660477 0.000000 0.661376 0.639257 0.622691 0.671958
8 0.671958 0.656085 0.658730 0.664021 0.669312 0.666667 0.661376 0.000000 0.653439 0.649077 0.666667
9 0.668435 0.663130 0.517241 0.668435 0.669312 0.660477 0.644562 0.648148 0.000000 0.609499 0.666667
10 0.667546 0.659631 0.638522 0.670185 0.667546 0.664908 0.630607 0.649077 0.601583 0.000000 0.659631
11 0.661376 0.671958 0.671958 0.661376 0.664021 0.666667 0.669312 0.666667 0.666667 0.662269 0.000000
