11
1 0.000000 0.635678 0.631579 0.638191 0.635678 0.638191 0.638191 0.633166 0.640703 0.637500 0.622500
2 0.640703 0.000000 0.629073 0.640703 0.640703 0.623116 0.630653 0.628141 0.638191 0.630000 0.622500
3 0.636591 0.629073 0.000000 0.636591 0.636591 0.631579 0.626566 0.631579 0.616541 0.632500 0.622500
4 0.638191 0.635678 0.636591 0.000000 0.603015 0.633166 0.635678 0.635678 0.640703 0.640000 0.625000
5 0.640703 0.643216 0.639098 0.597990 0.000000 0.638191 0.635678 0.635678 0.643216 0.640000 0.632500
6 0.643216 0.625628 0.634085 0.635678 0.638191 0.000000 0.620603 0.610553 0.635678 0.622500 0.617500
7 0.638191 0.630653 0.626566 0.635678 0.635678 0.615578 0.000000 0.628141 0.635678 0.627500 0.617500
8 0.638191 0.625628 0.631579 0.638191 0.640703 0.613065 0.628141 0.000000 0.635678 0.602500 0.605000
9 0.640703 0.633166 0.619048 0.640703 0.640703 0.633166 0.638191 0.635678 0.000000 0.630000 0.627500
10 0.635000 0.625000 0.630000 0.637500 0.635000 0.622500 0.627500 0.605000 0.627500 0.000000 0.605000
11 0.625000 0.622500 0.622500 0.625000 0.632500 0.612500 0.617500 0.600000 0.627500 0.605000 0.000000
