11
1 0.000000 0.552764 0.606516 0.592965 0.557789 0.582915 0.603015 0.580402 0.575377 0.602500 0.590000
2 0.552764 0.000000 0.546366 0.562814 0.492462 0.552764 0.580402 0.550251 0.422111 0.587500 0.547500
3 0.598997 0.546366 0.000000 0.586466 0.541353 0.446115 0.591479 0.581454 0.561404 0.597500 0.567500
4 0.595477 0.567839 0.581454 0.000000 0.542714 0.585427 0.600502 0.585427 0.590452 0.607500 0.595000
5 0.560301 0.489950 0.543860 0.540201 0.000000 0.557789 0.580402 0.545226 0.527638 0.605000 0.580000
6 0.580402 0.550251 0.438596 0.580402 0.555276 0.000000 0.587940 0.575377 0.565327 0.595000 0.552500
7 0.600502 0.575377 0.593985 0.605528 0.580402 0.592965 0.000000 0.597990 0.595477 0.572500 0.592500
8 0.577889 0.550251 0.578947 0.582915 0.545226 0.577889 0.595477 0.000000 0.562814 0.590000 0.587500
9 0.577889 0.422111 0.563910 0.587940 0.530151 0.570352 0.595477 0.562814 0.000000 0.600000 0.582500
10 0.600000 0.587500 0.597500 0.605000 0.607500 0.602500 0.580000 0.595000 0.602500 0.000000 0.582500
11 0.592500 0.550000 0.565000 0.592500 0.580000 0.557500 0.590000 0.587500 0.582500 0.577500 0.000000
