11
1 0.000000 75.097809 71.466217 75.301018 73.700684 74.945580 75.433899 74.751701 76.433167 75.996635 71.021889
2 74.473862 0.000000 68.082634 70.883644 69.096123 70.635750 71.239464 70.431702 69.224281 69.321548 68.331650
3 70.814186 68.561554 0.000000 67.108109 65.690880 67.989868 68.692566 67.258446 69.787163 69.710434 54.538719
4 74.408165 70.676224 66.957771 0.000000 60.311756 70.787308 70.569489 69.976067 71.751266 71.385521 67.005051
5 73.613945 69.323776 65.478043 60.511074 0.000000 69.419083 69.683052 69.117546 70.531303 70.353539 65.641411
6 74.717690 70.753792 67.722977 71.356773 69.265755 0.000000 67.811867 58.888889 72.025383 71.796295 67.649834
7 75.016953 71.563240 68.395271 70.961014 69.747459 67.762711 0.000000 67.120338 72.497459 72.555557 68.240738
8 74.255104 70.445190 67.430740 70.593163 69.161842 58.813675 67.225426 0.000000 71.598984 71.353539 67.164986
9 76.351944 69.765602 69.827705 72.032150 71.023689 72.071068 73.147209 71.593910 0.000000 58.245792 69.688553
10 75.616165 69.468010 69.377106 71.602692 70.212120 71.404037 72.257576 71.154884 58.074074 0.000000 69.643097
11 70.720535 68.346802 54.486530 66.898987 65.641411 67.765991 68.375420 67.153198 69.395622 69.685188 0.000000
