11
1 0.000000 14.556493 14.907095 14.952381 15.071428 14.942177 15.108475 14.903061 15.006768 14.917508 14.449495
2 14.667791 0.000000 13.865092 13.578415 13.684654 13.613828 14.048903 11.091063 13.629005 11.905724 13.348485
3 14.885135 13.910624 0.000000 14.108109 14.241554 14.185811 14.530405 13.981419 13.005068 14.198653 13.991583
4 15.006803 13.671164 14.123311 0.000000 10.882453 11.457976 13.747458 14.076923 14.140440 13.772727 13.072391
5 15.139456 13.669477 14.177365 10.860307 0.000000 11.243611 13.750848 14.006814 14.057529 13.803030 13.240741
6 14.891156 13.625632 14.209459 11.428817 11.233390 0.000000 13.669492 13.998291 13.998308 13.796296 13.020202
7 14.884746 14.084317 14.393581 13.589830 13.625423 13.620339 0.000000 14.161017 14.296108 14.018518 13.117846
8 15.008503 11.146711 14.062500 14.018804 14.097104 13.972650 14.174576 0.000000 13.972927 12.094276 13.537037
9 14.925550 13.558179 12.957770 13.945854 14.037225 13.939086 14.275804 13.881557 0.000000 13.789562 13.656566
10 14.641414 11.838384 14.069023 13.698653 13.829967 13.653198 14.117846 12.001683 13.744108 0.000000 13.420876
11 14.513468 13.387205 14.000000 12.951179 13.271044 13.090909 13.303030 13.563973 13.742424 13.425926 0.000000
