11
1 0.000000 23.821608 23.894737 23.932161 23.919598 23.881910 23.776382 23.884422 23.859297 23.807501 23.740000
2 23.829145 0.000000 22.844612 23.253769 23.045227 22.615578 23.087940 22.997488 22.846733 22.355000 22.467501
3 23.909775 22.832081 0.000000 23.466166 23.182957 23.130325 23.253134 22.411028 21.421053 23.145000 22.302500
4 23.927135 23.236181 23.431078 0.000000 23.567839 23.497488 23.414574 23.479900 23.442211 23.330000 23.237499
5 23.924623 23.042713 23.165413 23.577890 0.000000 23.251257 23.364321 23.258795 23.158291 23.115000 22.917500
6 23.884422 22.600502 23.130325 23.497488 23.263819 0.000000 23.326633 23.153267 23.108040 21.924999 22.852501
7 23.778894 23.060301 23.248119 23.439699 23.371859 23.336683 0.000000 23.042713 23.130653 23.122499 22.877501
8 23.879396 22.959799 22.408522 23.489950 23.256281 23.153267 23.050251 0.000000 22.296482 23.052500 22.122499
9 23.869347 22.846733 21.423559 23.464825 23.165829 23.113066 23.135679 22.296482 0.000000 23.107500 22.100000
10 23.787500 22.342501 23.127501 23.325001 23.129999 21.950001 23.132500 23.052500 23.110001 0.000000 22.722500
11 23.747499 22.462500 22.297501 23.267500 22.932501 22.842501 22.877501 22.122499 22.080000 22.722500 0.000000
