11
1 0.000000 83.008430 83.214523 83.409866 83.552719 83.086731 82.935593 83.438774 84.475464 83.747475 82.398987
2 82.967957 0.000000 74.377739 73.317032 73.848228 72.671165 73.000000 73.158516 76.779091 76.193604 73.356903
3 83.520271 74.156830 0.000000 73.351349 62.451012 72.341217 72.734795 72.552368 76.327705 75.816498 72.904037
4 83.295921 73.510963 73.621620 0.000000 72.754684 67.600342 67.186440 67.823929 74.818954 74.365318 67.481483
5 83.333336 73.887016 62.515202 72.717209 0.000000 72.044296 71.725426 71.788757 75.566833 74.853539 71.558922
6 82.845238 72.691399 72.312500 67.375641 71.984665 0.000000 58.905087 59.630768 74.274109 73.626259 59.457912
7 82.974579 72.908936 72.540543 67.103394 71.537285 58.979660 0.000000 54.218643 74.859558 73.777779 57.075756
8 83.353745 72.799324 72.699326 67.743591 72.100510 59.762394 54.264408 0.000000 74.685280 73.737373 57.400673
9 83.813873 76.381111 75.793922 74.742805 75.162437 74.071068 74.260574 74.216583 0.000000 65.737373 74.249161
10 83.708755 75.983162 75.648148 73.989899 74.501686 73.439392 73.888885 73.732323 65.728958 0.000000 74.148148
11 82.274414 73.094276 72.638046 67.306396 71.804710 59.604378 56.920876 57.269360 74.437714 73.892258 0.000000
