11
1 0.000000 0.657825 0.657825 0.665783 0.658730 0.649867 0.655172 0.656085 0.665783 0.659631 0.650794
2 0.660477 0.000000 0.639257 0.657825 0.637566 0.639257 0.641910 0.629630 0.631300 0.656992 0.642857
3 0.660477 0.633952 0.000000 0.663130 0.531746 0.644562 0.647215 0.640212 0.639257 0.662269 0.521164
4 0.663130 0.652520 0.655172 0.000000 0.656085 0.652520 0.655172 0.650794 0.655172 0.646438 0.653439
5 0.664021 0.634921 0.531746 0.666667 0.000000 0.645503 0.650794 0.626984 0.650794 0.662269 0.584656
6 0.652520 0.649867 0.649867 0.665783 0.650794 0.000000 0.660477 0.664021 0.665783 0.662269 0.658730
7 0.657825 0.639257 0.652520 0.663130 0.653439 0.657825 0.000000 0.592593 0.618037 0.651715 0.658730
8 0.664021 0.629630 0.642857 0.661376 0.626984 0.664021 0.597884 0.000000 0.558201 0.654354 0.656085
9 0.668435 0.631300 0.639257 0.652520 0.650794 0.663130 0.618037 0.558201 0.000000 0.662269 0.650794
10 0.662269 0.654354 0.656992 0.654354 0.656992 0.659631 0.649077 0.649077 0.659631 0.000000 0.656992
11 0.653439 0.645503 0.521164 0.656085 0.571429 0.656085 0.653439 0.650794 0.656085 0.659631 0.000000
