11
1 0.000000 2.834171 2.832080 2.829146 3.050251 2.902010 3.017588 2.962312 2.899498 2.867500 2.892500
2 2.836684 0.000000 2.769423 2.766332 3.020101 2.804020 2.994975 2.861809 2.793970 2.777500 2.800000
3 2.832080 2.766917 0.000000 2.706767 3.000000 2.827068 2.982456 2.889724 2.817043 2.802500 2.825000
4 2.829146 2.763819 2.706767 0.000000 2.997488 2.824121 2.979899 2.886935 2.814070 2.795000 2.822500
5 3.050251 3.017588 3.000000 2.997488 0.000000 3.070352 3.075377 3.125628 3.060302 3.045000 3.055000
6 2.899498 2.798995 2.827068 2.824121 3.072864 0.000000 3.045226 2.846734 2.793970 2.832500 2.780000
7 3.017588 2.992462 2.984962 2.982412 3.075377 3.047739 0.000000 3.113065 3.052764 3.027500 3.047500
8 2.957286 2.854271 2.884712 2.884422 3.120603 2.841709 3.108040 0.000000 2.831658 2.892500 2.820000
9 2.899498 2.788945 2.817043 2.814070 3.060302 2.793970 3.052764 2.836684 0.000000 2.825000 2.770000
10 2.867500 2.775000 2.802500 2.795000 3.047500 2.832500 3.027500 2.897500 2.825000 0.000000 2.827500
11 2.895000 2.800000 2.827500 2.822500 3.057500 2.782500 3.050000 2.825000 2.772500 2.830000 0.000000
