11
1 0.000000 0.620603 0.621554 0.625628 0.623116 0.623116 0.620603 0.628141 0.618090 0.622500 0.615000
2 0.623116 0.000000 0.601504 0.618090 0.610553 0.590452 0.600502 0.608040 0.600502 0.602500 0.600000
3 0.616541 0.598997 0.000000 0.611529 0.593985 0.591479 0.581454 0.611529 0.578947 0.577500 0.582500
4 0.628141 0.618090 0.614035 0.000000 0.615578 0.615578 0.618090 0.628141 0.620603 0.617500 0.617500
5 0.623116 0.608040 0.591479 0.610553 0.000000 0.592965 0.595477 0.615578 0.600502 0.600000 0.600000
6 0.618090 0.592965 0.591479 0.613065 0.592965 0.000000 0.590452 0.597990 0.587940 0.592500 0.595000
7 0.620603 0.597990 0.583960 0.618090 0.597990 0.587940 0.000000 0.613065 0.449749 0.587500 0.587500
8 0.628141 0.603015 0.611529 0.623116 0.615578 0.595477 0.613065 0.000000 0.613065 0.615000 0.607500
9 0.618090 0.600502 0.583960 0.625628 0.605528 0.590452 0.452261 0.615578 0.000000 0.592500 0.590000
10 0.620000 0.600000 0.575000 0.617500 0.600000 0.590000 0.585000 0.615000 0.587500 0.000000 0.542500
11 0.617500 0.595000 0.587500 0.620000 0.605000 0.595000 0.590000 0.607500 0.585000 0.550000 0.000000
