11
1 0.000000 4.338954 4.312500 4.365646 4.360544 4.309524 4.371186 4.329932 4.351946 4.323232 4.373737
2 4.323777 0.000000 3.691400 4.042159 3.303541 3.485666 3.733558 2.890388 2.969646 3.631313 4.186869
3 4.337838 3.698145 0.000000 4.101351 3.851351 3.567568 3.545608 3.775338 3.714527 3.587542 4.195286
4 4.392857 4.001687 4.027027 0.000000 3.982964 3.838765 4.137288 3.894017 3.876481 3.939394 3.925926
5 4.384354 3.328836 3.768581 3.935264 0.000000 3.667802 3.789830 3.277683 3.233503 3.681818 4.205387
6 4.372449 3.505902 3.508446 3.975986 3.676320 0.000000 3.457627 3.423932 3.573604 3.069024 4.107744
7 4.369492 3.775717 3.525338 4.132204 3.761017 3.479661 0.000000 3.586441 3.532995 3.508418 4.119529
8 4.394558 2.890388 3.712838 3.950427 3.243612 3.434188 3.572881 0.000000 2.813875 3.498317 4.127946
9 4.351946 2.959528 3.638514 3.895093 3.199661 3.483926 3.531303 2.818951 0.000000 3.434343 4.116162
10 4.318182 3.537037 3.552189 3.914141 3.678451 3.067340 3.481482 3.481482 3.457912 0.000000 4.111111
11 4.382155 4.212121 4.191919 3.909091 4.271044 4.122896 4.159933 4.191919 4.097643 4.159933 0.000000
