11
1 0.000000 3.720068 3.675676 3.853741 3.795918 3.819728 3.867797 3.853741 3.846024 3.833333 3.723906
2 3.718381 0.000000 2.839798 2.866779 2.876897 2.833052 3.455312 3.035413 3.448567 2.929293 2.836700
3 3.717906 2.861720 0.000000 2.869932 2.895270 2.871622 3.564189 3.028716 3.429054 2.927609 2.867003
4 3.819728 2.854975 2.827703 0.000000 2.933560 2.919383 3.452542 3.034188 3.402707 2.910774 2.885522
5 3.784014 2.902192 2.910473 2.962521 0.000000 2.945486 3.481356 3.066440 3.495770 3.025253 2.863636
6 3.853741 2.822934 2.847973 2.929674 2.916525 0.000000 3.427119 3.044445 3.458545 2.942761 2.843434
7 3.961017 3.451939 3.584460 3.442373 3.462712 3.444068 0.000000 3.467797 2.942470 3.461279 3.409091
8 3.923469 3.021922 3.043919 3.061538 3.076661 3.073504 3.508475 0.000000 3.500846 2.994950 2.998317
9 3.908629 3.440135 3.452703 3.460237 3.516074 3.517766 2.967851 3.516074 0.000000 3.572391 3.382155
10 3.930976 2.944444 2.929293 2.939394 3.006734 2.956229 3.430976 2.984848 3.570707 0.000000 2.915825
11 3.759259 2.831650 2.841751 2.888889 2.856902 2.843434 3.407408 2.993266 3.361953 2.895623 0.000000
