11
1 0.000000 0.665783 0.652520 0.657825 0.653439 0.647215 0.671088 0.664021 0.652520 0.659631 0.656085
2 0.665783 0.000000 0.644562 0.633952 0.558201 0.599469 0.655172 0.664021 0.607427 0.649077 0.658730
3 0.649867 0.647215 0.000000 0.644562 0.648148 0.625995 0.665783 0.661376 0.631300 0.649077 0.666667
4 0.660477 0.639257 0.649867 0.000000 0.648148 0.639257 0.665783 0.653439 0.639257 0.656992 0.661376
5 0.650794 0.555556 0.642857 0.642857 0.000000 0.619048 0.664021 0.656085 0.619048 0.635884 0.661376
6 0.647215 0.610080 0.631300 0.644562 0.632275 0.000000 0.660477 0.661376 0.246684 0.630607 0.661376
7 0.668435 0.655172 0.668435 0.665783 0.661376 0.657825 0.000000 0.669312 0.655172 0.664908 0.671958
8 0.664021 0.661376 0.658730 0.650794 0.653439 0.656085 0.666667 0.000000 0.656085 0.659631 0.658730
9 0.652520 0.607427 0.631300 0.639257 0.624339 0.246684 0.655172 0.658730 0.000000 0.630607 0.658730
10 0.662269 0.649077 0.646438 0.656992 0.638522 0.630607 0.670185 0.664908 0.630607 0.000000 0.659631
11 0.656085 0.658730 0.666667 0.658730 0.664021 0.653439 0.674603 0.658730 0.653439 0.659631 0.000000
