11
1 0.000000 49.397976 49.630066 49.147961 48.901360 49.406464 49.816948 49.238094 48.788494 48.710438 48.432659
2 49.462059 0.000000 50.151772 49.450253 49.209106 49.699833 50.185497 48.622261 49.317032 49.308083 49.119530
3 49.716217 50.153458 0.000000 49.636826 49.405407 49.856419 48.371620 49.714527 49.320946 49.528618 49.102695
4 49.127552 49.350758 49.543919 0.000000 48.742760 49.514580 49.728813 49.415386 48.700508 48.641415 48.345119
5 48.945580 49.187183 49.383446 48.805794 0.000000 49.107327 49.583050 49.068142 48.499153 48.462963 48.154881
6 49.448978 49.669476 49.826012 49.584908 49.098808 0.000000 50.028812 49.752136 49.035534 48.939392 48.671719
7 49.845764 50.134907 48.312500 49.774578 49.554237 49.996609 0.000000 49.840679 49.357021 49.491581 49.085857
8 49.319729 48.634064 49.716217 49.516239 49.097103 49.796581 49.896610 0.000000 48.874790 48.708755 48.537037
9 48.785110 49.234402 49.228039 48.710659 48.429779 48.971233 49.326565 48.793571 0.000000 48.521885 48.037037
10 48.767677 49.306396 49.501682 48.713806 48.469696 48.966331 49.533669 48.702019 48.606060 0.000000 48.481480
11 48.457912 49.084175 49.045456 48.398991 48.131313 48.656567 49.079124 48.488216 48.079124 48.449493 0.000000
