11
1 0.000000 10.246231 10.368421 10.329145 10.381909 10.467337 10.231155 10.439698 10.256282 10.262500 10.322500
2 10.251256 0.000000 8.669173 9.248744 9.218593 9.409548 7.238693 8.562814 9.135678 9.607500 8.557500
3 10.363408 8.671679 0.000000 9.268170 9.283208 9.398497 8.528822 8.162908 9.208020 9.647500 8.485000
4 10.329145 9.251256 9.278195 0.000000 9.165829 8.449749 9.150754 9.256282 9.082914 9.615000 9.307500
5 10.381909 9.208543 9.288220 9.170855 0.000000 9.321608 9.118091 9.263819 9.198492 9.582500 9.377500
6 10.467337 9.414573 9.406015 8.454774 9.321608 0.000000 9.211055 9.417086 9.281407 9.782500 9.405000
7 10.228643 7.238693 8.528822 9.155779 9.120603 9.208543 0.000000 8.359297 9.040201 9.590000 8.380000
8 10.432160 8.562814 8.160401 9.251256 9.258794 9.407035 8.356784 0.000000 9.110553 9.562500 8.227500
9 10.266332 9.140703 9.213033 9.090452 9.201005 9.281407 9.047739 9.123116 0.000000 9.605000 9.255000
10 10.255000 9.602500 9.650000 9.617500 9.587500 9.780000 9.582500 9.565000 9.595000 0.000000 9.782500
11 10.327500 8.565000 8.490000 9.315000 9.380000 9.402500 8.387500 8.235000 9.252500 9.780000 0.000000
