11
1 0.000000 129.915680 129.824326 129.595245 130.501694 129.573135 130.389832 130.132660 129.165817 127.976433 129.070709
2 129.814499 0.000000 126.959526 126.519394 130.360870 128.851608 130.072510 129.907257 126.505905 128.718857 129.292923
3 129.668915 127.033730 0.000000 126.084457 130.172302 128.738174 130.099655 129.376694 126.216217 128.286194 128.703705
4 129.510208 126.634064 126.234795 0.000000 130.511078 129.771866 129.755936 130.013672 122.656517 127.269363 128.234009
5 130.103745 129.910629 129.562500 129.998291 0.000000 129.514481 119.101692 122.504257 129.118439 123.260941 128.595963
6 128.409866 128.096115 128.001694 128.689529 129.136292 0.000000 128.596603 128.745300 127.548225 126.126259 122.622894
7 129.932205 130.074203 129.991547 129.749146 119.440681 129.272888 0.000000 122.374573 129.365479 124.099327 129.151520
8 130.277206 129.848236 129.609802 130.087173 123.100510 129.495728 122.737289 0.000000 128.764801 122.786194 128.632996
9 128.670044 126.566612 126.025337 122.597290 129.385788 128.267349 129.445007 128.651443 0.000000 127.531990 128.001678
10 127.855217 128.587540 128.195282 127.222221 123.782829 126.878784 123.840065 122.511787 127.425926 0.000000 127.941078
11 128.506729 129.070709 128.626266 127.570709 128.646469 122.855217 128.900681 128.079132 128.063980 127.587540 0.000000
