11
1 0.000000 5.795756 5.801061 5.782494 5.761905 5.816976 5.803713 5.783069 5.771883 5.728232 5.746032
2 5.795756 0.000000 5.612732 5.631300 5.605820 5.671088 5.641910 4.494709 5.567639 5.047493 5.534391
3 5.790451 5.633952 0.000000 5.716180 5.685185 5.716180 5.742705 5.682539 5.482759 5.672823 5.658730
4 5.785146 5.628647 5.716180 0.000000 4.145503 4.620690 5.663130 5.693122 5.673740 5.643799 5.518518
5 5.764550 5.608466 5.695767 4.148148 0.000000 4.616402 5.637566 5.677248 5.637566 5.635884 5.507936
6 5.819629 5.652520 5.716180 4.620690 4.611111 0.000000 5.655172 5.711640 5.652520 5.646438 5.537037
7 5.814323 5.623342 5.734748 5.657825 5.632275 5.663130 0.000000 5.685185 5.705570 5.654354 5.489418
8 5.767196 4.494709 5.682539 5.685185 5.671957 5.708995 5.687831 0.000000 5.621693 5.110818 5.595238
9 5.766578 5.564987 5.474801 5.668435 5.632275 5.657825 5.710876 5.595238 0.000000 5.601583 5.589947
10 5.728232 5.058047 5.654354 5.649076 5.638523 5.656992 5.662269 5.113456 5.606860 0.000000 5.567282
11 5.751323 5.539682 5.658730 5.526455 5.507936 5.555555 5.497355 5.600529 5.592593 5.569921 0.000000
