11
1 0.000000 17.354132 17.212837 17.695578 17.583334 17.062925 17.562712 17.302721 17.108292 17.102694 17.644781
2 17.473862 0.000000 14.534570 15.618887 13.291737 14.005059 14.379427 12.096122 12.215852 14.308081 16.119528
3 17.135136 14.610456 0.000000 15.456081 14.447635 14.185811 13.902027 14.319257 14.253378 14.420876 15.855219
4 17.744898 15.686340 15.530405 0.000000 15.793867 15.229846 15.440678 15.675214 15.571912 15.158249 14.996633
5 17.474489 13.311973 14.589527 15.754684 0.000000 14.207836 14.640678 13.344123 12.949239 14.457912 16.033670
6 17.129251 14.079258 14.298986 15.149228 14.218058 0.000000 13.974576 14.070086 13.641286 12.469697 15.513468
7 17.650848 14.355818 13.900338 15.388136 14.472881 13.979661 0.000000 14.325424 14.013536 14.301347 15.983165
8 17.328232 12.118044 14.364865 15.581197 13.207836 13.871795 14.172881 0.000000 11.791878 14.223906 16.069023
9 17.209814 12.247892 14.302365 15.382402 12.928934 13.587140 14.067682 11.878173 0.000000 14.265993 16.015152
10 17.170034 14.286196 14.392256 15.175084 14.473064 12.398990 14.232324 14.151515 14.158249 0.000000 15.456229
11 17.604378 16.043772 15.829967 14.904040 16.138046 15.563973 15.961280 16.200336 15.941077 15.545455 0.000000
