11
1 0.000000 4.094435 4.103041 3.889456 4.088435 4.039115 4.010170 3.938776 4.052454 4.084175 4.021885
2 4.016863 0.000000 3.969646 3.726813 3.214165 3.822934 3.922428 3.910624 3.741990 3.210438 4.000000
3 4.048986 3.942664 0.000000 3.971284 4.047297 3.729730 3.586149 3.444257 3.927365 4.023569 3.919192
4 3.838435 3.750422 3.978040 0.000000 3.873935 3.658662 3.696610 3.782906 3.558376 3.791246 3.814815
5 4.083333 3.266442 4.108108 3.870528 0.000000 3.982964 3.972881 4.040886 3.868020 3.279461 4.089226
6 4.086735 3.824620 3.782094 3.668954 3.989779 0.000000 3.711864 3.733333 3.671743 3.624579 3.703704
7 4.052542 3.949410 3.606419 3.679661 4.037288 3.801695 0.000000 3.579661 3.884941 3.959596 4.021885
8 3.935374 3.893760 3.484797 3.741880 4.045997 3.777778 3.484746 0.000000 3.920474 3.898990 3.887205
9 3.978004 3.738617 3.957770 3.524535 3.778342 3.656514 3.795262 3.876481 0.000000 3.707071 3.813131
10 4.080808 3.281145 4.047138 3.794613 3.343434 3.654882 3.936027 3.829966 3.771044 0.000000 4.005051
11 3.986532 4.015152 3.930976 3.890572 4.119529 3.767677 4.010101 3.909091 3.851852 4.040404 0.000000
