11
1 0.000000 244.336685 244.050125 244.364319 244.386932 244.452255 244.427139 244.298996 245.474869 244.160004 243.252502
2 244.178391 0.000000 236.794479 236.190948 236.346741 235.746231 235.866837 235.859299 239.590454 238.369995 235.202499
3 243.959900 236.844604 0.000000 235.177948 215.155396 234.624054 234.611526 234.533829 238.463654 237.892502 234.557495
4 244.326630 236.278900 235.218048 0.000000 234.396988 224.515076 225.047745 225.324127 237.190948 236.195007 225.429993
5 244.351761 236.452255 215.213028 234.469849 0.000000 233.419601 233.628143 233.542709 238.291458 237.152496 233.009995
6 244.402008 235.889450 234.729324 224.580399 233.452255 0.000000 203.248749 203.429642 236.768845 235.677505 204.912506
7 244.258789 235.894470 234.614029 225.012558 233.525131 203.123123 0.000000 178.821609 236.806534 235.785004 193.479996
8 244.168335 235.929642 234.563904 225.276382 233.454773 203.359299 178.871857 0.000000 237.077896 235.922501 193.872498
9 245.216080 239.575378 238.471176 237.113068 238.153259 236.623123 236.793976 237.065323 0.000000 221.559998 236.274994
10 244.167496 238.570007 238.042496 236.309998 237.227493 235.737503 235.904999 236.050003 221.707504 0.000000 236.460007
11 243.050003 235.195007 234.475006 225.317505 232.882507 204.770004 193.505005 193.817505 236.272507 236.262497 0.000000
