11
1 0.000000 0.643216 0.639098 0.643216 0.643216 0.640703 0.643216 0.643216 0.643216 0.637500 0.637500
2 0.645729 0.000000 0.621554 0.640703 0.638191 0.643216 0.643216 0.643216 0.640703 0.642500 0.640000
3 0.641604 0.621554 0.000000 0.641604 0.634085 0.639098 0.644110 0.641604 0.641604 0.637500 0.637500
4 0.640703 0.640703 0.639098 0.000000 0.640703 0.640703 0.640703 0.640703 0.565327 0.637500 0.640000
5 0.643216 0.635678 0.636591 0.640703 0.000000 0.640703 0.643216 0.640703 0.640703 0.642500 0.635000
6 0.643216 0.645729 0.641604 0.643216 0.640703 0.000000 0.640703 0.643216 0.640703 0.642500 0.640000
7 0.643216 0.643216 0.641604 0.643216 0.645729 0.643216 0.000000 0.625628 0.643216 0.642500 0.640000
8 0.640703 0.640703 0.639098 0.638191 0.643216 0.643216 0.620603 0.000000 0.640703 0.642500 0.640000
9 0.645729 0.640703 0.641604 0.565327 0.643216 0.643216 0.640703 0.643216 0.000000 0.642500 0.637500
10 0.640000 0.642500 0.640000 0.640000 0.642500 0.645000 0.645000 0.645000 0.642500 0.000000 0.635000
11 0.637500 0.640000 0.637500 0.642500 0.637500 0.642500 0.642500 0.642500 0.637500 0.637500 0.000000
