11
1 0.000000 118.492462 119.208023 119.032661 119.221107 119.206032 119.640701 118.781410 119.190956 118.004997 117.972504
2 118.472359 0.000000 116.406013 116.087936 116.356781 116.314072 117.311562 95.349243 115.801506 104.962502 114.714996
3 119.185463 116.401001 0.000000 117.363411 117.426064 117.395988 118.293236 116.701752 110.932327 115.970001 116.412498
4 119.055275 116.085426 117.373436 0.000000 89.658295 96.477386 115.512566 116.728645 116.891960 115.809998 112.017502
5 119.251259 116.359299 117.423561 89.663315 0.000000 96.369347 115.826630 116.811562 117.042717 115.922501 112.190002
6 119.251259 116.344223 117.476189 96.494972 96.396988 0.000000 115.711052 116.957283 117.027641 115.962502 112.175003
7 119.618088 117.329147 118.308273 115.512566 115.819092 115.693466 0.000000 117.625626 118.072861 116.724998 112.574997
8 118.668343 95.341705 116.691727 116.668343 116.746231 116.851761 117.552765 0.000000 116.309044 105.697502 115.139999
9 119.175880 115.804024 110.909775 116.871857 117.062813 116.997490 118.087936 116.331657 0.000000 115.212502 115.894997
10 118.027496 104.932503 116.027496 115.805000 115.937500 115.922501 116.714996 105.724998 115.202499 0.000000 114.764999
11 117.970001 114.690002 116.430000 112.010002 112.187500 112.162498 112.565002 115.187500 115.934998 114.785004 0.000000
