11
1 0.000000 7.699831 7.785473 7.870749 7.806122 7.829932 8.115254 8.008503 8.150592 7.786195 7.962963
2 7.736931 0.000000 5.907251 6.010118 5.994941 5.881956 7.151771 6.195615 7.121417 6.057239 6.003367
3 7.716216 5.905565 0.000000 5.888514 5.935811 5.869933 6.939189 6.109797 7.016892 5.983165 5.900673
4 7.768707 5.981450 5.883446 0.000000 6.080068 6.068611 7.030509 6.263248 6.942471 6.060606 6.000000
5 7.845238 6.021923 5.969594 6.163543 0.000000 6.005111 7.093220 6.258944 7.125212 6.126263 5.942761
6 7.692177 5.851602 5.863176 6.072041 5.996593 0.000000 7.055932 6.203419 6.954315 6.038721 5.910774
7 8.055932 7.111299 7.011824 7.042373 7.010170 6.988136 0.000000 7.145763 6.071066 6.944445 6.949495
8 8.037415 6.236088 6.165541 6.294017 6.247019 6.266667 7.118644 0.000000 7.081218 6.082491 6.212121
9 8.160745 7.143339 7.065878 6.956007 7.150592 7.025381 6.052454 7.052454 0.000000 7.028620 7.026936
10 7.865320 6.072391 6.001684 6.072391 6.099327 6.055555 7.020202 6.085859 7.010101 0.000000 6.055555
11 7.818182 6.006734 5.927609 6.037037 5.922559 5.951179 6.966330 6.188552 7.030303 6.075758 0.000000
