11
1 0.000000 128.124786 128.108109 126.158165 127.338432 128.129257 129.088135 129.792511 125.771576 127.114479 124.925926
2 128.460373 0.000000 101.178749 104.510963 106.989883 102.767288 102.308601 102.701515 105.642494 100.102692 104.276093
3 128.199326 101.190559 0.000000 103.410477 106.055740 101.577705 101.293922 101.702705 104.628380 98.351852 103.003365
4 126.374153 104.475548 103.359795 0.000000 100.727425 103.166382 104.423729 105.929916 98.189507 102.250839 93.488213
5 126.976189 106.679596 105.750000 100.465080 0.000000 104.993187 106.750847 107.860306 97.578682 104.703705 99.212120
6 127.615646 102.340637 101.106422 102.758148 104.822830 0.000000 102.284744 103.801712 102.629440 100.082489 100.836700
7 128.423721 101.978081 100.952705 104.098305 106.694916 102.383049 0.000000 100.767799 105.101524 99.853539 103.380470
8 129.416672 102.689713 101.667229 105.933334 108.107323 104.203423 101.086441 0.000000 106.023689 100.621216 104.279465
9 125.461929 105.261383 104.212837 97.849411 97.497459 102.702202 105.104904 105.714043 0.000000 103.158249 97.282829
10 126.892258 99.843437 98.080811 102.008415 104.698654 100.252525 99.930977 100.375420 103.267677 0.000000 101.961281
11 124.222221 103.658249 102.398987 92.898987 98.890572 100.631310 103.063972 103.698654 97.047134 101.609428 0.000000
