11
1 0.000000 264.798401 264.596802 264.180359 263.952393 264.549072 264.729431 264.119049 264.602112 263.303436 263.526459
2 264.809021 0.000000 261.312988 264.543762 264.216919 263.777191 262.594177 262.103180 259.899200 260.459106 264.023804
3 264.607422 261.320953 0.000000 264.143250 263.989410 262.604767 258.435028 260.478821 230.535812 253.480209 263.817474
4 264.172424 264.570282 264.135284 0.000000 260.843903 264.466858 264.562347 264.029114 264.037140 262.936676 260.089935
5 263.936493 264.203705 263.973541 260.825409 0.000000 264.235443 264.166656 264.259247 263.917999 263.414246 263.013214
6 264.551727 263.763916 262.588867 264.456238 264.248688 0.000000 263.519897 262.973541 261.774536 261.546173 263.780426
7 264.697601 262.562347 258.411133 264.533142 264.161377 263.517242 0.000000 261.973541 255.068970 247.902374 264.023804
8 264.119049 262.079376 260.500000 264.021179 264.267181 262.957672 261.992065 0.000000 259.111115 260.401062 263.955017
9 264.591522 259.888580 230.506638 264.018555 263.925934 261.769226 255.074265 259.097870 0.000000 248.591034 263.624329
10 263.316620 260.459106 253.467026 262.941956 263.419525 261.532990 247.912933 260.382599 248.575195 0.000000 263.013184
11 263.521179 264.018524 263.814819 260.095245 263.029114 263.785706 264.029114 263.957672 263.637573 263.013184 0.000000
