11
1 0.000000 0.635678 0.626566 0.628141 0.628141 0.630653 0.628141 0.628141 0.630653 0.622500 0.627500
2 0.635678 0.000000 0.611529 0.618090 0.605528 0.615578 0.610553 0.605528 0.618090 0.607500 0.580000
3 0.621554 0.606516 0.000000 0.541353 0.601504 0.609023 0.606516 0.614035 0.528822 0.620000 0.607500
4 0.630653 0.618090 0.543860 0.000000 0.603015 0.610553 0.615578 0.625628 0.366834 0.617500 0.612500
5 0.628141 0.600502 0.606516 0.605528 0.000000 0.582915 0.595477 0.615578 0.608040 0.585000 0.597500
6 0.625628 0.608040 0.609023 0.605528 0.577889 0.000000 0.605528 0.605528 0.610553 0.605000 0.602500
7 0.633166 0.610553 0.611529 0.618090 0.600502 0.610553 0.000000 0.618090 0.620603 0.597500 0.605000
8 0.625628 0.597990 0.614035 0.623116 0.610553 0.605528 0.613065 0.000000 0.625628 0.612500 0.607500
9 0.628141 0.620603 0.528822 0.369347 0.610553 0.615578 0.618090 0.630653 0.000000 0.622500 0.617500
10 0.617500 0.602500 0.622500 0.615000 0.585000 0.610000 0.592500 0.617500 0.617500 0.000000 0.595000
11 0.630000 0.587500 0.612500 0.615000 0.602500 0.615000 0.607500 0.612500 0.620000 0.600000 0.000000
