11
1 0.000000 259.968170 260.657837 261.636597 259.756622 259.843506 261.281158 260.735443 261.087524 260.522430 259.904755
2 259.970825 0.000000 256.376648 259.822296 255.047623 256.151184 255.549072 255.658737 256.161804 259.356201 255.402115
3 260.636597 256.366058 0.000000 260.453583 242.285721 258.061005 258.904510 258.574066 259.058350 259.868073 223.788361
4 261.623352 259.816986 260.464203 0.000000 259.708984 259.925720 260.986725 260.753967 261.262604 259.176788 259.870361
5 259.735443 255.052917 242.304230 259.711639 0.000000 256.574066 258.005280 258.119049 257.960327 259.812653 241.703705
6 259.822296 256.140594 258.063660 259.931030 256.560852 0.000000 258.705566 258.645508 259.209564 259.060699 256.976196
7 261.270569 255.554382 258.925720 261.002655 258.023804 258.718842 0.000000 250.698410 251.103455 260.295502 258.058197
8 260.751312 255.669312 258.576721 260.780426 258.129639 258.661377 250.743393 0.000000 233.640213 260.358826 258.457672
9 261.111420 256.172424 259.071625 261.275848 257.968262 259.220154 251.137924 233.616409 0.000000 260.480225 258.277771
10 260.514526 259.350922 259.873352 259.197876 259.823212 259.071228 260.308716 260.353577 260.451202 0.000000 259.815308
11 259.928558 255.428574 223.838623 259.899475 241.740738 257.005280 258.079376 258.476196 258.275146 259.831146 0.000000
