11
1 0.000000 0.079258 0.067568 0.079932 0.069728 0.079932 0.067797 0.076531 0.077834 0.069024 0.067340
2 0.080944 0.000000 0.032040 0.045531 0.040472 0.052277 0.035413 0.047218 0.037099 0.031987 0.031987
3 0.070946 0.033727 0.000000 0.040541 0.033784 0.043919 0.028716 0.040541 0.032095 0.026936 0.026936
4 0.081633 0.047218 0.038851 0.000000 0.039182 0.044597 0.038983 0.042735 0.043993 0.040404 0.040404
5 0.073129 0.042159 0.033784 0.040886 0.000000 0.044293 0.033898 0.040886 0.038917 0.035354 0.035354
6 0.085034 0.055649 0.045608 0.048027 0.045997 0.000000 0.045763 0.049573 0.052453 0.047138 0.047138
7 0.071186 0.037099 0.028716 0.040678 0.033898 0.044068 0.000000 0.040678 0.033841 0.030303 0.030303
8 0.078231 0.048904 0.038851 0.044444 0.039182 0.047863 0.038983 0.000000 0.045685 0.040404 0.040404
9 0.081218 0.038786 0.030405 0.043993 0.037225 0.049069 0.032149 0.043993 0.000000 0.031987 0.031987
10 0.072391 0.033670 0.026936 0.042088 0.035354 0.045455 0.030303 0.042088 0.033670 0.000000 0.025253
11 0.069024 0.033670 0.025253 0.042088 0.033670 0.045455 0.028620 0.040404 0.033670 0.023569 0.000000
