11
1 0.000000 22.688442 22.604010 22.831657 22.756281 22.690954 22.603016 22.703518 22.547739 22.657499 22.535000
2 22.693468 0.000000 21.556391 21.690954 21.660805 21.771357 21.562815 21.610552 21.572865 21.462500 21.410000
3 22.573935 21.561403 0.000000 22.087719 17.225563 21.859650 21.759399 21.834587 21.694235 21.889999 17.762501
4 22.834171 21.680904 22.080200 0.000000 22.175879 22.188442 22.047739 19.381910 21.952261 18.272499 21.855000
5 22.738693 21.663317 17.223057 22.170855 0.000000 22.027637 21.781406 21.826633 21.806532 21.877501 17.780001
6 22.663317 21.753769 21.842106 22.170855 22.005026 0.000000 20.964825 21.994974 20.090452 22.000000 21.745001
7 22.577890 21.545227 21.756893 22.025126 21.771357 20.984924 0.000000 21.874372 20.439699 21.787500 21.465000
8 22.728643 21.603016 21.817043 19.389448 21.834171 22.000000 21.881910 0.000000 21.804020 19.145000 21.525000
9 22.552763 21.585426 21.676691 21.942211 21.801508 20.113066 20.449749 21.788944 0.000000 21.752501 21.382500
10 22.660000 21.440001 21.882500 18.262501 21.892500 22.012501 21.802500 19.125000 21.752501 0.000000 21.700001
11 22.522499 21.402500 17.767500 21.850000 17.780001 21.750000 21.455000 21.530001 21.385000 21.700001 0.000000
