11
1 0.000000 12.503979 12.549071 12.583554 12.523809 12.517241 12.591512 12.537037 12.594165 12.546174 12.492064
2 12.511936 0.000000 12.397878 12.525199 12.388889 12.405835 12.456233 12.452381 12.517241 12.496042 12.357142
3 12.543767 12.387268 0.000000 12.549071 11.690476 12.456233 12.488064 12.531746 12.543767 12.527704 10.883598
4 12.575597 12.525199 12.541114 0.000000 12.515873 12.533156 12.570292 12.537037 12.572945 12.493403 12.510582
5 12.513227 12.378307 11.682540 12.531746 0.000000 12.478836 12.444445 12.478836 12.518518 12.514512 11.756614
6 12.517241 12.384615 12.472149 12.546419 12.486773 0.000000 12.546419 12.513227 12.549071 12.514512 12.452381
7 12.596817 12.453581 12.496021 12.567639 12.455027 12.541114 0.000000 12.171958 12.283819 12.540897 12.476191
8 12.537037 12.449736 12.534391 12.531746 12.489418 12.505291 12.198413 0.000000 11.626985 12.530343 12.494709
9 12.591512 12.509284 12.538462 12.567639 12.518518 12.541114 12.278515 11.608465 0.000000 12.548813 12.489418
10 12.535620 12.482850 12.514512 12.490766 12.519789 12.514512 12.538259 12.532982 12.546174 0.000000 12.517150
11 12.500000 12.349206 10.886244 12.523809 11.756614 12.460318 12.478836 12.502645 12.492064 12.522428 0.000000
