11
1 0.000000 3.920742 3.771960 3.965986 3.857143 3.897959 3.908475 3.957483 3.834179 3.880471 4.038721
2 3.865093 0.000000 3.107926 3.408094 3.293423 2.979764 3.268128 3.386172 3.059022 3.348485 3.451179
3 3.824324 3.121417 0.000000 3.366554 3.246622 3.055743 3.013514 3.326014 3.140203 3.232323 3.335017
4 3.925170 3.440135 3.368243 0.000000 3.286201 3.391081 3.593220 3.553846 3.443316 3.297980 2.904040
5 3.858844 3.291737 3.224662 3.248722 0.000000 3.248722 3.437288 3.379898 3.297800 3.129630 3.249158
6 3.799320 2.971332 3.025338 3.348199 3.260647 0.000000 3.194915 3.288889 2.795262 3.178451 3.370370
7 3.925424 3.298482 3.000000 3.569492 3.435593 3.206780 0.000000 3.449152 3.319797 3.383838 3.479798
8 3.955782 3.411467 3.317568 3.538461 3.410562 3.343590 3.461017 0.000000 3.346870 3.378788 3.523569
9 3.798646 3.060708 3.114865 3.395939 3.309645 2.798646 3.318105 3.346870 0.000000 3.257576 3.373737
10 3.893939 3.377104 3.244108 3.252525 3.139731 3.203704 3.409091 3.407408 3.299663 0.000000 3.289562
11 4.020202 3.454545 3.355219 2.892256 3.291246 3.409091 3.473064 3.533670 3.432660 3.287879 0.000000
