11
1 0.000000 260.233429 260.912476 260.830231 259.933868 260.925720 259.413788 260.007935 260.286469 259.588379 259.460327
2 260.230774 0.000000 252.827591 256.373993 253.044968 249.928375 252.912460 251.783066 251.270554 247.992081 249.550262
3 260.920410 252.854111 0.000000 257.527863 255.187836 255.374008 254.769226 249.116409 241.063660 253.839050 248.023804
4 260.846161 256.368713 257.501312 0.000000 256.788361 257.721497 255.734741 256.690491 256.968170 256.393127 255.830688
5 259.933868 253.034393 255.174606 256.796295 0.000000 255.330688 254.452377 254.894180 254.068787 254.509232 252.939148
6 260.931030 249.936340 255.363388 257.705566 255.314819 0.000000 255.222809 254.462967 254.347473 243.804749 253.100525
7 259.424408 252.917770 254.761276 255.724136 254.457672 255.238724 0.000000 253.650787 253.649872 254.087067 252.031754
8 260.029114 251.783066 249.105820 256.714294 254.896820 254.462967 253.640213 0.000000 246.928574 253.751984 246.846558
9 260.307678 251.291779 241.034485 256.968170 254.055557 254.352783 253.649872 246.917984 0.000000 253.221634 245.380951
10 259.569916 247.992081 253.833771 256.393127 254.532974 243.786285 254.081787 253.762527 253.213715 0.000000 251.725601
11 259.460327 249.547623 248.007935 255.854492 252.949738 253.119049 252.015869 246.838623 245.378311 251.712402 0.000000
