11
1 0.000000 110.053047 111.814323 109.835541 109.007935 110.976128 110.986740 108.542328 112.501328 113.258575 111.500000
2 110.042442 0.000000 88.466843 87.167107 97.150795 85.029175 80.960213 96.674606 86.525200 94.029022 88.833336
3 111.790451 88.466843 0.000000 92.482758 100.507935 85.246681 91.360741 100.240738 95.368698 97.744064 93.100533
4 109.811668 87.167107 92.485413 0.000000 95.973541 89.687004 89.981430 95.584656 94.350136 96.720314 92.685188
5 109.021164 97.166664 100.510582 95.962959 0.000000 99.074074 99.214287 80.129631 102.007935 103.733513 100.706352
6 110.984085 85.034485 85.251991 89.689651 99.079369 0.000000 88.655174 98.738098 92.891243 95.817940 90.642860
7 110.976128 80.957558 91.358093 89.978783 99.201057 88.647217 0.000000 98.735451 89.877983 96.013191 92.063492
8 108.539680 96.671959 100.240738 95.579369 80.119049 98.732803 98.732803 0.000000 101.608467 103.443275 100.396828
9 112.490715 86.527855 95.374008 94.352783 102.010582 92.891243 89.885941 101.613754 0.000000 99.353561 95.949738
10 113.250656 94.044853 97.751976 96.733513 103.728233 95.823219 96.031662 103.448547 99.369392 0.000000 95.437996
11 111.510582 88.841270 93.095238 92.687828 100.708992 90.645500 92.074074 100.402115 95.952377 95.437996 0.000000
