11
1 0.000000 23.653267 23.200500 23.457287 23.304020 23.356785 23.057789 23.336683 22.917086 23.250000 23.767500
2 23.670855 0.000000 22.776943 23.321608 23.366835 22.080402 23.037689 21.841709 22.683416 23.117500 23.655001
3 23.220551 22.756893 0.000000 22.897243 22.822056 22.461153 22.468672 22.518797 20.799500 22.727501 23.652500
4 23.449749 23.304020 22.874687 0.000000 22.831657 23.010050 22.600502 23.105528 22.806532 22.962500 23.250000
5 23.304020 23.366835 22.829575 22.844221 0.000000 23.002512 21.133165 23.000000 22.653267 21.635000 23.465000
6 23.356785 22.082914 22.461153 23.020100 23.012564 0.000000 22.683416 21.708542 22.060301 22.852501 23.502501
7 23.060301 23.032663 22.461153 22.613066 21.135679 22.668343 0.000000 22.736181 22.236181 21.584999 23.344999
8 23.354271 21.846733 22.518797 23.113066 22.979900 21.701006 22.743719 0.000000 22.216080 22.875000 23.647499
9 22.927135 22.683416 20.804512 22.821608 22.633165 22.042713 22.238693 22.206030 0.000000 22.580000 23.442499
10 23.240000 23.117500 22.732500 22.962500 21.635000 22.850000 21.594999 22.872499 22.570000 0.000000 23.522499
11 23.775000 23.645000 23.660000 23.262501 23.455000 23.525000 23.350000 23.672501 23.455000 23.525000 0.000000
