11
1 0.000000 0.490725 0.491554 0.510204 0.505102 0.511905 0.505085 0.508503 0.502538 0.498316 0.494949
2 0.509275 0.000000 0.252951 0.411467 0.441821 0.458685 0.460371 0.467116 0.456998 0.452862 0.434343
3 0.505068 0.247892 0.000000 0.427365 0.445946 0.467905 0.461149 0.478041 0.454392 0.444444 0.439394
4 0.513605 0.419899 0.440878 0.000000 0.453152 0.404803 0.479661 0.435897 0.448393 0.402357 0.383838
5 0.500000 0.443508 0.452703 0.442930 0.000000 0.458262 0.354237 0.466780 0.446701 0.449495 0.451178
6 0.518707 0.456998 0.467905 0.406518 0.466780 0.000000 0.479661 0.418803 0.485618 0.436027 0.449495
7 0.493220 0.445194 0.447635 0.459322 0.364407 0.464407 0.000000 0.474576 0.468697 0.471380 0.444444
8 0.520408 0.460371 0.472973 0.420513 0.478705 0.413675 0.486441 0.000000 0.487310 0.446128 0.432660
9 0.512690 0.468803 0.457770 0.436548 0.470389 0.483926 0.482233 0.475465 0.000000 0.436027 0.441077
10 0.486532 0.434343 0.437710 0.392256 0.459596 0.436027 0.464646 0.444444 0.419192 0.000000 0.414141
11 0.500000 0.425926 0.419192 0.375421 0.439394 0.432660 0.456229 0.424242 0.436027 0.417508 0.000000
