11
1 0.000000 12.022614 11.984962 12.017588 12.017588 12.025126 12.005025 12.020101 12.012563 11.957500 11.957500
2 12.020101 0.000000 10.824561 11.924623 11.972362 11.954774 11.994975 11.987437 11.977386 11.912500 11.875000
3 11.992481 10.814536 0.000000 11.899750 11.922306 11.937344 11.947369 11.957394 11.944862 11.922500 11.852500
4 12.025126 11.934673 11.914787 0.000000 11.932160 11.763819 11.972362 11.846734 11.904523 11.857500 11.762500
5 12.015076 11.962312 11.924812 11.929648 0.000000 11.969850 11.773870 11.997487 12.002513 11.907500 11.872500
6 12.025126 11.947236 11.937344 11.778894 11.974874 0.000000 11.987437 11.763819 11.954774 11.892500 11.840000
7 12.017588 11.984924 11.952381 11.962312 11.773870 11.989950 0.000000 12.000000 12.000000 11.930000 11.912500
8 12.025126 11.989950 11.964912 11.844221 12.002513 11.776381 12.002513 0.000000 11.997487 11.937500 11.892500
9 12.017588 11.979899 11.947369 11.907035 12.000000 11.947236 12.007538 11.994975 0.000000 11.765000 11.817500
10 11.962500 11.892500 11.925000 11.857500 11.902500 11.887500 11.932500 11.935000 11.755000 0.000000 11.857500
11 11.965000 11.880000 11.855000 11.757500 11.887500 11.857500 11.930000 11.887500 11.835000 11.872500 0.000000
