11
1 0.000000 5.570352 5.528822 5.582914 5.575377 5.542714 5.535176 5.557789 5.527638 5.515000 5.542500
2 5.570352 0.000000 5.511278 5.545226 5.562814 5.467337 5.489950 5.484925 5.452261 5.485000 5.535000
3 5.528822 5.496241 0.000000 5.383459 5.508772 5.185463 5.488722 5.278195 5.461153 5.482500 5.197500
4 5.580402 5.542714 5.380952 0.000000 5.567839 5.409548 5.515075 5.409548 5.507538 5.505000 5.442500
5 5.590452 5.570352 5.523809 5.572865 0.000000 5.542714 5.537688 5.570352 5.547739 5.540000 5.540000
6 5.542714 5.472362 5.177945 5.404522 5.535176 0.000000 5.452261 5.201005 5.452261 5.445000 5.302500
7 5.542714 5.500000 5.498747 5.517588 5.535176 5.454774 0.000000 5.479899 5.484925 4.692500 5.520000
8 5.555276 5.492462 5.270677 5.419598 5.570352 5.201005 5.464824 0.000000 5.449749 5.467500 5.345000
9 5.525126 5.452261 5.456141 5.515075 5.535176 5.447236 5.464824 5.444724 0.000000 5.455000 5.487500
10 5.527500 5.485000 5.497500 5.515000 5.532500 5.467500 4.695000 5.472500 5.470000 0.000000 5.512500
11 5.537500 5.525000 5.200000 5.455000 5.532500 5.305000 5.520000 5.335000 5.482500 5.507500 0.000000
