11
1 0.000000 257.867371 254.522552 258.013275 255.846558 257.591522 257.522552 256.695770 258.562347 257.248016 254.068787
2 257.864716 0.000000 250.374008 254.281174 251.529099 253.774536 254.389923 252.772491 251.859421 250.577835 250.171951
3 254.519897 250.381958 0.000000 249.827591 245.605820 249.769226 250.594162 248.235443 252.909821 251.807388 199.373016
4 258.005310 254.302383 249.854111 0.000000 227.936508 253.607422 254.103455 252.552917 255.970825 254.535614 249.687836
5 255.820099 251.539688 245.600525 227.941803 0.000000 250.648148 251.285721 250.179901 253.412704 252.699203 246.177246
6 257.588867 253.782486 249.779846 253.625992 250.642853 0.000000 248.923080 214.753967 255.710876 254.490768 249.703705
7 257.501312 254.381958 250.570297 254.071625 251.267197 248.891251 0.000000 247.592590 255.954910 254.931396 250.140213
8 256.669312 252.756607 248.227509 252.529099 250.174606 214.748672 247.603180 0.000000 254.716934 254.366760 249.044968
9 258.549072 251.846161 252.896545 255.954910 253.425919 255.697617 255.960205 254.727509 0.000000 215.559372 252.407410
10 257.258575 250.596313 251.812668 254.548813 252.704483 254.514511 254.973618 254.374664 215.572556 0.000000 251.955139
11 254.047623 250.203705 199.378311 249.666672 246.177246 249.701065 250.161377 249.047623 252.425919 251.931396 0.000000
