11
1 0.000000 11.450929 11.106101 11.053050 11.357142 10.954907 10.933687 11.005291 11.196286 11.324538 11.201058
2 11.442971 0.000000 10.933687 10.986737 10.730159 10.957560 10.816977 10.941799 9.527851 11.340369 11.095238
3 11.100796 10.944297 0.000000 10.212201 10.748677 8.628647 9.896552 10.190476 10.493369 10.511873 10.462963
4 11.055703 10.992043 10.212201 0.000000 10.732804 10.106101 9.387268 7.616402 10.472149 10.804749 10.044973
5 11.349206 10.732804 10.748677 10.724868 0.000000 10.722222 10.587301 10.716931 10.211640 11.094987 10.949736
6 10.952254 10.968170 8.628647 10.106101 10.714286 0.000000 9.740053 10.119047 10.501327 10.430079 10.325397
7 10.933687 10.814323 9.893899 9.381963 10.584656 9.737400 0.000000 9.309524 10.355437 10.569921 9.317460
8 11.007936 10.944445 10.193122 7.616402 10.716931 10.116402 9.309524 0.000000 10.455027 10.736148 10.023809
9 11.196286 9.525199 10.493369 10.474801 10.211640 10.503979 10.360743 10.462963 0.000000 10.963060 10.791005
10 11.329815 11.335093 10.509234 10.802111 11.097626 10.427441 10.572559 10.733509 10.968338 0.000000 10.820580
11 11.211640 11.113756 10.462963 10.050264 10.955027 10.338624 9.320106 10.031746 10.796296 10.820580 0.000000
