11
1 0.000000 146.320404 146.177368 151.380951 148.767014 146.731293 149.167801 148.955780 147.467010 148.562286 150.035355
2 147.133224 0.000000 125.932549 134.355820 130.559860 120.288361 130.313660 131.441818 123.391228 131.902359 134.683502
3 146.521957 125.811127 0.000000 133.309128 128.788849 123.097977 121.579391 130.648651 126.457771 130.555557 133.688553
4 151.500000 133.765594 133.739868 0.000000 130.703583 134.246994 137.620346 139.076920 134.822342 131.245789 117.111115
5 149.348633 130.283310 128.890198 130.781937 0.000000 128.742767 133.650848 134.086884 130.253815 126.595963 129.779465
6 146.431976 120.033730 123.096283 134.255569 128.521301 0.000000 128.152542 130.912827 115.737732 129.099319 132.456223
7 149.425430 130.082626 121.334457 136.986435 133.128815 128.167801 0.000000 135.208481 130.949234 134.262619 136.797974
8 150.124146 131.736938 130.366547 139.213669 133.909714 131.261536 135.325424 0.000000 132.580368 134.427612 136.915833
9 147.900162 123.472176 126.353043 135.055832 130.357025 115.551605 131.094757 132.365479 0.000000 131.804718 134.968018
10 148.186874 131.597641 130.713806 131.621216 126.503365 129.119522 133.957916 134.202026 132.011780 0.000000 132.341751
11 151.080811 134.994949 133.607742 117.168350 129.994949 132.730637 137.117844 137.230637 135.013474 132.225586 0.000000
