11
1 0.000000 11.552764 11.408522 11.517588 11.432160 11.402010 11.304020 11.472362 11.364322 11.412500 11.607500
2 11.547739 0.000000 11.280702 11.482412 11.472362 10.982412 11.298995 10.733668 11.198492 11.350000 11.602500
3 11.416040 11.270677 0.000000 11.343358 11.187970 10.904762 11.090225 10.997494 10.130326 11.255000 11.577500
4 11.537688 11.484924 11.320802 0.000000 11.381909 11.314071 11.281407 11.366835 11.341708 11.362500 11.437500
5 11.429648 11.462312 11.195489 11.379397 0.000000 11.233668 10.733668 11.309045 11.190955 10.732500 11.582500
6 11.399497 10.974874 10.889725 11.321608 11.226130 0.000000 11.047739 10.643216 10.763819 11.175000 11.492500
7 11.316583 11.306533 11.082706 11.281407 10.731155 11.050251 0.000000 11.097990 10.942211 10.725000 11.427500
8 11.467337 10.721106 10.989975 11.364322 11.293970 10.638191 11.095477 0.000000 10.959799 11.242500 11.565000
9 11.359297 11.201005 10.112782 11.341708 11.185929 10.766332 10.939698 10.962312 0.000000 11.150000 11.505000
10 11.440000 11.362500 11.257500 11.370000 10.735000 11.190000 10.727500 11.260000 11.150000 0.000000 11.657500
11 11.615000 11.610000 11.572500 11.447500 11.595000 11.502500 11.427500 11.552500 11.495000 11.660000 0.000000
