11
1 0.000000 5.389920 5.442971 5.562334 5.452381 5.636605 5.427056 5.669312 5.625995 5.596306 5.656085
2 5.403183 0.000000 4.989390 5.358090 5.050264 5.291777 4.689655 5.317461 5.482759 5.277045 5.521164
3 5.461538 4.992043 0.000000 5.363395 5.156085 5.424403 4.843501 5.357143 5.464191 5.321900 5.518518
4 5.575597 5.379310 5.366048 0.000000 5.158730 5.572944 5.334218 5.576720 4.350132 5.596306 5.436508
5 5.452381 5.050264 5.129630 5.156085 0.000000 5.441799 5.066138 5.465609 5.201058 5.464380 5.412698
6 5.652520 5.294430 5.424403 5.551724 5.444445 0.000000 5.241379 5.132275 5.610080 5.005277 5.719577
7 5.450928 4.684350 4.843501 5.339522 5.071429 5.246685 0.000000 5.298942 5.371353 5.279684 5.505291
8 5.671957 5.333333 5.357143 5.558201 5.468254 5.129630 5.296296 0.000000 5.624339 4.472295 5.679894
9 5.641910 5.501326 5.469496 4.347480 5.195767 5.618037 5.371353 5.642857 0.000000 5.633245 5.468254
10 5.609499 5.290237 5.316623 5.598945 5.467019 5.005277 5.274406 4.477572 5.638523 0.000000 5.651715
11 5.650794 5.526455 5.507936 5.425926 5.415344 5.722222 5.494709 5.679894 5.470900 5.649076 0.000000
