11
1 0.000000 160.219223 157.287155 159.221085 159.807816 161.153061 159.740677 160.462585 160.659897 157.558929 159.910782
2 160.509277 0.000000 149.414841 154.303543 149.607086 154.767288 149.364243 153.124786 122.097809 148.328278 155.420868
3 156.873306 147.607086 0.000000 148.366547 144.167236 149.935806 144.880066 146.010132 147.581085 121.681816 149.094269
4 159.408157 152.394608 147.844589 0.000000 151.190796 154.854202 151.796616 152.789749 153.708969 147.607742 151.718857
5 159.675171 149.522766 144.315872 152.483810 0.000000 153.613281 144.752548 150.669510 149.172592 143.818176 151.547134
6 161.136047 155.453629 151.008453 155.725555 154.182281 0.000000 153.549149 155.215378 155.912018 149.675079 149.348480
7 158.869492 149.138275 145.152023 151.866104 144.150848 153.247452 0.000000 150.333893 148.678513 144.838379 152.612793
8 159.981293 152.580109 146.452698 153.847870 150.739349 154.211960 150.584747 0.000000 153.020309 145.563980 152.794617
9 160.465317 122.241150 148.711151 154.406097 149.646362 155.952621 149.252121 153.494080 0.000000 147.668350 154.094269
10 156.910782 148.075760 121.989899 147.602692 143.195282 149.858582 144.412460 145.639725 147.122894 0.000000 149.412460
11 159.023575 154.234009 150.035355 152.085861 152.446121 149.720535 153.631317 153.538727 154.313126 149.599319 0.000000
