11
1 0.000000 177.596970 178.570953 178.913269 178.780609 180.498306 179.710175 181.945572 180.150589 179.749161 177.727280
2 179.996628 0.000000 123.519394 152.247894 161.317032 158.895447 165.006744 163.639130 163.168640 163.106064 153.653198
3 178.775345 123.784149 0.000000 153.145264 160.728043 159.341217 166.106415 165.282089 162.442566 163.131317 153.427612
4 180.154755 152.716690 152.966217 0.000000 159.788757 142.471695 164.500000 149.234192 151.551605 152.026932 142.917511
5 179.221085 161.628998 160.542236 158.695053 0.000000 164.461670 144.110168 167.773422 166.522842 165.592590 159.917511
6 181.319733 159.430023 159.364868 142.193832 163.681427 0.000000 167.898300 145.600006 157.976318 157.111115 150.196976
7 179.637283 165.401352 164.851349 163.313553 143.564407 167.479660 0.000000 173.547455 170.773270 170.829971 163.395630
8 182.692184 164.156830 165.261826 149.786331 169.678024 145.584610 172.886444 0.000000 163.184433 163.927612 156.567337
9 181.186127 161.369308 162.402023 151.059219 166.341797 157.614212 170.868027 163.169205 0.000000 148.434341 153.466324
10 182.755890 164.447815 164.375427 153.210434 167.170029 159.025253 172.537033 165.659927 149.205383 0.000000 156.363632
11 179.260941 153.604370 154.090912 142.712128 159.993271 150.070709 163.867004 156.846802 154.058929 154.765991 0.000000
