11
1 0.000000 0.615385 0.604775 0.636605 0.632275 0.623342 0.631300 0.616402 0.641910 0.641161 0.616402
2 0.618037 0.000000 0.604775 0.620690 0.629630 0.636605 0.607427 0.608466 0.612732 0.627968 0.600529
3 0.610080 0.599469 0.000000 0.570292 0.584656 0.586207 0.602122 0.563492 0.618037 0.627968 0.317460
4 0.628647 0.610080 0.570292 0.000000 0.523810 0.618037 0.623342 0.608466 0.641910 0.643799 0.582011
5 0.629630 0.624339 0.582011 0.523810 0.000000 0.608466 0.605820 0.595238 0.632275 0.641161 0.589947
6 0.620690 0.633952 0.591512 0.625995 0.616402 0.000000 0.618037 0.460317 0.641910 0.651715 0.600529
7 0.623342 0.604775 0.604775 0.623342 0.608466 0.618037 0.000000 0.589947 0.641910 0.643799 0.616402
8 0.616402 0.608466 0.566138 0.611111 0.595238 0.460317 0.589947 0.000000 0.629630 0.633245 0.568783
9 0.644562 0.623342 0.612732 0.647215 0.637566 0.641910 0.644562 0.640212 0.000000 0.482850 0.611111
10 0.643799 0.633245 0.627968 0.651715 0.651715 0.659631 0.646438 0.651715 0.485488 0.000000 0.620053
11 0.616402 0.605820 0.317460 0.582011 0.589947 0.597884 0.613757 0.566138 0.613757 0.617414 0.000000
