11
1 0.000000 121.213570 120.551376 121.618088 120.899498 120.293968 120.268845 120.206032 120.655777 119.885002 121.084999
2 121.223618 0.000000 120.152885 121.135681 120.688438 119.806534 119.706032 119.806534 117.816582 119.547501 120.855003
3 120.383461 119.977440 0.000000 117.117798 119.260651 112.586464 118.751877 113.446114 119.085213 118.889999 114.014999
4 121.572861 121.170853 117.197998 0.000000 120.379395 116.517586 120.198494 116.532661 120.273872 119.809998 119.087502
5 120.839195 120.670853 119.375938 120.334167 0.000000 118.796486 119.113068 118.859299 119.987434 119.074997 120.032501
6 120.188438 119.728645 112.671677 116.515076 118.763817 0.000000 118.115578 111.062813 118.623116 118.052498 116.035004
7 120.195976 119.630653 118.824562 120.133163 119.040199 118.105530 0.000000 118.251259 118.650757 102.452499 119.762497
8 120.075378 119.736183 113.478699 116.457283 118.773872 111.082916 118.243721 0.000000 118.577888 118.072502 116.237503
9 120.615578 117.841705 119.213036 120.273872 119.987434 118.668343 118.678391 118.648239 0.000000 118.355003 120.055000
10 119.937500 119.642502 119.057503 119.870003 119.142502 118.199997 102.497498 118.217499 118.442497 0.000000 120.037498
11 121.065002 120.855003 114.107498 119.107498 120.059998 116.105003 119.849998 116.307503 120.047501 119.962502 0.000000
