11
1 0.000000 4.874372 4.776942 4.889447 4.964824 4.934673 4.944724 4.783920 4.859296 4.852500 4.915000
2 4.866834 0.000000 4.380952 4.600502 3.633166 4.620603 3.841709 4.399498 4.231156 4.610000 4.725000
3 4.771930 4.383459 0.000000 3.912281 4.491228 4.080201 4.546366 3.032582 4.478697 4.027500 4.500000
4 4.891960 4.603015 3.912281 0.000000 4.706030 4.221106 4.751256 3.896985 4.665829 4.180000 4.670000
5 4.957286 3.633166 4.493734 4.706030 0.000000 4.716080 3.972362 4.500000 4.407035 4.700000 4.800000
6 4.937186 4.620603 4.080201 4.221106 4.701005 0.000000 4.746231 4.022613 4.753769 3.937500 4.732500
7 4.947236 3.836684 4.548872 4.748744 3.972362 4.751256 0.000000 4.570352 4.386935 4.777500 4.805000
8 4.776382 4.402010 3.030075 3.896985 4.497488 4.020101 4.567839 0.000000 4.469849 3.955000 4.520000
9 4.866834 4.233668 4.478697 4.665829 4.412060 4.753769 4.389447 4.472362 0.000000 4.710000 4.750000
10 4.847500 4.602500 4.025000 4.172500 4.700000 3.937500 4.780000 3.955000 4.707500 0.000000 4.685000
11 4.907500 4.717500 4.500000 4.675000 4.795000 4.735000 4.797500 4.525000 4.745000 4.682500 0.000000
