11
1 0.000000 0.633166 0.636591 0.640703 0.638191 0.633166 0.640703 0.638191 0.643216 0.635000 0.622500
2 0.633166 0.000000 0.624060 0.628141 0.630653 0.575377 0.628141 0.628141 0.630653 0.625000 0.590000
3 0.636591 0.626566 0.000000 0.636591 0.636591 0.616541 0.634085 0.563910 0.639098 0.580000 0.620000
4 0.643216 0.630653 0.641604 0.000000 0.620603 0.625628 0.510050 0.640703 0.525126 0.635000 0.622500
5 0.638191 0.630653 0.639098 0.618090 0.000000 0.630653 0.615578 0.638191 0.623116 0.637500 0.632500
6 0.633166 0.577889 0.616541 0.625628 0.633166 0.000000 0.625628 0.623116 0.625628 0.625000 0.575000
7 0.640703 0.630653 0.634085 0.510050 0.615578 0.628141 0.000000 0.635678 0.462312 0.635000 0.627500
8 0.640703 0.628141 0.561404 0.638191 0.640703 0.620603 0.638191 0.000000 0.638191 0.502500 0.625000
9 0.643216 0.630653 0.634085 0.520100 0.620603 0.628141 0.459799 0.640703 0.000000 0.637500 0.630000
10 0.632500 0.620000 0.577500 0.632500 0.635000 0.625000 0.635000 0.497500 0.635000 0.000000 0.615000
11 0.627500 0.595000 0.620000 0.625000 0.637500 0.570000 0.630000 0.630000 0.630000 0.622500 0.000000
