11
1 0.000000 12.156499 12.042440 12.132626 11.992064 12.021220 11.904510 12.066137 11.960212 12.029024 12.243386
2 12.172414 0.000000 11.912467 12.092838 12.066137 11.559682 11.920424 11.259259 11.787799 11.957784 12.256614
3 12.053050 11.923077 0.000000 11.965517 11.769841 11.506631 11.700265 11.574074 10.668435 11.862797 12.253968
4 12.159151 12.108753 11.973475 0.000000 11.970900 11.938993 11.885942 11.936508 11.957560 11.973615 12.068783
5 12.015873 12.058201 11.764550 11.970900 0.000000 11.798942 11.288360 11.875662 11.732804 11.300792 12.240741
6 12.037135 11.559682 11.509284 11.928382 11.796296 0.000000 11.644563 11.179894 11.342175 11.781003 12.158731
7 11.925730 11.920424 11.702918 11.880636 11.280423 11.644563 0.000000 11.650794 11.509284 11.284961 12.055555
8 12.055555 11.272487 11.568783 11.904762 11.886244 11.171958 11.656085 0.000000 11.494709 11.846966 12.201058
9 11.960212 11.779840 10.668435 11.944297 11.716931 11.355437 11.498673 11.492064 0.000000 11.715039 12.140212
10 12.042216 11.976254 11.862797 11.992085 11.292876 11.807388 11.311346 11.865436 11.754618 0.000000 12.295514
11 12.261905 12.261905 12.253968 12.068783 12.243386 12.148149 12.047619 12.219577 12.153440 12.284961 0.000000
