11
1 0.000000 0.668435 0.668435 0.668435 0.661376 0.665783 0.668435 0.669312 0.668435 0.667546 0.661376
2 0.671088 0.000000 0.636605 0.673740 0.661376 0.663130 0.673740 0.664021 0.665783 0.672823 0.642857
3 0.668435 0.636605 0.000000 0.671088 0.653439 0.655172 0.671088 0.664021 0.660477 0.667546 0.632275
4 0.671088 0.671088 0.673740 0.000000 0.669312 0.671088 0.671088 0.671958 0.671088 0.670185 0.671958
5 0.669312 0.661376 0.656085 0.666667 0.000000 0.664021 0.666667 0.637566 0.669312 0.667546 0.658730
6 0.671088 0.663130 0.657825 0.673740 0.664021 0.000000 0.660477 0.664021 0.655172 0.664908 0.669312
7 0.671088 0.671088 0.673740 0.668435 0.666667 0.663130 0.000000 0.666667 0.671088 0.664908 0.671958
8 0.669312 0.661376 0.664021 0.661376 0.632275 0.664021 0.664021 0.000000 0.664021 0.667546 0.664021
9 0.671088 0.663130 0.657825 0.668435 0.669312 0.647215 0.671088 0.664021 0.000000 0.662269 0.671958
10 0.670185 0.672823 0.667546 0.672823 0.670185 0.664908 0.667546 0.670185 0.664908 0.000000 0.667546
11 0.666667 0.648148 0.634921 0.674603 0.661376 0.669312 0.674603 0.669312 0.674603 0.670185 0.000000
