11
1 0.000000 128.072510 129.652023 130.302719 130.243195 131.081635 129.794922 130.318024 129.357025 129.215485 129.542084
2 127.973015 0.000000 119.723442 119.332207 119.696457 120.716698 119.694771 119.401352 119.276558 119.079124 119.461281
3 129.560806 119.655983 0.000000 121.876686 104.893578 122.133446 120.876686 121.831078 120.775337 121.186867 106.601013
4 130.323135 119.489037 121.717903 0.000000 122.846680 124.284737 121.520340 110.909401 120.952621 106.646461 121.237373
5 130.484695 119.676224 104.908783 122.809196 0.000000 123.431007 121.374573 123.109032 120.829102 121.321548 106.873741
6 130.591843 119.947723 121.425674 123.403084 122.453148 0.000000 116.938980 123.193161 114.345177 121.008415 120.786194
7 129.864410 119.539627 120.736488 121.527115 121.394913 117.640678 0.000000 121.662712 115.764809 120.833336 120.441078
8 130.352036 119.529510 122.155403 110.988037 123.209541 123.883759 121.615257 0.000000 121.451775 109.390572 121.161613
9 129.316406 119.124786 120.903717 121.182739 120.830795 115.113365 115.749580 121.196274 0.000000 120.335014 120.085861
10 128.964645 119.037041 121.111115 106.540405 121.164986 121.619530 120.506737 109.163300 120.223907 0.000000 121.072388
11 128.956223 119.274414 106.414139 120.909088 106.681816 121.587540 120.207069 121.116165 120.089226 120.949493 0.000000
