11
1 0.000000 8.413154 8.802365 9.056123 8.937075 9.108844 9.066102 8.874149 8.873096 8.829967 8.663300
2 8.524452 0.000000 7.802698 7.915683 7.880270 7.856661 7.989882 7.736931 7.596964 7.855219 7.163300
3 8.711148 7.657673 0.000000 7.560811 5.714527 8.435811 8.405405 6.136824 8.126689 6.732323 8.070707
4 8.988095 7.854975 7.652027 0.000000 7.586030 8.756433 8.815254 7.471795 8.270727 7.722222 8.154882
5 9.051021 7.866779 5.716216 7.688245 0.000000 8.420784 8.561017 6.235094 8.282572 6.850168 8.141414
6 9.100340 7.858347 8.320946 8.813036 8.417377 0.000000 6.227118 8.557265 8.575296 8.690236 8.267676
7 9.098305 7.846543 8.457770 8.705085 8.537288 6.266102 0.000000 8.423729 8.592216 8.545455 8.250842
8 8.935374 7.718381 6.155406 7.482051 6.201022 8.492308 8.438983 0.000000 8.138748 6.678451 8.043771
9 8.912014 7.487352 8.038852 8.296108 8.203046 8.448393 8.406092 8.069374 0.000000 8.279461 7.833333
10 8.824916 7.754209 6.685185 7.688552 6.759259 8.505051 8.404040 6.702020 8.279461 0.000000 8.132997
11 8.675084 7.092593 7.920876 7.956229 7.964646 8.173401 8.126263 7.909091 7.814815 8.025252 0.000000
