11
1 0.000000 4.836425 4.831081 4.806122 4.748299 4.824830 4.872881 4.802721 4.737733 4.764310 4.712121
2 4.836425 0.000000 4.913997 4.865093 4.824621 4.892074 4.944351 4.792580 4.826307 4.833333 4.818182
3 4.827703 4.908937 0.000000 4.856419 4.795608 4.869933 4.711149 4.859797 4.785473 4.833333 4.779461
4 4.814626 4.871838 4.866554 0.000000 4.788756 4.881647 4.898305 4.866667 4.774958 4.786195 4.744108
5 4.746599 4.814503 4.792230 4.775128 0.000000 4.797274 4.825424 4.797274 4.708968 4.718855 4.681818
6 4.829932 4.887015 4.875000 4.867925 4.798978 0.000000 4.911864 4.876923 4.783418 4.801347 4.762626
7 4.881356 4.946037 4.724662 4.900000 4.845763 4.918644 0.000000 4.906780 4.837564 4.868687 4.811448
8 4.812925 4.795953 4.873311 4.866667 4.814310 4.882051 4.910170 0.000000 4.785110 4.786195 4.762626
9 4.749577 4.829679 4.802365 4.774958 4.720812 4.790186 4.837564 4.785110 0.000000 4.750842 4.691919
10 4.764310 4.829967 4.836700 4.772727 4.723906 4.804714 4.860270 4.777778 4.740741 0.000000 4.725589
11 4.715488 4.813131 4.787879 4.737374 4.686869 4.769360 4.804714 4.752525 4.686869 4.725589 0.000000
