11
1 0.000000 12.551724 12.572945 12.578249 12.547619 12.551724 12.562334 12.515873 12.570292 12.509234 12.526455
2 12.543767 0.000000 12.297082 12.270557 12.177249 12.241380 12.212201 12.198413 12.331565 12.332454 12.195767
3 12.575597 12.315650 0.000000 12.267904 11.380953 12.257295 12.297082 12.267196 12.405835 12.350924 12.251323
4 12.575597 12.259947 12.254642 0.000000 12.179894 11.718833 11.795756 11.798942 12.350133 12.306068 11.838624
5 12.547619 12.171958 11.378307 12.185185 0.000000 12.156085 12.235450 12.195767 12.330688 12.290237 12.214286
6 12.557029 12.267904 12.257295 11.734748 12.169312 0.000000 10.562334 10.539682 12.344828 12.269130 10.740741
7 12.562334 12.222812 12.307693 11.806366 12.238095 10.562334 0.000000 9.156085 12.328913 12.263852 10.015873
8 12.518518 12.201058 12.256614 11.806878 12.190476 10.534391 9.156085 0.000000 12.275132 12.242744 10.095238
9 12.564987 12.344828 12.411140 12.352785 12.346560 12.342175 12.334217 12.280423 0.000000 11.691293 12.291005
10 12.509234 12.321899 12.358839 12.313984 12.284961 12.255937 12.258575 12.229551 11.686016 0.000000 12.255937
11 12.523809 12.203704 12.235450 11.849206 12.219577 10.740741 10.021164 10.095238 12.291005 12.263852 0.000000
