11
1 0.000000 0.596817 0.591512 0.591512 0.603175 0.610080 0.594164 0.613757 0.602122 0.575198 0.595238
2 0.599469 0.000000 0.517241 0.501326 0.521164 0.567639 0.522546 0.537037 0.557029 0.540897 0.537037
3 0.594164 0.519894 0.000000 0.535809 0.330688 0.586207 0.549072 0.563492 0.543767 0.543536 0.399471
4 0.596817 0.501326 0.543767 0.000000 0.544974 0.602122 0.564987 0.425926 0.575597 0.364116 0.566138
5 0.600529 0.518519 0.330688 0.544974 0.000000 0.574074 0.555556 0.566138 0.552910 0.540897 0.370370
6 0.602122 0.564987 0.580902 0.596817 0.574074 0.000000 0.519894 0.608466 0.519894 0.577836 0.576720
7 0.594164 0.522546 0.554377 0.564987 0.560847 0.519894 0.000000 0.589947 0.472149 0.546174 0.550265
8 0.608466 0.539683 0.563492 0.423280 0.568783 0.611111 0.589947 0.000000 0.589947 0.461741 0.579365
9 0.602122 0.554377 0.543767 0.570292 0.552910 0.519894 0.472149 0.589947 0.000000 0.546174 0.552910
10 0.572559 0.538259 0.548813 0.361478 0.540897 0.575198 0.546174 0.461741 0.543536 0.000000 0.554090
11 0.603175 0.539683 0.396825 0.566138 0.370370 0.579365 0.550265 0.584656 0.555556 0.556728 0.000000
