11
1 0.000000 115.474876 115.952377 116.492462 116.243721 116.351761 116.077888 116.228645 115.869347 115.597504 115.637497
2 115.454773 0.000000 109.631577 109.708542 109.979897 110.856781 109.650757 109.231155 109.570351 108.885002 109.129997
3 116.025063 109.669174 0.000000 111.744362 87.794487 111.764412 110.596489 111.401001 110.854637 111.214996 91.157501
4 116.512566 109.723618 111.736839 0.000000 112.130653 112.711052 111.449745 96.824120 111.248741 91.820000 111.017502
5 116.243721 110.005028 87.786964 112.115578 0.000000 112.228645 110.907036 111.731155 111.178391 111.315002 91.474998
6 116.369347 110.758797 111.679199 112.665833 112.198494 0.000000 106.773872 112.165833 104.027641 111.592499 111.099998
7 116.148239 109.618088 110.583961 111.434677 110.902008 106.844223 0.000000 111.052765 105.384422 110.614998 110.080002
8 116.221107 109.188438 111.390976 96.804024 111.743721 112.218590 111.005028 0.000000 110.944725 95.942497 110.690002
9 115.896988 109.570351 110.837090 111.216080 111.195976 104.108040 105.359299 110.919601 0.000000 110.597504 110.167503
10 115.662498 108.907501 111.224998 91.845001 111.320000 111.732498 110.652496 95.987503 110.622498 0.000000 110.750000
11 115.667503 109.175003 91.129997 111.032501 91.467499 111.157501 110.057503 110.680000 110.122498 110.742500 0.000000
