11
1 0.000000 5.941645 5.952255 5.941645 5.957672 5.960212 5.936339 5.925926 5.954907 5.936676 5.915344
2 5.941645 0.000000 5.838196 5.612732 5.764550 5.848806 5.713528 4.820106 5.795756 5.823219 5.806878
3 5.949602 5.816976 0.000000 5.822281 5.576720 5.623342 5.809019 5.817461 5.657825 5.649076 5.653439
4 5.941645 5.607427 5.822281 0.000000 5.801587 5.801061 5.716180 5.621693 5.795756 5.812665 5.814815
5 5.952381 5.764550 5.592593 5.817461 0.000000 5.600529 5.761905 5.769841 5.312169 5.598945 5.637566
6 5.965517 5.854111 5.625995 5.809019 5.597884 0.000000 5.824934 5.833333 5.641910 5.598945 5.402116
7 5.936339 5.700265 5.814323 5.716180 5.753968 5.814323 0.000000 5.695767 5.798409 5.770449 5.785714
8 5.912698 4.814815 5.822752 5.637566 5.775132 5.851852 5.698413 0.000000 5.796296 5.831135 5.822752
9 5.949602 5.801061 5.657825 5.803713 5.320106 5.649868 5.801061 5.791005 0.000000 5.564644 5.624339
10 5.931398 5.823219 5.656992 5.817942 5.604222 5.596306 5.781003 5.823219 5.559367 0.000000 5.527705
11 5.915344 5.820106 5.648148 5.812169 5.637566 5.407407 5.806878 5.825397 5.621693 5.530343 0.000000
