11
1 0.000000 12.620689 12.620689 12.623343 12.597883 12.623343 12.633952 12.582010 12.623343 12.564644 12.582010
2 12.623343 0.000000 12.570292 12.615385 12.574074 12.448276 12.596817 12.529100 12.435013 12.540897 12.547619
3 12.625995 12.570292 0.000000 12.588860 12.526455 12.567639 12.543767 12.484127 12.612732 12.540897 12.452381
4 12.628647 12.618037 12.591512 0.000000 12.293651 12.591512 12.082228 12.425926 12.623343 12.546174 12.462963
5 12.595238 12.550264 12.521164 12.275132 0.000000 12.534391 12.306878 12.441799 12.579365 12.540897 12.457672
6 12.618037 12.442971 12.572945 12.588860 12.534391 0.000000 12.588860 12.521164 12.575597 12.482850 12.542328
7 12.631300 12.580902 12.527851 12.082228 12.306878 12.596817 0.000000 12.433863 12.628647 12.554090 12.404762
8 12.579365 12.526455 12.486773 12.433863 12.444445 12.523809 12.452381 0.000000 12.558201 12.532982 12.322751
9 12.618037 12.427055 12.615385 12.623343 12.579365 12.572945 12.628647 12.558201 0.000000 12.569921 12.566137
10 12.559367 12.543535 12.535620 12.546174 12.540897 12.488127 12.554090 12.535620 12.569921 0.000000 12.543535
11 12.579365 12.534391 12.468254 12.478836 12.465609 12.558201 12.428572 12.322751 12.571428 12.546174 0.000000
