11
1 0.000000 11.866835 11.849624 11.819096 11.859297 11.834171 11.831658 11.881909 11.861809 11.805000 11.837500
2 11.864322 0.000000 11.837092 11.741206 11.251256 11.718593 11.836683 11.809045 11.756282 11.295000 11.815000
3 11.847117 11.829574 0.000000 11.786967 11.832080 11.756892 11.619047 11.516291 11.769423 11.795000 11.795000
4 11.811558 11.723619 11.779449 0.000000 11.680904 11.625628 11.701005 11.708543 11.603015 11.672500 11.670000
5 11.861809 11.251256 11.832080 11.695980 0.000000 11.736181 11.806533 11.849246 11.726130 11.285000 11.792500
6 11.844221 11.733668 11.776942 11.648241 11.743718 0.000000 11.716081 11.733668 11.711055 11.652500 11.677500
7 11.846734 11.841708 11.631579 11.726130 11.801508 11.711055 0.000000 11.479899 11.748744 11.740000 11.727500
8 11.879397 11.804020 11.521303 11.728643 11.836683 11.718593 11.474874 0.000000 11.721106 11.727500 11.717500
9 11.866835 11.746231 11.779449 11.625628 11.733668 11.701005 11.743718 11.728643 0.000000 11.712500 11.735000
10 11.800000 11.277500 11.800000 11.697500 11.285000 11.645000 11.740000 11.710000 11.710000 0.000000 11.755000
11 11.852500 11.815000 11.805000 11.680000 11.802500 11.670000 11.737500 11.735000 11.725000 11.765000 0.000000
