11
1 0.000000 124.822281 123.954910 124.273209 124.066139 124.583557 124.530502 124.216934 124.716179 123.282318 124.206352
2 124.819626 0.000000 121.432358 122.915123 121.171959 123.236076 121.718834 122.351852 105.737404 120.715042 122.830688
3 123.960213 121.437668 0.000000 121.989388 120.063492 121.803711 120.689651 120.589951 121.153847 107.432716 121.507935
4 124.286469 122.928383 121.978783 0.000000 122.169312 122.801064 122.610077 122.412697 122.896553 121.234825 122.417992
5 124.066139 121.182541 120.074074 122.164024 0.000000 122.288361 119.735451 121.605820 121.095238 119.675461 122.306877
6 124.594162 123.233421 121.806366 122.824936 122.283066 0.000000 122.657822 122.706352 123.156502 121.229553 121.216934
7 124.527855 121.732094 120.692307 122.602119 119.724869 122.633949 0.000000 121.949738 121.503983 119.878632 122.301590
8 124.222221 122.349205 120.603172 122.412697 121.616402 122.716934 121.957672 0.000000 122.301590 120.155670 122.478836
9 124.724136 105.724136 121.159149 122.915123 121.111115 123.177719 121.506630 122.306877 0.000000 120.353561 122.878304
10 123.277046 120.704483 107.419525 121.240105 119.667549 121.221634 119.878632 120.126648 120.332451 0.000000 121.248024
11 124.198410 122.828041 121.500000 122.404762 122.296295 121.206352 122.298943 122.478836 122.875664 121.242744 0.000000
