11
1 0.000000 0.641910 0.652520 0.657825 0.645503 0.644562 0.633952 0.648148 0.633952 0.646438 0.642857
2 0.636605 0.000000 0.633952 0.639257 0.629630 0.618037 0.641910 0.624339 0.612732 0.641161 0.637566
3 0.657825 0.647215 0.000000 0.644562 0.634921 0.588859 0.631300 0.595238 0.631300 0.646438 0.566138
4 0.655172 0.639257 0.644562 0.000000 0.648148 0.649867 0.644562 0.632275 0.633952 0.643799 0.640212
5 0.648148 0.637566 0.632275 0.640212 0.000000 0.626984 0.621693 0.632275 0.626984 0.641161 0.632275
6 0.649867 0.631300 0.588859 0.652520 0.629630 0.000000 0.647215 0.592593 0.628647 0.633245 0.579365
7 0.633952 0.649867 0.625995 0.647215 0.624339 0.639257 0.000000 0.637566 0.625995 0.474934 0.634921
8 0.648148 0.634921 0.595238 0.632275 0.632275 0.592593 0.632275 0.000000 0.613757 0.627968 0.597884
9 0.631300 0.607427 0.625995 0.633952 0.619048 0.623342 0.615385 0.611111 0.000000 0.620053 0.624339
10 0.646438 0.651715 0.646438 0.649077 0.643799 0.633245 0.477573 0.630607 0.625330 0.000000 0.641161
11 0.645503 0.645503 0.568783 0.637566 0.634921 0.582011 0.634921 0.603175 0.626984 0.638522 0.000000
