11
1 0.000000 19.350132 19.543766 19.633953 19.727512 19.151194 19.721485 19.539682 19.413794 19.258575 19.738094
2 19.358089 0.000000 18.437666 19.214853 18.121693 18.477453 18.557030 17.156084 18.795755 18.712400 18.071428
3 19.533157 18.427055 0.000000 19.289125 18.761906 18.718832 15.350133 18.634920 18.883289 18.828497 18.751324
4 19.639257 19.220160 19.289125 0.000000 19.592592 17.482759 19.466843 19.291006 16.265251 15.841689 19.534391
5 19.727512 18.113756 18.767197 19.600529 0.000000 19.074074 18.896826 18.473545 19.269842 19.168865 15.841269
6 19.151194 18.480106 18.724138 17.480106 19.068783 0.000000 18.870026 18.724867 16.957560 16.804749 19.002645
7 19.716181 18.543766 15.352785 19.466843 18.891535 18.867374 0.000000 18.833334 19.092838 19.015831 18.870371
8 19.547619 17.150793 18.642857 19.291006 18.476191 18.730158 18.841270 0.000000 19.126984 18.941952 18.481482
9 19.419098 18.798409 18.891247 16.262600 19.272488 16.960213 19.100796 19.126984 0.000000 15.559367 19.238094
10 19.263853 18.715040 18.825857 15.836411 19.166227 16.804749 19.013193 18.934036 15.556728 0.000000 19.084433
11 19.746031 18.068783 18.759260 19.526455 15.843915 19.010582 18.873016 18.478836 19.235449 19.084433 0.000000
