11
1 0.000000 25.366047 25.405836 25.342175 25.338625 25.244032 25.328913 25.246031 25.302387 25.292875 25.346561
2 25.368700 0.000000 25.413794 25.095491 23.920635 25.063660 25.230770 25.312170 25.122015 23.981531 25.304234
3 25.413794 25.419098 0.000000 25.217506 25.346561 25.310345 24.989389 24.746031 25.238728 25.303431 25.407408
4 25.331566 25.082228 25.214853 0.000000 25.095238 24.925730 25.039787 25.111111 24.846153 24.883905 25.047619
5 25.349207 23.931217 25.338625 25.089947 0.000000 25.087301 25.227512 25.246031 25.142857 24.284960 25.230158
6 25.257294 25.074270 25.305040 24.931034 25.084656 0.000000 25.045094 25.060846 24.970821 24.997362 24.952381
7 25.326260 25.238728 25.000000 25.061008 25.227512 25.039787 0.000000 24.822752 25.140583 25.142481 25.248676
8 25.246031 25.312170 24.748676 25.113756 25.227512 25.058201 24.812170 0.000000 25.071428 25.197889 25.269842
9 25.302387 25.124668 25.233421 24.854111 25.142857 24.992043 25.129974 25.060846 0.000000 25.000000 25.105820
10 25.306068 23.978891 25.298153 24.873350 24.290237 24.981531 25.137203 25.192612 24.997362 0.000000 25.216358
11 25.341270 25.314816 25.396826 25.052910 25.243385 24.952381 25.246031 25.285715 25.100529 25.218998 0.000000
