11
1 0.000000 21.261307 21.085213 21.316584 21.148241 21.198492 21.361809 21.304020 21.092964 21.077499 21.389999
2 21.286432 0.000000 19.799500 20.944723 16.791458 19.997488 20.896984 19.128141 20.535175 20.757500 20.465000
3 21.092731 19.804512 0.000000 20.724310 19.699247 17.889725 20.759399 19.914787 20.451128 20.652500 20.469999
4 21.316584 20.947237 20.716791 0.000000 20.788944 20.902010 18.497488 21.002512 20.336683 20.559999 21.067499
5 21.153267 16.788944 19.691729 20.798994 0.000000 20.007538 20.806532 19.077890 20.409548 20.639999 20.357500
6 21.193468 19.984924 17.879700 20.894472 20.007538 0.000000 20.894472 20.150753 20.751257 20.780001 20.562500
7 21.376884 20.889448 20.759399 18.494974 20.806532 20.902010 0.000000 21.052763 20.306532 20.657499 21.087500
8 21.291458 19.138191 19.904762 21.007538 19.077890 20.155779 21.037689 0.000000 20.625628 20.837500 20.555000
9 21.090452 20.540201 20.438597 20.334171 20.432161 20.743719 20.309046 20.625628 0.000000 19.442499 20.865000
10 21.082500 20.750000 20.635000 20.557501 20.629999 20.775000 20.637501 20.847500 19.445000 0.000000 21.145000
11 21.389999 20.462500 20.465000 21.072500 20.372499 20.559999 21.092501 20.555000 20.860001 21.147499 0.000000
