11
1 0.000000 131.251984 131.435013 131.432358 131.124344 131.167114 131.339523 131.082016 131.405838 130.815308 130.994705
2 131.244034 0.000000 129.864716 130.596817 130.256607 123.530502 130.535812 129.362427 130.530502 129.224274 124.510582
3 131.437668 129.883286 0.000000 130.809021 130.544968 129.543762 130.877991 122.470901 130.888596 122.651718 129.534393
4 131.413788 130.591507 130.795761 0.000000 127.854500 130.427063 110.872681 130.296295 111.427055 130.031662 130.182541
5 131.113754 130.243393 130.529099 127.849205 0.000000 130.227509 128.119049 130.433868 128.476196 130.189972 130.235443
6 131.172409 123.519897 129.535812 130.413788 130.219574 0.000000 130.368698 129.026459 130.427063 128.712402 122.944443
7 131.339523 130.551727 130.862076 110.888596 128.126984 130.389923 0.000000 130.341263 108.551727 130.134567 130.211639
8 131.071426 129.338623 122.470901 130.296295 130.428574 129.015869 130.343918 0.000000 130.375656 113.532982 129.343918
9 131.400528 130.522552 130.867371 111.440315 128.470901 130.416443 108.541115 130.370377 0.000000 130.065964 130.259262
10 130.815308 129.229553 122.670181 130.052765 130.216354 128.709763 130.163589 113.538261 130.068604 0.000000 129.176788
11 130.989410 124.494705 129.513229 130.169312 130.230164 122.939156 130.201065 129.354492 130.248672 129.155670 0.000000
