11
1 0.000000 24.758621 24.798409 24.962864 24.738094 24.732096 24.880636 24.944445 24.936340 24.649076 24.791006
2 24.763926 0.000000 24.347481 24.615385 24.203703 24.068966 24.445623 24.425926 24.450928 24.192612 24.335979
3 24.793104 24.339523 0.000000 24.708223 24.103174 23.859417 23.694960 24.375662 23.649868 23.044855 23.605820
4 24.973475 24.615385 24.702917 0.000000 24.396826 24.419098 24.755968 24.767197 24.761272 24.588390 24.698412
5 24.743385 24.203703 24.105820 24.394180 0.000000 23.370371 24.119047 24.486773 24.074074 23.970976 24.169312
6 24.732096 24.071617 23.864721 24.424402 23.367725 0.000000 24.047745 24.140211 24.045094 23.746702 24.015873
7 24.875332 24.442970 23.700266 24.753315 24.119047 24.047745 0.000000 24.640211 19.851460 23.891821 24.058201
8 24.944445 24.420635 24.386244 24.764551 24.476191 24.119047 24.642857 0.000000 24.624338 24.395779 24.521164
9 24.920424 24.461538 23.663130 24.761272 24.076719 24.042440 19.867374 24.626984 0.000000 23.862797 24.089947
10 24.659630 24.197889 23.055408 24.575197 23.960423 23.744062 23.886543 24.408972 23.860159 0.000000 22.812664
11 24.798943 24.341270 23.626984 24.685184 24.166666 24.018518 24.058201 24.539682 24.087301 22.794195 0.000000
