11
1 0.000000 4.301855 4.327703 4.425170 4.353742 4.369048 4.289831 4.360544 4.301185 4.340067 4.292929
2 4.315346 0.000000 3.752108 4.086003 3.833052 3.596965 3.942664 3.763912 3.677909 3.723906 3.727273
3 4.334459 3.767285 0.000000 4.236486 4.128378 4.057433 4.006757 3.652027 3.297297 3.898990 3.506734
4 4.425170 4.129848 4.221284 0.000000 4.282794 4.308748 4.123729 4.246154 4.159052 4.191919 4.161616
5 4.355442 3.843170 4.096284 4.296422 0.000000 4.073254 3.959322 4.034071 4.040609 4.042088 3.823232
6 4.357143 3.622260 4.030406 4.301887 4.042590 0.000000 4.022034 4.029060 3.827411 3.462963 3.836700
7 4.301695 3.973019 4.008446 4.154237 3.910170 4.072881 0.000000 4.025424 3.864636 4.023569 3.905724
8 4.379251 3.779089 3.655406 4.259829 3.996593 4.064957 3.983051 0.000000 3.570220 3.962963 3.604377
9 4.301185 3.693086 3.342906 4.150592 4.020305 3.839256 3.852792 3.517766 0.000000 3.772727 3.500000
10 4.328283 3.717172 4.003367 4.228956 4.023569 3.439394 4.011785 3.942761 3.855219 0.000000 3.762626
11 4.264310 3.700337 3.547138 4.097643 3.828283 3.845118 3.880471 3.582492 3.473064 3.776094 0.000000
