11
1 0.000000 249.419601 248.669174 249.276382 249.291458 248.746231 249.454773 248.959793 249.243713 248.037506 248.142502
2 249.429642 0.000000 245.115295 245.972366 246.507538 247.070358 235.138184 247.708542 246.366837 244.547501 244.882507
3 248.556396 244.997498 0.000000 240.914780 245.220551 246.210526 245.784454 246.696747 245.325821 239.497498 233.552505
4 249.080399 245.768845 240.862152 0.000000 245.836685 246.512558 246.304016 247.060303 245.665833 221.839996 240.512497
5 249.060303 246.243713 245.117798 245.791458 0.000000 246.572861 246.703522 247.211060 237.223618 244.242493 244.832504
6 248.718597 247.057785 246.308273 246.701004 246.809052 0.000000 247.585434 236.788940 246.811554 245.220001 245.639999
7 249.206024 234.902008 245.629074 246.226135 246.675873 247.329147 0.000000 247.718597 246.494980 244.952499 245.237503
8 248.711060 247.444717 246.619049 247.037689 247.216080 236.577896 247.726135 0.000000 247.233673 245.669998 245.862503
9 249.341705 246.462311 245.581451 245.934677 237.512558 246.947235 246.831665 247.520096 0.000000 244.654999 244.862503
10 247.904999 244.440002 239.494995 221.910004 244.332504 245.157501 245.065002 245.757507 244.445007 0.000000 239.820007
11 247.929993 244.720001 233.522507 240.535004 244.919998 245.514999 245.380005 245.970001 244.642502 239.807495 0.000000
