11
1 0.000000 171.767288 173.505066 176.370743 176.341843 172.406464 174.591522 174.551025 175.140442 172.937714 170.601013
2 172.300171 0.000000 157.468796 163.475555 164.802704 134.463745 163.290054 156.827988 164.276566 156.952866 137.343430
3 173.219589 157.505905 0.000000 165.513519 166.160477 155.611481 165.488174 133.368240 166.008453 133.031982 156.234009
4 177.578232 164.116364 166.653717 0.000000 151.265762 164.440826 120.466103 167.170944 121.377327 165.271042 162.274414
5 176.726196 165.251266 167.081085 150.843277 0.000000 163.868820 150.798309 168.039185 150.790192 166.345123 164.030304
6 172.137756 135.080948 155.011826 163.852493 164.088593 0.000000 161.518646 156.237610 161.991547 154.784515 133.506729
7 176.877960 163.661041 167.109802 120.450844 150.610168 163.079666 0.000000 166.659317 119.245346 166.042084 163.225586
8 175.112244 157.389542 133.295609 168.160690 168.678024 156.928207 165.589828 0.000000 165.504227 122.784515 155.944443
9 177.221664 164.418213 166.302368 121.316414 151.164124 162.598984 119.451775 166.631134 0.000000 166.151520 163.020203
10 173.134674 156.722229 132.695282 164.441071 165.436020 155.208755 164.575760 122.572388 164.195282 0.000000 156.750839
11 171.417511 137.368683 157.109421 162.112793 163.846802 133.262619 162.104370 156.451172 163.447815 156.316498 0.000000
