11
1 0.000000 11.804020 11.756892 11.778894 11.798995 11.814071 11.811558 11.796482 11.814071 11.715000 11.727500
2 11.798995 0.000000 11.588972 11.685929 11.605528 11.751256 11.653266 11.716081 10.286432 11.547500 11.687500
3 11.756892 11.604010 0.000000 11.649123 11.556391 11.614035 11.541353 11.558897 11.591478 10.335000 11.577500
4 11.776381 11.690955 11.646617 0.000000 11.688442 11.713568 11.678392 11.688442 11.693467 11.560000 11.607500
5 11.796482 11.605528 11.556391 11.695980 0.000000 11.658292 11.522614 11.655779 11.630653 11.527500 11.647500
6 11.798995 11.738693 11.611528 11.713568 11.660804 0.000000 11.718593 11.690955 11.723619 11.557500 11.575000
7 11.806533 11.660804 11.543859 11.675879 11.532663 11.716081 0.000000 11.678392 11.663317 11.485000 11.622500
8 11.788945 11.711055 11.548872 11.688442 11.635678 11.673367 11.660804 0.000000 11.716081 11.477500 11.645000
9 11.804020 10.296482 11.596491 11.690955 11.628140 11.736181 11.653266 11.713568 0.000000 11.552500 11.672500
10 11.715000 11.555000 10.327500 11.560000 11.530000 11.565000 11.487500 11.472500 11.550000 0.000000 11.562500
11 11.722500 11.697500 11.582500 11.627500 11.655000 11.585000 11.630000 11.652500 11.685000 11.570000 0.000000
