11
1 0.000000 263.599457 264.342163 264.612732 263.912689 264.021210 264.636597 263.777771 264.289124 263.332458 263.529114
2 263.615387 0.000000 262.755981 263.718842 262.656097 260.830231 263.580902 261.767181 259.681702 262.303436 262.039673
3 264.347473 262.740051 0.000000 262.907166 261.690491 262.673737 262.888580 260.378296 263.766571 262.831146 260.441803
4 264.612732 263.705566 262.899200 0.000000 255.486771 263.344818 250.883286 259.775146 264.299744 263.081787 259.873016
5 263.904755 262.632263 261.671967 255.494705 0.000000 262.457672 254.119049 258.970886 263.314819 263.058044 258.764557
6 264.023865 260.830231 262.671082 263.336884 262.452393 0.000000 263.445618 261.756622 263.135284 260.609497 262.029114
7 264.644562 263.551727 262.872681 250.893906 254.121689 263.435028 0.000000 259.253967 264.148529 263.150391 260.224854
8 263.791016 261.777771 260.365082 259.793640 258.994720 261.764557 259.269836 0.000000 263.029114 262.812653 256.063507
9 264.312988 259.681702 263.771881 264.323608 263.320099 263.140594 264.180359 263.047607 0.000000 263.029022 263.195770
10 263.319275 262.279694 262.823212 263.092346 263.055420 260.601593 263.139832 262.804749 263.015839 0.000000 262.773102
11 263.523804 262.031738 260.444458 259.880951 258.772491 262.034393 260.222229 256.058197 263.182526 262.770447 0.000000
