11
1 0.000000 0.663130 0.668435 0.671088 0.664021 0.663130 0.671088 0.666667 0.671088 0.664908 0.653439
2 0.668435 0.000000 0.660477 0.660477 0.666667 0.604775 0.663130 0.656085 0.665783 0.651715 0.629630
3 0.668435 0.660477 0.000000 0.665783 0.671958 0.657825 0.668435 0.597884 0.671088 0.614776 0.650794
4 0.673740 0.665783 0.671088 0.000000 0.650794 0.660477 0.538462 0.669312 0.562334 0.672823 0.661376
5 0.666667 0.664021 0.669312 0.650794 0.000000 0.664021 0.653439 0.666667 0.656085 0.667546 0.664021
6 0.665783 0.599469 0.655172 0.660477 0.664021 0.000000 0.660477 0.645503 0.657825 0.649077 0.600529
7 0.673740 0.665783 0.671088 0.541114 0.653439 0.663130 0.000000 0.669312 0.482759 0.672823 0.658730
8 0.669312 0.658730 0.597884 0.669312 0.669312 0.658730 0.669312 0.000000 0.669312 0.519789 0.653439
9 0.671088 0.663130 0.671088 0.564987 0.648148 0.657825 0.485411 0.669312 0.000000 0.667546 0.658730
10 0.667546 0.654354 0.612137 0.667546 0.664908 0.654354 0.667546 0.519789 0.667546 0.000000 0.646438
11 0.664021 0.634921 0.656085 0.661376 0.666667 0.613757 0.661376 0.653439 0.661376 0.651715 0.000000
