11
1 0.000000 17.558178 17.550676 17.544218 17.479591 17.637754 17.457626 17.593538 17.539762 17.323233 17.473064
2 17.593592 0.000000 16.047218 17.418213 17.376055 17.500843 17.495785 17.411467 17.512648 17.351852 15.860270
3 17.493244 15.994941 0.000000 17.368244 17.439190 17.510136 17.451014 17.393581 17.554054 17.309765 14.927609
4 17.494898 17.414841 17.412163 0.000000 16.809198 17.715265 17.369492 17.030769 17.538071 17.181818 17.380472
5 17.455782 17.342327 17.456081 16.844975 0.000000 17.594549 17.262712 15.328791 17.456852 17.000000 17.340067
6 17.630953 17.548061 17.547297 17.734135 17.606474 0.000000 17.493221 17.781197 15.346869 17.205387 17.436028
7 17.364407 17.465429 17.423986 17.361017 17.235594 17.481356 0.000000 17.335592 17.446701 16.415825 17.360270
8 17.501701 17.303541 17.396959 17.145300 15.303237 17.757265 17.308475 0.000000 17.548223 17.037037 17.360270
9 17.489002 17.576729 17.591217 17.480541 17.453468 15.257192 17.450085 17.539762 0.000000 17.259260 17.479797
10 17.254210 17.377104 17.447811 17.171717 16.954546 17.255892 16.420876 17.122896 17.311447 0.000000 17.380472
11 17.508417 15.846802 14.981482 17.427608 17.363636 17.557240 17.456228 17.400673 17.555555 17.367002 0.000000
