11
1 0.000000 0.580902 0.633952 0.623342 0.587302 0.610080 0.631300 0.608466 0.610080 0.635884 0.621693
2 0.580902 0.000000 0.575597 0.599469 0.515873 0.583554 0.607427 0.582011 0.440318 0.622691 0.582011
3 0.631300 0.575597 0.000000 0.618037 0.574074 0.466844 0.623342 0.616402 0.586207 0.622691 0.595238
4 0.625995 0.599469 0.620690 0.000000 0.574074 0.620690 0.644562 0.613757 0.620690 0.641161 0.634921
5 0.582011 0.513228 0.576720 0.568783 0.000000 0.592593 0.605820 0.568783 0.560847 0.630607 0.611111
6 0.615385 0.580902 0.466844 0.620690 0.595238 0.000000 0.623342 0.619048 0.599469 0.630607 0.592593
7 0.625995 0.602122 0.623342 0.633952 0.608466 0.620690 0.000000 0.629630 0.620690 0.604222 0.624339
8 0.608466 0.582011 0.624339 0.605820 0.568783 0.616402 0.626984 0.000000 0.592593 0.627968 0.619048
9 0.615385 0.440318 0.596817 0.620690 0.563492 0.599469 0.631300 0.597884 0.000000 0.627968 0.613757
10 0.635884 0.622691 0.633245 0.646438 0.635884 0.627968 0.609499 0.627968 0.627968 0.000000 0.617414
11 0.624339 0.584656 0.603175 0.632275 0.613757 0.589947 0.624339 0.621693 0.613757 0.617414 0.000000
