11
1 0.000000 0.655172 0.660477 0.663130 0.650794 0.660477 0.647215 0.645503 0.655172 0.646438 0.640212
2 0.657825 0.000000 0.649867 0.657825 0.574074 0.530504 0.655172 0.566138 0.657825 0.659631 0.650794
3 0.660477 0.649867 0.000000 0.509284 0.648148 0.655172 0.633952 0.650794 0.631300 0.651715 0.619048
4 0.665783 0.660477 0.517241 0.000000 0.653439 0.663130 0.652520 0.653439 0.636605 0.670185 0.629630
5 0.648148 0.571429 0.648148 0.645503 0.000000 0.563492 0.640212 0.579365 0.634921 0.654354 0.629630
6 0.657825 0.530504 0.652520 0.655172 0.571429 0.000000 0.655172 0.563492 0.652520 0.659631 0.645503
7 0.647215 0.655172 0.636605 0.644562 0.645503 0.660477 0.000000 0.650794 0.517241 0.651715 0.619048
8 0.645503 0.566138 0.650794 0.650794 0.587302 0.574074 0.648148 0.000000 0.645503 0.659631 0.626984
9 0.652520 0.655172 0.636605 0.633952 0.632275 0.655172 0.525199 0.645503 0.000000 0.649077 0.632275
10 0.646438 0.659631 0.654354 0.664908 0.654354 0.659631 0.649077 0.656992 0.649077 0.000000 0.649077
11 0.637566 0.642857 0.611111 0.619048 0.632275 0.642857 0.619048 0.621693 0.626984 0.646438 0.000000
