11
1 0.000000 12.578249 12.570292 12.562334 12.552910 12.580902 12.588860 12.539682 12.554377 12.496042 12.576719
2 12.580902 0.000000 12.405835 12.496021 12.071428 12.257295 12.374005 11.108465 11.220160 12.205805 12.537037
3 12.564987 12.400531 0.000000 12.456233 12.309524 12.188329 12.201591 12.293651 12.294430 12.263852 12.500000
4 12.570292 12.480106 12.464191 0.000000 12.399471 12.437666 12.482759 12.462963 12.461538 12.369393 12.375662
5 12.552910 12.060846 12.322751 12.394180 0.000000 12.164021 12.253968 11.960318 11.851851 12.261213 12.502645
6 12.578249 12.230769 12.180371 12.440318 12.153440 0.000000 12.236074 12.137567 12.116711 11.414248 12.468254
7 12.583554 12.352785 12.212201 12.482759 12.272487 12.244032 0.000000 12.246032 12.228117 12.208444 12.492064
8 12.539682 11.097883 12.296296 12.457672 11.968254 12.134921 12.259259 0.000000 10.587301 12.208444 12.507936
9 12.554377 11.212201 12.305039 12.458886 11.870370 12.119364 12.217506 10.595238 0.000000 12.108179 12.470900
10 12.485488 12.213720 12.258575 12.366755 12.261213 11.419525 12.195251 12.208444 12.105541 0.000000 12.424802
11 12.574074 12.529100 12.502645 12.375662 12.497355 12.455027 12.500000 12.497355 12.465609 12.427441 0.000000
