11
1 0.000000 54.529510 54.347973 54.916668 55.232994 54.158165 54.759323 54.872448 54.208122 53.959595 54.688553
2 54.608768 0.000000 53.091061 54.160202 52.696457 53.296795 53.296795 51.374367 53.682968 53.634682 52.606060
3 54.285473 53.003372 0.000000 53.915539 53.398647 53.146961 49.250000 53.038853 53.400337 53.316498 53.104378
4 55.001701 54.084316 53.964527 0.000000 54.890972 52.396225 54.342373 54.683762 50.165821 49.757576 54.207069
5 55.340137 52.787521 53.554054 54.979557 0.000000 54.255535 53.972881 53.260647 54.172588 53.961281 49.806396
6 54.246597 53.315346 53.239864 52.423672 54.206131 0.000000 53.683052 54.025642 51.091370 50.949493 53.521885
7 54.879662 53.349072 49.376690 54.444069 53.940678 53.708473 0.000000 53.540676 53.849407 53.663300 53.474747
8 54.909863 51.403034 53.135136 54.728207 53.255535 54.046154 53.511864 0.000000 53.751270 53.533669 52.560608
9 54.194584 53.655987 53.457771 50.170898 54.106598 51.069374 53.752960 53.708969 0.000000 49.474747 53.767677
10 53.976433 53.547138 53.335018 49.698654 53.845119 50.865318 53.537037 53.478115 49.424244 0.000000 53.754208
11 54.754208 52.587543 53.195286 54.244106 49.752525 53.555557 53.469696 52.560608 53.811447 53.840069 0.000000
