11
1 0.000000 125.047737 124.634087 125.052765 125.203514 125.223618 125.175880 125.135681 125.195976 124.597504 124.482498
2 125.045227 0.000000 110.809525 123.942207 124.728645 124.595474 124.886932 124.733665 124.650757 124.059998 123.415001
3 124.619049 110.834587 0.000000 123.609024 124.323311 124.265663 124.581451 124.431076 124.250626 124.029999 123.290001
4 124.979897 123.816582 123.493736 0.000000 124.263817 121.864319 124.500000 122.954773 123.371857 123.184998 121.507500
5 125.233665 124.756279 124.365913 124.409546 0.000000 124.819092 122.165833 124.992462 124.814072 124.152496 123.927498
6 125.283920 124.592964 124.305763 121.954773 124.876884 0.000000 124.982414 122.537689 124.391960 123.815002 123.367500
7 125.329147 124.989952 124.714287 124.756279 122.218590 125.047737 0.000000 125.140701 125.100502 124.504997 124.209999
8 125.025124 124.603012 124.295738 122.962311 124.861809 122.459801 124.932159 0.000000 124.381912 123.932503 123.434998
9 125.118088 124.537689 124.187973 123.366837 124.706032 124.256279 124.874374 124.402008 0.000000 122.529999 123.190002
10 124.584999 124.010002 124.010002 123.267502 124.057503 123.724998 124.379997 123.987503 122.599998 0.000000 123.455002
11 124.452499 123.382500 123.264999 121.542503 123.855003 123.307503 124.067497 123.540001 123.260002 123.467499 0.000000
