11
1 0.000000 5.663317 5.634085 5.648241 5.653266 5.625628 5.693467 5.678392 5.635678 5.642500 5.645000
2 5.653266 0.000000 5.581454 5.577889 5.118091 5.502512 5.675879 5.658291 5.505025 5.607500 5.645000
3 5.626566 5.578948 0.000000 5.614035 5.604010 5.476191 5.666667 5.656641 5.468672 5.595000 5.630000
4 5.658291 5.587940 5.626566 0.000000 5.623116 5.512563 5.670854 5.653266 5.520101 5.612500 5.635000
5 5.640704 5.123116 5.596491 5.613065 0.000000 5.515075 5.670854 5.648241 5.497488 5.622500 5.640000
6 5.623116 5.507538 5.483709 5.510050 5.525126 0.000000 5.655779 5.633166 3.565327 5.542500 5.620000
7 5.685930 5.680904 5.666667 5.673367 5.678392 5.655779 0.000000 5.690955 5.660804 5.642500 5.662500
8 5.673367 5.655779 5.651629 5.650754 5.645729 5.623116 5.690955 0.000000 5.620603 5.657500 5.625000
9 5.630653 5.515075 5.473684 5.510050 5.500000 3.565327 5.650754 5.628141 0.000000 5.545000 5.627500
10 5.635000 5.612500 5.597500 5.610000 5.615000 5.530000 5.640000 5.657500 5.542500 0.000000 5.630000
11 5.640000 5.642500 5.627500 5.610000 5.637500 5.600000 5.660000 5.632500 5.607500 5.637500 0.000000
