11
1 0.000000 257.790436 259.546417 259.946960 256.907410 259.774536 258.732086 258.976196 259.106110 258.569916 259.341278
2 257.761261 0.000000 241.941650 244.994690 179.256607 241.262604 244.514587 241.552917 247.297089 243.926117 245.256607
3 259.559692 241.946945 0.000000 252.045090 240.370377 248.403183 252.294434 202.410049 253.477448 250.493408 251.547623
4 259.938995 245.002655 252.037140 0.000000 243.441803 251.575592 252.896545 251.373016 254.087540 252.467026 253.275131
5 256.907410 179.251328 240.346558 243.415344 0.000000 239.034393 242.917984 240.539688 245.738098 243.031662 244.613754
6 259.766571 241.246689 248.376663 251.564987 239.060852 0.000000 251.843506 247.746033 253.068970 250.443268 251.719574
7 258.710876 244.509277 252.262604 252.875336 242.928574 251.870026 0.000000 251.640213 232.864716 251.941956 252.931213
8 258.973541 241.552917 202.380951 251.362427 240.534393 247.748672 251.624344 0.000000 253.023804 250.889175 251.899475
9 259.092834 247.310349 253.480103 254.095490 245.730164 253.071625 232.864716 253.031754 0.000000 252.881271 253.801590
10 258.577850 243.928757 250.485489 252.472290 243.031662 250.453827 251.939316 250.907654 252.881271 0.000000 211.126648
11 259.341278 245.277771 251.552917 253.280426 244.613754 251.735443 252.939148 251.925919 253.817459 211.139847 0.000000
