11
1 0.000000 157.281403 155.030075 155.693466 158.919601 157.640701 156.618088 156.758789 158.432159 155.059998 154.857498
2 157.268845 0.000000 135.448624 135.585434 139.394470 138.984924 136.474869 137.685928 137.826630 135.537506 135.417496
3 155.032578 135.463654 0.000000 133.225571 137.325821 136.165421 134.313278 134.789474 136.859650 132.397507 131.264999
4 155.698486 135.603012 133.228073 0.000000 137.572861 136.962311 134.555283 135.613068 137.153259 133.350006 133.197495
5 158.959793 139.444717 137.363403 137.608047 0.000000 140.924622 136.005020 139.552765 140.937180 137.597504 137.317505
6 157.625626 138.982407 136.147873 136.942215 140.869354 0.000000 137.962311 136.512558 140.464828 136.339996 136.100006
7 156.592972 136.459793 134.283203 134.522614 135.939697 137.949753 0.000000 136.585434 137.962311 134.479996 134.262497
8 156.773865 137.708542 134.799500 135.620605 139.525131 136.540207 136.623123 0.000000 139.223618 135.035004 134.774994
9 158.527634 137.934677 136.952377 137.243713 140.992462 140.575378 138.085434 139.306534 0.000000 137.119995 136.922501
10 154.994995 135.482498 132.327499 133.274994 137.490005 136.287506 134.437500 134.955002 136.957504 0.000000 132.604996
11 154.875000 135.447495 131.279999 133.210007 137.294998 136.130005 134.307495 134.779999 136.845001 132.692505 0.000000
