11
1 0.000000 11.896985 11.781955 11.819096 11.819096 11.806533 11.851759 11.811558 11.824121 11.767500 11.820000
2 11.894472 0.000000 11.659148 11.685929 11.688442 11.653266 11.814071 11.716081 11.678392 11.657500 10.687500
3 11.779449 11.666667 0.000000 11.167920 10.902256 11.368421 11.666667 11.358396 10.636592 11.202500 11.625000
4 11.821608 11.670855 11.172933 0.000000 11.050251 11.391960 11.716081 11.005025 11.092965 10.477500 11.585000
5 11.824121 11.688442 10.902256 11.042713 0.000000 11.404523 11.688442 11.223619 10.748744 11.077500 11.620000
6 11.801508 11.658292 11.370927 11.402010 11.419598 0.000000 11.567840 11.484924 11.381909 11.402500 11.575000
7 11.849246 11.801508 11.656642 11.718593 11.685929 11.555276 0.000000 11.733668 11.688442 11.637500 11.747500
8 11.829145 11.718593 11.373433 11.012563 11.251256 11.482412 11.753769 0.000000 11.256282 11.080000 11.637500
9 11.829145 11.675879 10.641604 11.090452 10.746231 11.366835 11.698492 11.246231 0.000000 11.115000 11.617500
10 11.772500 11.670000 11.215000 10.490000 11.090000 11.400000 11.652500 11.070000 11.122500 0.000000 11.660000
11 11.820000 10.705000 11.642500 11.610000 11.632500 11.570000 11.750000 11.632500 11.615000 11.652500 0.000000
