11
1 0.000000 10.886934 10.528822 10.505025 10.821608 10.414573 10.396985 10.489950 10.635678 10.762500 10.622500
2 10.891960 0.000000 10.390978 10.459799 10.243718 10.444724 10.301508 10.444724 9.072865 10.790000 10.545000
3 10.518797 10.383459 0.000000 9.696742 10.233083 8.190476 9.395990 9.701755 9.964912 10.015000 9.932500
4 10.497487 10.449749 9.701755 0.000000 10.241206 9.610553 8.924623 7.266332 9.964824 10.262500 9.540000
5 10.806533 10.228643 10.230577 10.231155 0.000000 10.223619 10.095477 10.216081 9.731155 10.542500 10.387500
6 10.412061 10.424623 8.197995 9.608040 10.218593 0.000000 9.271357 9.645729 9.982412 9.912500 9.817500
7 10.379397 10.291457 9.383459 8.924623 10.097990 9.263819 0.000000 8.876884 9.854271 10.047500 8.835000
8 10.487437 10.437186 9.699248 7.273870 10.228643 9.645729 8.889447 0.000000 9.982412 10.212500 9.520000
9 10.640703 9.057789 9.962406 9.952261 9.723619 9.977386 9.851759 9.967337 0.000000 10.410000 10.230000
10 10.760000 10.780000 10.012500 10.267500 10.552500 9.922500 10.070000 10.210000 10.425000 0.000000 10.300000
11 10.617500 10.540000 9.927500 9.540000 10.395000 9.810000 8.840000 9.520000 10.242500 10.285000 0.000000
