11
1 0.000000 14.767285 14.746622 14.870749 14.833333 14.923470 15.294915 15.129251 15.291032 14.769361 14.787879
2 14.915683 0.000000 11.671164 11.907251 11.876897 11.758853 13.782462 12.246205 13.701518 12.099326 11.936027
3 14.824325 11.709949 0.000000 11.633446 11.817568 11.643581 13.668919 12.106419 13.577703 11.951179 11.784512
4 14.897959 11.952783 11.662162 0.000000 11.984668 12.082333 13.761017 12.401710 13.725888 12.031986 11.946128
5 14.959184 11.839798 11.792230 11.976150 0.000000 12.028961 13.893220 12.400341 13.690355 12.102694 11.781145
6 14.972789 11.811130 11.657095 12.030875 12.015332 0.000000 13.828814 12.357265 13.673435 11.942760 11.863636
7 15.127119 13.650928 13.511825 13.618644 13.779661 13.632203 0.000000 13.810169 12.059221 13.468014 13.575758
8 15.069728 12.286678 12.038852 12.312820 12.436116 12.294017 13.850847 0.000000 13.737733 11.949495 12.191919
9 15.213198 13.517707 13.425675 13.661591 13.663282 13.604061 12.067682 13.612521 0.000000 13.484848 13.500000
10 14.762627 12.085858 11.959596 12.011785 12.139730 11.895623 13.560606 11.966330 13.462963 0.000000 11.993266
11 14.638047 11.937711 11.771044 11.951179 11.764310 11.845118 13.636364 12.217172 13.685185 11.964646 0.000000
