11
1 0.000000 0.320405 0.324324 0.297619 0.306122 0.326531 0.313559 0.319728 0.296108 0.321549 0.291246
2 0.310287 0.000000 0.099494 0.141653 0.156830 0.134907 0.099494 0.112985 0.134907 0.074074 0.124579
3 0.314189 0.101180 0.000000 0.130068 0.143581 0.113176 0.094595 0.108108 0.125000 0.072391 0.112795
4 0.290816 0.138280 0.128378 0.000000 0.086882 0.123499 0.137288 0.147009 0.064298 0.116162 0.030303
5 0.306122 0.161889 0.152027 0.093697 0.000000 0.149915 0.157627 0.168654 0.055838 0.138047 0.082492
6 0.318027 0.134907 0.114865 0.123499 0.143101 0.000000 0.110169 0.135043 0.130288 0.101010 0.121212
7 0.315254 0.104553 0.101351 0.145763 0.155932 0.115254 0.000000 0.103390 0.140440 0.079125 0.132997
8 0.307823 0.111298 0.106419 0.143590 0.158433 0.129915 0.093220 0.000000 0.147208 0.102694 0.138047
9 0.291032 0.141653 0.131757 0.069374 0.055838 0.135364 0.140440 0.157360 0.000000 0.117845 0.053872
10 0.313131 0.077441 0.074074 0.121212 0.134680 0.102694 0.074074 0.106061 0.114478 0.000000 0.102694
11 0.277778 0.122896 0.112795 0.030303 0.077441 0.121212 0.124579 0.141414 0.048822 0.099327 0.000000
