11
1 0.000000 0.633166 0.631579 0.635678 0.633166 0.635678 0.635678 0.638191 0.630653 0.632500 0.627500
2 0.638191 0.000000 0.619048 0.620603 0.630653 0.620603 0.628141 0.618090 0.613065 0.620000 0.615000
3 0.634085 0.611529 0.000000 0.616541 0.624060 0.614035 0.624060 0.624060 0.604010 0.610000 0.615000
4 0.635678 0.620603 0.624060 0.000000 0.630653 0.628141 0.625628 0.625628 0.610553 0.620000 0.555000
5 0.630653 0.623116 0.624060 0.633166 0.000000 0.618090 0.615578 0.615578 0.628141 0.617500 0.617500
6 0.635678 0.620603 0.616541 0.630653 0.620603 0.000000 0.545226 0.615578 0.620603 0.562500 0.620000
7 0.635678 0.625628 0.624060 0.628141 0.623116 0.545226 0.000000 0.608040 0.630653 0.500000 0.612500
8 0.638191 0.615578 0.629073 0.625628 0.618090 0.610553 0.603015 0.000000 0.628141 0.600000 0.605000
9 0.630653 0.610553 0.601504 0.610553 0.628141 0.620603 0.628141 0.630653 0.000000 0.625000 0.617500
10 0.630000 0.617500 0.612500 0.620000 0.620000 0.565000 0.500000 0.602500 0.625000 0.000000 0.605000
11 0.627500 0.612500 0.622500 0.560000 0.622500 0.625000 0.615000 0.605000 0.620000 0.610000 0.000000
