11
1 0.000000 19.379396 18.521303 19.248743 18.567839 18.422110 18.841709 19.557789 18.540201 18.379999 18.639999
2 19.394472 0.000000 18.897243 15.178392 18.896984 17.793970 18.258795 20.052763 18.793970 18.700001 18.992500
3 18.521303 18.899750 0.000000 18.736841 16.621553 17.884712 18.140350 19.195488 16.448622 16.424999 16.605000
4 19.243719 15.173367 18.736841 0.000000 18.783920 17.655779 18.090452 19.824121 18.718594 18.575001 18.817499
5 18.585426 18.894472 16.629072 18.796482 0.000000 17.982412 18.178392 19.216080 16.492462 16.340000 16.700001
6 18.434673 17.801508 17.887218 17.668343 17.979900 0.000000 17.090452 19.148241 17.851759 17.719999 18.077499
7 18.841709 18.266331 18.140350 18.095478 18.173367 17.097990 0.000000 19.444723 18.047739 18.002501 18.160000
8 19.545227 20.060301 19.205513 19.834171 19.206030 19.140703 19.454773 0.000000 19.140703 19.062500 19.334999
9 18.555277 18.786432 16.458647 18.711056 16.489950 17.864321 18.045227 19.143215 0.000000 14.980000 16.520000
10 18.387501 18.702499 16.417500 18.577499 16.332500 17.722500 18.000000 19.055000 14.970000 0.000000 16.447500
11 18.639999 18.987499 16.597500 18.820000 16.692499 18.070000 18.147499 19.334999 16.507500 16.445000 0.000000
