11
1 0.000000 122.449745 122.325813 122.592964 122.479897 122.319092 122.937187 122.464821 122.723618 121.667503 121.807503
2 122.341705 0.000000 107.862152 109.412064 109.422112 106.723618 120.283920 111.728645 119.917084 110.430000 108.364998
3 122.273186 107.912277 0.000000 107.964912 109.157898 107.551376 120.012535 111.025063 119.471176 110.357498 107.752502
4 122.467339 109.444725 107.939850 0.000000 110.512566 108.871857 120.296486 111.899498 119.801506 110.702499 109.032501
5 122.457283 109.432159 109.160400 110.510048 0.000000 108.221107 120.525124 112.595474 120.331657 111.474998 108.137497
6 122.361809 106.773872 107.641602 108.997490 108.316582 0.000000 120.216080 110.673370 119.907036 109.419998 108.052498
7 122.957283 120.321609 120.040100 120.366837 120.560303 120.150757 0.000000 120.341705 108.505028 119.345001 119.727501
8 122.477386 111.786430 110.994987 111.922112 112.670853 110.645729 120.369347 0.000000 120.150757 109.862503 111.397499
9 122.768845 120.037689 119.493736 119.919601 120.412064 119.884422 108.542717 120.168343 0.000000 119.317497 119.297501
10 121.717499 110.522499 110.385002 110.772499 111.547501 109.394997 119.387497 109.897499 119.330002 0.000000 110.375000
11 121.772499 108.367500 107.779999 109.072502 108.157501 107.987503 119.709999 111.362503 119.227501 110.349998 0.000000
