11
1 0.000000 25.580902 25.551723 25.604774 25.417990 25.631300 25.649868 25.500000 25.636604 25.567282 25.550264
2 25.575598 0.000000 25.490717 25.541115 23.973545 22.405836 25.506632 22.447090 25.490717 25.527704 25.431217
3 25.554377 25.488064 0.000000 22.122015 25.251324 25.469496 24.968170 25.335979 24.870026 25.168865 24.026455
4 25.618036 25.533157 22.124668 0.000000 25.280424 25.517241 25.037136 25.420635 25.005304 25.205805 24.410053
5 25.415344 23.957672 25.248676 25.267197 0.000000 24.023809 25.322752 23.904762 25.338625 25.240105 25.179893
6 25.628647 22.389921 25.466843 25.525200 24.039682 0.000000 25.564987 23.071428 25.493368 25.530342 25.420635
7 25.647215 25.496021 24.944298 25.013262 25.325397 25.564987 0.000000 25.375662 22.265251 25.155672 24.796297
8 25.492064 22.447090 25.328043 25.415344 23.910053 23.084656 25.388889 0.000000 25.383598 25.430079 25.328043
9 25.633953 25.503979 24.870026 25.005304 25.346561 25.501326 22.265251 25.378307 0.000000 25.248020 24.843916
10 25.575197 25.530342 25.184696 25.208443 25.253298 25.543535 25.187336 25.445910 25.248020 0.000000 24.970976
11 25.563492 25.433863 24.037037 24.412699 25.190475 25.433863 24.806879 25.343916 24.854498 24.960423 0.000000
