11
1 0.000000 5.635678 5.591479 5.645729 5.628141 5.590452 5.605527 5.645729 5.620603 5.620000 5.620000
2 5.628141 0.000000 5.553885 5.625628 5.570352 5.527638 5.572865 5.610553 5.587940 5.590000 5.585000
3 5.593985 5.563910 0.000000 5.576441 5.528822 5.478697 5.486216 5.583960 5.473684 5.445000 5.522500
4 5.650754 5.635678 5.566416 0.000000 5.595478 5.582914 5.597990 5.620603 5.615578 5.597500 5.607500
5 5.623116 5.572865 5.518797 5.592965 0.000000 5.459799 5.542714 5.587940 5.537688 5.550000 5.575000
6 5.592965 5.537688 5.471178 5.572865 5.457286 0.000000 5.515075 5.565327 5.527638 5.545000 5.550000
7 5.605527 5.575377 5.473684 5.600502 5.540201 5.512563 0.000000 5.615578 4.738693 5.530000 5.537500
8 5.645729 5.618091 5.586466 5.620603 5.590452 5.565327 5.625628 0.000000 5.640704 5.610000 5.615000
9 5.620603 5.590452 5.463659 5.615578 5.537688 5.535176 4.738693 5.633166 0.000000 5.525000 5.537500
10 5.620000 5.595000 5.445000 5.602500 5.565000 5.545000 5.525000 5.610000 5.532500 0.000000 5.287500
11 5.610000 5.575000 5.507500 5.600000 5.570000 5.545000 5.537500 5.607500 5.540000 5.285000 0.000000
