11
1 0.000000 251.140701 250.526321 251.042709 251.115585 251.143219 251.133163 251.095474 251.065323 249.824997 249.884995
2 250.994980 0.000000 246.558899 250.788940 250.105530 250.884415 250.949753 250.912064 250.856781 249.514999 249.067505
3 250.528824 246.674179 0.000000 250.353378 249.070175 250.330826 250.488724 250.466171 250.388474 249.550003 249.027496
4 250.844223 250.811554 250.180450 0.000000 250.836685 250.633163 250.864319 250.824127 237.218597 249.330002 249.512497
5 251.080399 250.221100 249.052628 250.969849 0.000000 250.886932 251.067841 251.037689 250.987442 249.645004 248.994995
6 251.105530 251.040207 250.315796 250.778900 250.909546 0.000000 250.962311 250.902008 250.844223 249.020004 249.642502
7 251.105530 251.020096 250.390976 250.964828 251.047745 250.924622 0.000000 246.678391 251.035172 249.607498 249.782501
8 251.115585 251.090454 250.498749 251.010056 251.057785 250.912064 246.711060 0.000000 251.032669 249.679993 249.809998
9 251.165833 251.067841 250.483704 237.381912 251.097992 250.929642 251.138184 251.082916 0.000000 249.637497 249.800003
10 249.672501 249.572495 249.432495 249.339996 249.554993 248.922501 249.524994 249.544998 249.505005 0.000000 249.380005
11 249.750000 249.074997 248.914993 249.552505 248.932495 249.557495 249.735001 249.702499 249.662506 249.369995 0.000000
