11
1 0.000000 5.970822 5.986737 5.981432 5.962963 5.973475 5.981432 5.962963 5.981432 5.949868 5.949736
2 5.973475 0.000000 5.907162 5.952255 5.925926 5.710876 5.957560 5.931217 5.962865 5.905013 5.685185
3 5.984085 5.909814 0.000000 5.965517 5.955027 5.912467 5.960212 5.677248 5.965517 5.688654 5.912698
4 5.981432 5.944297 5.957560 0.000000 5.867725 5.946949 5.167109 5.947090 5.068965 5.931398 5.931217
5 5.962963 5.931217 5.955027 5.870370 0.000000 5.939154 5.891534 5.936508 5.880952 5.928760 5.931217
6 5.973475 5.713528 5.904509 5.938992 5.936508 0.000000 5.952255 5.928571 5.954907 5.905013 5.671957
7 5.978780 5.960212 5.954907 5.164456 5.883598 5.952255 0.000000 5.947090 4.851459 5.931398 5.939154
8 5.962963 5.920635 5.642857 5.949736 5.941799 5.917989 5.941799 0.000000 5.949736 5.282322 5.883598
9 5.986737 5.962865 5.954907 5.074271 5.880952 5.962865 4.856764 5.949736 0.000000 5.941953 5.939154
10 5.944591 5.912929 5.691293 5.939314 5.923483 5.910290 5.934037 5.282322 5.944591 0.000000 5.881267
11 5.955027 5.690476 5.907407 5.941799 5.936508 5.666667 5.941799 5.899471 5.947090 5.883905 0.000000
