11
1 0.000000 0.623116 0.624060 0.630653 0.625628 0.618090 0.623116 0.623116 0.633166 0.627500 0.617500
2 0.620603 0.000000 0.604010 0.623116 0.603015 0.603015 0.600502 0.597990 0.595477 0.625000 0.610000
3 0.624060 0.604010 0.000000 0.624060 0.506266 0.611529 0.611529 0.606516 0.601504 0.622500 0.490000
4 0.628141 0.623116 0.624060 0.000000 0.628141 0.623116 0.623116 0.618090 0.620603 0.617500 0.625000
5 0.623116 0.605528 0.503759 0.623116 0.000000 0.613065 0.613065 0.597990 0.618090 0.627500 0.547500
6 0.618090 0.608040 0.611529 0.618090 0.615578 0.000000 0.623116 0.620603 0.625628 0.622500 0.617500
7 0.620603 0.600502 0.606516 0.623116 0.608040 0.618090 0.000000 0.562814 0.575377 0.617500 0.615000
8 0.623116 0.597990 0.606516 0.620603 0.597990 0.620603 0.570352 0.000000 0.532663 0.617500 0.617500
9 0.630653 0.592965 0.601504 0.620603 0.618090 0.625628 0.577889 0.530151 0.000000 0.625000 0.615000
10 0.630000 0.622500 0.625000 0.617500 0.627500 0.627500 0.620000 0.617500 0.622500 0.000000 0.625000
11 0.620000 0.615000 0.492500 0.627500 0.547500 0.622500 0.622500 0.620000 0.617500 0.627500 0.000000
