11
1 0.000000 131.941650 132.018570 131.968170 131.629623 131.811676 131.854111 131.560852 131.904510 131.300797 131.470901
2 131.938995 0.000000 130.801056 131.824936 131.465607 131.183029 131.286469 131.169312 130.769226 130.952499 131.013229
3 132.021225 130.806366 0.000000 131.912460 131.542328 131.278519 131.347473 131.134918 130.344833 131.068604 131.103180
4 131.960205 131.824936 131.909821 0.000000 126.198410 131.615387 131.708221 131.462967 131.877991 131.237473 131.378311
5 131.629623 131.462967 131.544968 126.195770 0.000000 131.280426 131.399475 131.380951 131.473541 131.150391 131.399475
6 131.827591 131.193634 131.278519 131.644562 131.291000 0.000000 130.580902 130.608459 131.286469 130.815308 130.203705
7 131.851456 131.289124 131.331558 131.702911 131.394180 130.575592 0.000000 130.380951 131.413788 130.501312 129.841263
8 131.568787 131.190475 131.142853 131.486771 131.386246 130.589951 130.388885 0.000000 131.174606 127.562004 129.587296
9 131.904510 130.779846 130.342178 131.893906 131.486771 131.273209 131.432358 131.179901 0.000000 131.010559 131.105820
10 131.292877 130.970978 131.063324 131.248016 131.163589 130.807388 130.506592 127.562004 131.013199 0.000000 129.997360
11 131.473541 131.013229 131.108459 131.399475 131.420639 130.209000 129.859787 129.587296 131.103180 130.013199 0.000000
