11
1 0.000000 11.924623 11.957394 11.987437 11.989950 11.994975 12.002513 11.979899 11.959799 11.920000 11.905000
2 11.922111 0.000000 11.799499 11.856784 11.829145 11.894472 11.876884 11.798995 11.753769 11.787500 11.655000
3 11.952381 11.786967 0.000000 11.781955 9.744361 11.892231 11.922306 10.689223 11.839599 11.327500 11.792500
4 11.987437 11.854271 11.781955 0.000000 11.781407 11.967337 11.954774 11.758794 11.912061 11.755000 11.817500
5 11.979899 11.831658 9.744361 11.793970 0.000000 11.917086 11.944724 10.761307 11.849246 11.370000 11.795000
6 11.987437 11.876884 11.889725 11.957287 11.924623 0.000000 10.894472 11.932160 11.929648 11.895000 11.805000
7 11.987437 11.856784 11.919800 11.957287 11.939698 10.889447 0.000000 11.904523 11.927135 11.890000 11.860000
8 11.982412 11.778894 10.676692 11.753769 10.748744 11.914573 11.909548 0.000000 11.866835 11.327500 11.812500
9 11.947236 11.731155 11.819549 11.889447 11.851759 11.922111 11.927135 11.856784 0.000000 11.845000 11.790000
10 11.905000 11.782500 11.315000 11.757500 11.387500 11.897500 11.895000 11.342500 11.847500 0.000000 11.792500
11 11.885000 11.632500 11.780000 11.810000 11.772500 11.810000 11.855000 11.797500 11.787500 11.785000 0.000000
