11
1 0.000000 84.192245 85.532097 86.062927 88.209183 85.688774 85.869492 86.561226 85.761421 84.707069 84.994949
2 84.281616 0.000000 77.111298 74.765602 80.349075 75.939293 76.654297 77.283302 77.205734 76.058922 74.722221
3 85.940880 76.849915 0.000000 77.976349 82.484795 78.675674 79.305740 79.565880 72.091217 78.616165 78.220535
4 86.505104 74.994942 77.974663 0.000000 82.684837 78.555748 78.398308 79.449570 78.803726 77.540405 65.846802
5 88.244896 80.480606 82.359795 82.836456 0.000000 79.042587 78.471184 79.008514 82.614212 78.000000 81.545456
6 85.729591 76.192245 78.702705 78.660378 79.013626 0.000000 65.357628 74.875214 78.587143 64.367004 77.333336
7 85.852539 76.605400 79.361488 78.176270 78.474579 65.342369 0.000000 74.920341 79.392555 59.520203 77.441078
8 86.379250 77.170319 79.636826 79.629059 78.735947 74.861542 74.681358 0.000000 79.849411 73.829964 78.200340
9 85.964470 76.917366 72.194260 78.052452 83.135361 78.817261 79.478851 79.903557 0.000000 78.090912 78.193604
10 84.914139 76.313133 78.717171 77.429291 78.063972 64.427612 59.447811 74.269363 78.836700 0.000000 77.240738
11 84.973061 74.422562 77.678452 65.567337 81.314812 76.700340 77.282829 78.033669 78.338387 77.006737 0.000000
