11
1 0.000000 5.115578 5.117795 5.118091 5.067839 5.206030 5.090452 5.150754 5.138191 5.142500 5.067500
2 5.118091 0.000000 3.506266 4.665829 4.150754 5.045226 4.658291 4.298995 4.736181 4.872500 4.075000
3 5.125313 3.506266 0.000000 4.724311 4.225564 5.037594 4.746867 4.385965 4.754386 4.910000 4.125000
4 5.120603 4.663317 4.719298 0.000000 4.550251 4.977387 4.243719 4.746231 4.389447 4.865000 4.705000
5 5.067839 4.148241 4.225564 4.547739 0.000000 4.899498 4.562814 4.195980 4.590452 4.800000 4.060000
6 5.211055 5.032663 5.017544 4.979899 4.894473 0.000000 4.924623 5.007538 4.969849 4.507500 4.932500
7 5.085427 4.658291 4.746867 4.246231 4.567839 4.924623 0.000000 4.695980 4.040201 4.860000 4.670000
8 5.148241 4.298995 4.383459 4.736181 4.195980 5.007538 4.685930 0.000000 4.726130 4.907500 4.285000
9 5.133166 4.736181 4.761905 4.389447 4.592965 4.979899 4.042714 4.731156 0.000000 4.917500 4.722500
10 5.147500 4.872500 4.905000 4.865000 4.797500 4.507500 4.860000 4.902500 4.917500 0.000000 4.872500
11 5.070000 4.075000 4.125000 4.707500 4.060000 4.935000 4.670000 4.285000 4.722500 4.877500 0.000000
