11
1 0.000000 80.613831 79.396957 80.612244 80.806122 81.738098 80.433899 81.137756 80.950928 79.141411 80.183502
2 81.013489 0.000000 74.293427 77.723442 74.691399 77.876900 75.146713 77.032043 61.131535 74.484848 77.819862
3 79.423988 74.495781 0.000000 74.479729 72.547295 75.197632 72.761826 73.488174 74.481422 60.996632 74.614479
4 80.891159 77.263069 74.646957 0.000000 76.718910 78.432243 76.811867 77.393166 77.842636 74.427612 76.393936
5 80.848640 74.647552 72.878380 76.856903 0.000000 77.499146 72.562714 76.212944 74.906937 72.218857 76.281143
6 81.663269 78.013489 75.255066 77.900513 77.373085 0.000000 77.311867 78.276924 78.135361 75.195290 74.974747
7 80.708473 74.873528 72.672295 76.777969 72.705086 77.288139 0.000000 75.871185 75.115059 72.545456 76.750839
8 81.311226 76.473862 73.701012 77.476921 75.931854 78.452988 75.830505 0.000000 77.269035 73.486534 77.311447
9 80.531303 60.900505 74.238174 77.274109 74.309647 77.566833 74.722504 76.906937 0.000000 73.787880 77.276093
10 79.260941 74.392258 61.122894 74.281143 72.058922 75.112793 72.765991 73.818184 73.961281 0.000000 74.932663
11 80.441078 77.553871 74.818184 76.244110 75.907410 75.090912 76.579124 76.981483 77.336700 74.860268 0.000000
