11
1 0.000000 64.396294 64.184120 63.375851 63.705784 64.272110 64.855934 65.076530 63.010151 63.651516 62.563972
2 64.305229 0.000000 50.669476 52.347385 53.622261 51.537941 51.399662 51.586845 52.924114 50.106060 52.242424
3 64.141891 50.544689 0.000000 51.662163 52.998310 50.826012 50.692566 50.895271 52.271961 49.055557 51.457912
4 63.117348 52.303543 51.729729 0.000000 50.448040 51.538593 52.325424 53.044445 49.145515 51.154881 46.797981
5 63.714287 53.590218 53.101353 50.461670 0.000000 52.667801 53.688137 54.226574 48.971233 52.585857 49.853535
6 64.256805 51.470490 50.880066 51.523155 52.628620 0.000000 51.498306 52.232479 51.499153 50.351852 50.565655
7 64.588135 51.397976 50.782093 52.342373 53.683052 51.567795 0.000000 50.747459 52.900169 50.346802 51.978115
8 64.835037 51.502529 50.934120 53.035896 54.144806 52.213676 50.703388 0.000000 53.108292 50.409092 52.222221
9 62.878174 52.865093 52.354729 49.150593 48.967850 51.526226 52.888325 53.148899 0.000000 51.818180 48.878788
10 63.806396 50.082493 49.129631 51.176769 52.589226 50.395622 50.323231 50.436028 51.828281 0.000000 51.156567
11 62.550507 52.257576 51.606060 46.877106 49.892258 50.675083 52.045456 52.326599 48.932659 51.225590 0.000000
