11
1 0.000000 79.575043 80.668922 84.430275 81.569725 80.421768 83.189827 83.903061 82.686974 85.348488 80.981483
2 79.659363 0.000000 75.650925 80.244522 74.317032 75.374367 75.107925 75.777405 74.826309 82.368690 74.520203
3 81.459457 75.210793 0.000000 81.407097 64.967903 77.533783 79.175674 79.089523 79.006760 83.185188 60.407406
4 84.479591 80.001686 81.422295 0.000000 81.739349 82.116638 82.718643 84.162392 83.226738 83.365318 81.212120
5 81.989799 74.644180 64.984795 81.809196 0.000000 77.482109 78.659325 79.458260 78.595604 83.084175 64.898987
6 80.875847 75.200676 77.565880 82.279587 77.487221 0.000000 79.767799 80.929916 79.688660 82.929291 76.796295
7 82.530510 75.139969 78.812500 82.983047 78.652542 79.964409 0.000000 70.374573 70.043991 84.180138 78.715485
8 83.617348 75.512650 78.886826 83.726494 79.250427 80.753845 70.933899 0.000000 64.419624 84.675087 78.814812
9 82.693741 74.876900 79.175674 83.084602 78.511002 79.671745 70.006767 64.648056 0.000000 84.548820 78.099327
10 85.424240 82.117844 82.870369 83.114479 82.675087 83.175087 84.089226 84.249161 84.338387 0.000000 82.883835
11 80.496635 74.132996 60.217171 80.794609 64.686867 76.560608 78.104378 78.296295 78.341751 82.382156 0.000000
