11
1 0.000000 0.668435 0.671088 0.671088 0.666667 0.673740 0.668435 0.664021 0.671088 0.664908 0.658730
2 0.668435 0.000000 0.663130 0.671088 0.669312 0.655172 0.665783 0.650794 0.665783 0.651715 0.661376
3 0.671088 0.665783 0.000000 0.668435 0.666667 0.671088 0.668435 0.666667 0.647215 0.664908 0.661376
4 0.668435 0.671088 0.665783 0.000000 0.626984 0.665783 0.668435 0.666667 0.668435 0.667546 0.658730
5 0.666667 0.669312 0.664021 0.632275 0.000000 0.666667 0.666667 0.664021 0.666667 0.664908 0.664021
6 0.673740 0.657825 0.671088 0.668435 0.669312 0.000000 0.657825 0.642857 0.668435 0.659631 0.645503
7 0.668435 0.665783 0.665783 0.665783 0.666667 0.657825 0.000000 0.664021 0.671088 0.656992 0.648148
8 0.666667 0.656085 0.664021 0.666667 0.664021 0.640212 0.664021 0.000000 0.664021 0.635884 0.642857
9 0.671088 0.668435 0.649867 0.668435 0.669312 0.665783 0.665783 0.664021 0.000000 0.659631 0.664021
10 0.667546 0.654354 0.664908 0.670185 0.662269 0.649077 0.656992 0.625330 0.664908 0.000000 0.635884
11 0.661376 0.658730 0.664021 0.664021 0.669312 0.645503 0.656085 0.640212 0.664021 0.646438 0.000000
