11
1 0.000000 24.936340 24.533157 24.713528 24.486773 24.620689 24.281168 24.539682 24.161804 24.501320 25.105820
2 24.931034 0.000000 24.045094 24.580902 24.544973 23.262600 24.273209 22.952381 23.888594 24.345646 24.976191
3 24.509283 24.010611 0.000000 24.180372 24.026455 23.708223 23.713528 23.693121 21.952255 23.939314 24.981482
4 24.702917 24.583555 24.185677 0.000000 23.981482 24.265251 23.816977 24.317461 24.045094 24.168865 24.552910
5 24.492064 24.547619 24.021164 23.973545 0.000000 24.158730 22.156084 24.142857 23.791006 22.749340 24.751324
6 24.602121 23.246685 23.716181 24.267904 24.187830 0.000000 23.899204 22.798943 23.217506 24.058048 24.846561
7 24.270557 24.267904 23.716181 23.801062 22.161375 23.888594 0.000000 23.878307 23.437666 22.717678 24.645502
8 24.542328 22.957672 23.706348 24.293652 24.140211 22.798943 23.883598 0.000000 23.320107 24.087070 24.992064
9 24.137932 23.867374 21.933687 24.037136 23.767197 23.190981 23.440319 23.312170 0.000000 23.730871 24.761906
10 24.490765 24.340370 23.934036 24.168865 22.736147 24.063324 22.722956 24.071239 23.759895 0.000000 24.778364
11 25.100529 24.965609 24.989418 24.563492 24.767197 24.825397 24.648148 24.986773 24.788361 24.783642 0.000000
