11
1 0.000000 124.693466 124.779449 125.113068 125.155777 124.939697 125.130653 125.160805 125.032661 124.667503 124.375000
2 124.655777 0.000000 123.952377 124.665833 124.462311 123.336685 124.595474 124.223618 122.746231 124.082497 123.647499
3 124.721802 123.924812 0.000000 123.882202 123.731827 123.786964 123.894737 123.160400 124.378448 124.394997 122.772499
4 125.077888 124.630653 123.899750 0.000000 120.462311 124.432159 117.866837 123.047737 124.997490 124.417503 122.629997
5 125.288948 124.575378 123.854637 120.525124 0.000000 124.432159 120.298996 122.851761 124.989952 124.555000 122.057503
6 124.829147 123.291458 123.746864 124.364319 124.236183 0.000000 124.351761 123.992462 124.356781 123.209999 123.415001
7 125.223618 124.680908 124.025063 117.909546 120.298996 124.552765 0.000000 122.856781 125.057793 124.635002 122.849998
8 125.130653 124.190956 123.170425 123.045227 122.786430 124.050255 122.814072 0.000000 124.763817 124.387497 120.955002
9 125.012566 122.819092 124.426064 125.027641 124.876884 124.452263 124.952263 124.796486 0.000000 124.462502 124.192497
10 124.652496 124.042503 124.385002 124.445000 124.392502 123.252502 124.502502 124.357498 124.367500 0.000000 124.214996
11 124.402496 123.714996 122.842499 122.660004 122.042503 123.565002 122.812500 120.997498 124.224998 124.337502 0.000000
