11
1 0.000000 25.885942 25.867374 25.877985 25.788361 25.867374 25.854111 25.804234 25.862068 25.759895 25.767197
2 25.862068 0.000000 25.533157 25.824934 25.714285 25.641911 25.591513 25.629629 25.639257 25.596306 25.634920
3 25.862068 25.549072 0.000000 25.848806 25.756615 25.676394 25.618036 25.608465 25.533157 25.606859 25.693121
4 25.870026 25.824934 25.851460 0.000000 24.735449 25.787798 25.758621 25.727512 25.843502 25.678101 25.727512
5 25.783070 25.719576 25.748676 24.732803 0.000000 25.674603 25.687830 25.727512 25.730158 25.678101 25.732803
6 25.859417 25.631300 25.681698 25.785147 25.674603 0.000000 25.419098 25.449736 25.679045 25.564644 25.354498
7 25.848806 25.583555 25.628647 25.769230 25.703703 25.416445 0.000000 25.388889 25.769230 25.480211 25.304234
8 25.796297 25.632275 25.603174 25.732803 25.719576 25.439154 25.380953 0.000000 25.645502 24.786280 25.354498
9 25.854111 25.644562 25.535809 25.846153 25.738094 25.679045 25.777189 25.661375 0.000000 25.630608 25.730158
10 25.757256 25.580475 25.612137 25.678101 25.683378 25.572559 25.480211 24.786280 25.627968 0.000000 25.401056
11 25.769842 25.656084 25.693121 25.738094 25.743385 25.354498 25.304234 25.380953 25.714285 25.395779 0.000000
