11
1 0.000000 89.849915 90.038849 90.879250 90.761902 91.219391 91.177963 92.304420 91.116753 90.675087 90.042084
2 89.991570 0.000000 61.937607 77.114670 81.713326 80.482292 83.954468 83.180435 81.502533 82.000000 77.117844
3 90.437500 61.944351 0.000000 77.052368 81.765205 81.633446 84.854729 84.131760 82.119934 82.816498 77.341751
4 91.095238 77.236084 77.221283 0.000000 81.172058 71.833618 83.198303 75.832481 75.365479 76.361954 71.983162
5 90.928574 81.305229 81.611488 81.543442 0.000000 84.407158 72.466103 86.342422 84.179359 83.715485 79.863640
6 91.426872 79.822937 80.407097 71.687820 83.131172 0.000000 84.955933 72.994873 78.895096 80.191917 75.644783
7 91.355934 83.753792 83.564186 83.255936 72.391525 84.640678 0.000000 87.691528 86.267342 85.703705 82.343437
8 91.931976 83.645866 84.251686 75.967522 86.013626 73.210258 87.766098 0.000000 82.365479 83.234009 79.353539
9 91.392555 81.854973 82.690880 75.548225 83.712349 79.670052 85.458542 82.001694 0.000000 74.671715 77.503365
10 90.799660 82.659935 82.493263 76.691917 83.436028 79.538719 86.372055 82.875420 74.664986 0.000000 78.367004
11 90.151512 77.821548 77.727272 72.380470 80.493263 75.952866 82.444443 79.276093 77.156563 78.454544 0.000000
