11
1 0.000000 0.458685 0.488176 0.477891 0.486395 0.481293 0.477966 0.474490 0.475465 0.478114 0.468013
2 0.451939 0.000000 0.370995 0.305228 0.344013 0.374368 0.313659 0.177066 0.345700 0.329966 0.351852
3 0.484797 0.367622 0.000000 0.386824 0.331081 0.339527 0.413851 0.366554 0.327703 0.303030 0.313131
4 0.489796 0.308600 0.413851 0.000000 0.367973 0.397942 0.359322 0.295727 0.351946 0.368687 0.404040
5 0.472789 0.345700 0.317568 0.345826 0.000000 0.301533 0.374576 0.356048 0.243655 0.286195 0.301347
6 0.469388 0.382799 0.347973 0.384220 0.316865 0.000000 0.406780 0.384615 0.309645 0.287879 0.254209
7 0.472881 0.315346 0.407095 0.347458 0.383051 0.394915 0.000000 0.352542 0.360406 0.356902 0.400673
8 0.460884 0.163575 0.364865 0.285470 0.344123 0.377778 0.333898 0.000000 0.345178 0.328283 0.358586
9 0.455161 0.349073 0.327703 0.340102 0.257191 0.306261 0.363790 0.348562 0.000000 0.286195 0.316498
10 0.483165 0.331650 0.319865 0.375421 0.309764 0.303030 0.370370 0.345118 0.296296 0.000000 0.282828
11 0.471380 0.370370 0.316498 0.405724 0.314815 0.260943 0.404040 0.380471 0.318182 0.272727 0.000000
