11
1 0.000000 0.665783 0.668435 0.663130 0.664021 0.663130 0.671088 0.664021 0.660477 0.662269 0.656085
2 0.665783 0.000000 0.631300 0.572944 0.600529 0.628647 0.623342 0.428571 0.612732 0.612137 0.624339
3 0.668435 0.628647 0.000000 0.628647 0.624339 0.625995 0.649867 0.624339 0.625995 0.606860 0.592593
4 0.665783 0.572944 0.631300 0.000000 0.629630 0.644562 0.633952 0.587302 0.615385 0.633245 0.640212
5 0.664021 0.600529 0.624339 0.624339 0.000000 0.603175 0.621693 0.592593 0.539683 0.583113 0.597884
6 0.660477 0.625995 0.623342 0.633952 0.592593 0.000000 0.641910 0.624339 0.588859 0.591029 0.560847
7 0.671088 0.620690 0.647215 0.631300 0.626984 0.647215 0.000000 0.621693 0.631300 0.633245 0.642857
8 0.664021 0.428571 0.621693 0.587302 0.592593 0.629630 0.624339 0.000000 0.613757 0.609499 0.619048
9 0.655172 0.602122 0.618037 0.615385 0.534392 0.588859 0.623342 0.605820 0.000000 0.588391 0.592593
10 0.656992 0.604222 0.601583 0.622691 0.580475 0.580475 0.622691 0.601583 0.591029 0.000000 0.562005
11 0.658730 0.624339 0.592593 0.642857 0.605820 0.568783 0.645503 0.621693 0.605820 0.567282 0.000000
