11
1 0.000000 5.867374 5.856764 5.856764 5.833333 5.864721 5.883289 5.817461 5.856764 5.836411 5.854497
2 5.883289 0.000000 5.827586 5.803713 5.817461 5.809019 5.904509 5.817461 5.806366 5.786280 5.317461
3 5.856764 5.824934 0.000000 5.625995 5.452381 5.636605 5.862069 5.682539 5.334218 5.609499 5.798942
4 5.859416 5.798409 5.620690 0.000000 5.531746 5.644562 5.830239 5.497355 5.493369 5.145119 5.788360
5 5.830688 5.812169 5.452381 5.534391 0.000000 5.666667 5.814815 5.632275 5.341270 5.546174 5.812169
6 5.854111 5.806366 5.639257 5.655172 5.669312 0.000000 5.795756 5.703704 5.625995 5.638523 5.806878
7 5.893899 5.907162 5.854111 5.846154 5.820106 5.803713 0.000000 5.843915 5.835544 5.854881 5.875661
8 5.822752 5.822752 5.682539 5.500000 5.637566 5.695767 5.835979 0.000000 5.582011 5.527705 5.820106
9 5.862069 5.793103 5.320955 5.485411 5.341270 5.610080 5.830239 5.574074 0.000000 5.535620 5.801587
10 5.846966 5.791557 5.609499 5.147757 5.538259 5.633245 5.846966 5.532981 5.530343 0.000000 5.804749
11 5.865079 5.322752 5.804233 5.801587 5.825397 5.822752 5.880952 5.825397 5.817461 5.804749 0.000000
