11
1 0.000000 166.858353 174.856415 178.901367 178.491501 170.171768 176.445770 176.071426 173.910324 177.430969 173.276093
2 166.762222 0.000000 160.342331 162.182129 159.688034 149.740311 162.185501 156.870148 151.025299 166.218857 157.360275
3 175.273651 159.229340 0.000000 158.065872 156.163849 159.310806 157.449326 151.359802 167.231415 171.734009 152.289566
4 180.353745 164.612137 158.917236 0.000000 142.964218 166.336197 137.274582 152.143585 171.101517 175.153198 149.240738
5 178.241501 160.634064 155.902023 142.373077 0.000000 162.151611 140.766098 147.424194 168.470383 172.924240 145.742432
6 170.751694 150.010117 159.123306 164.979416 160.522995 0.000000 162.406784 158.153839 160.121826 156.749161 157.511780
7 175.369492 161.854980 157.143585 137.276276 140.728821 162.116943 0.000000 148.659317 169.287643 173.042084 148.627945
8 174.637756 155.875214 151.099655 150.950424 147.652466 159.304276 148.274582 0.000000 165.791885 169.272720 140.808075
9 173.676819 151.738617 168.635132 171.140442 169.583755 161.546524 171.213196 166.612518 0.000000 172.383835 167.356903
10 176.469696 165.784515 170.966324 172.402359 171.479797 157.075760 172.393936 170.072388 171.432663 0.000000 170.555557
11 172.230637 156.804718 151.159927 148.754211 145.681824 157.124573 148.393936 140.621216 165.712128 169.853531 0.000000
