11
1 0.000000 223.456238 226.562332 222.336868 220.552917 225.058350 225.318298 219.859787 227.787796 229.451187 226.330688
2 223.464188 0.000000 180.135284 176.514587 198.100525 173.228119 163.867371 197.103180 174.201599 191.744064 180.537033
3 226.567642 180.132629 0.000000 187.167114 204.198410 173.124664 185.755966 203.690475 193.084885 198.277039 189.232803
4 222.336868 176.506638 187.153839 0.000000 195.312164 181.294434 182.206894 194.478836 190.623337 195.416885 186.957672
5 220.563492 198.105820 204.195770 195.320099 0.000000 201.261902 201.902115 162.386246 206.608459 211.050125 204.656082
6 225.074265 173.233429 173.122009 181.307693 201.267197 0.000000 180.289124 200.407410 188.233429 194.569916 184.134918
7 225.339523 163.862076 185.753311 182.209549 201.894180 180.286469 0.000000 201.156082 181.442978 195.947235 186.658737
8 219.873016 197.113754 203.685181 194.497360 162.394180 200.407410 201.166672 0.000000 206.111115 210.279678 204.095245
9 227.811676 174.206894 193.087540 190.641907 206.600525 188.233429 181.450928 206.100525 0.000000 201.833771 193.634918
10 229.445908 191.741425 198.266495 195.424805 211.044861 194.556732 195.944595 210.258575 201.817947 0.000000 193.686020
11 226.317459 180.529099 189.222229 186.957672 204.645508 184.116409 186.653442 204.084656 193.621689 193.678101 0.000000
