11
1 0.000000 123.639259 125.031830 126.209549 123.862434 125.334221 125.413795 126.060844 124.615387 126.176781 124.793648
2 123.657822 0.000000 120.204247 121.854111 117.291008 120.986740 121.124672 121.772484 112.586205 123.612137 120.875664
3 125.037132 120.190979 0.000000 124.095490 121.293648 110.153847 123.188332 124.000000 122.159149 124.717682 119.507935
4 126.183022 121.848808 124.095490 0.000000 117.383598 124.384613 124.578247 124.465607 122.867371 125.699211 124.005295
5 123.859787 117.291008 121.288361 117.394180 0.000000 121.634918 121.814812 121.970901 119.164024 124.092346 121.616402
6 125.336868 120.984085 110.153847 124.392570 121.626984 0.000000 123.795753 124.476189 122.777191 125.050133 120.312172
7 125.416443 121.103447 123.204247 124.586205 121.820107 123.779839 0.000000 124.793648 122.549072 121.445908 123.216934
8 126.044975 121.772484 123.981483 124.492065 121.970901 124.478836 124.804230 0.000000 122.878304 126.160950 124.505295
9 124.633949 112.588860 122.164459 122.883286 119.179893 122.777191 122.557030 122.880951 0.000000 124.456467 122.071426
10 126.192612 123.604225 124.738785 125.707123 124.071243 125.031662 121.419525 126.150398 124.456467 0.000000 125.108177
11 124.780426 120.867722 119.497353 124.010582 121.616402 120.314812 123.227516 124.529099 122.089951 125.102905 0.000000
