11
1 0.000000 74.662735 73.226349 75.244896 74.852043 72.630951 73.067795 72.937073 73.255501 72.555557 74.898987
2 74.610458 0.000000 72.350761 73.794266 73.922432 70.957840 71.728500 71.787521 69.445190 72.474747 74.139732
3 72.974663 72.099495 0.000000 68.562500 71.626686 64.283783 70.040543 64.687500 70.814186 70.579124 65.055557
4 75.673470 73.876900 68.834457 0.000000 74.003410 68.476845 72.115257 68.548721 72.900169 71.961281 71.462959
5 74.753403 73.860031 71.388512 74.136284 0.000000 71.243614 72.081352 71.466782 72.458542 72.122894 73.361954
6 72.741493 71.060707 64.182434 68.331047 71.085182 0.000000 69.027115 64.234184 69.835869 69.622894 67.163300
7 72.469490 71.652611 69.831078 72.386444 71.857628 69.094917 0.000000 69.571190 70.348564 58.149830 71.500000
8 73.062927 71.870155 64.951012 68.564102 71.439522 64.471794 69.786438 0.000000 70.304565 69.991585 67.473061
9 73.204735 69.686340 71.072632 72.849411 72.275803 69.832489 70.191200 70.548225 0.000000 70.358589 72.698654
10 72.838387 72.079124 70.816498 72.417511 72.043770 69.558922 58.200336 69.939392 70.966331 0.000000 72.631310
11 75.417511 74.316498 65.277779 71.301346 73.747475 67.661613 72.171715 67.680138 73.016838 72.548820 0.000000
