11
1 0.000000 77.937607 77.961151 75.943878 78.719391 76.382652 76.671188 77.367348 76.773262 76.848488 77.895622
2 77.465431 0.000000 76.726814 72.632378 65.524452 74.020233 74.667793 75.338951 73.991570 66.225586 76.351852
3 77.589523 76.703201 0.000000 74.265205 76.826012 74.555740 71.694260 69.383446 75.645271 76.045456 76.688553
4 75.700684 72.826309 74.111488 0.000000 73.870529 71.166382 72.547455 73.521370 71.438240 72.193604 73.025253
5 78.736397 65.590218 76.814186 74.187393 0.000000 74.913116 75.430511 77.107323 74.896782 66.506737 76.267677
6 76.603745 73.981453 74.258446 71.024017 74.885857 0.000000 72.640678 73.673508 72.610832 72.759262 73.010101
7 76.435593 74.767288 71.319260 72.249153 75.559319 72.703392 0.000000 69.906776 73.604057 73.776093 74.631310
8 77.290817 75.674538 69.574326 73.671791 76.877342 73.562393 70.135590 0.000000 74.321487 75.161613 75.804710
9 76.910324 74.517708 75.687500 71.204735 74.905243 72.862946 73.710663 74.167511 0.000000 73.139732 74.796295
10 77.653198 66.112793 76.109428 72.185188 66.439392 73.080811 74.356903 75.225586 73.616165 0.000000 75.638046
11 77.951180 76.282829 76.789566 72.843437 76.355217 73.079124 74.777779 75.675087 74.664986 75.107742 0.000000
