11
1 0.000000 11.801508 11.751880 11.814071 11.758794 11.721106 11.668342 11.718593 11.706030 11.692500 11.765000
2 11.801508 0.000000 11.686717 11.756282 11.698492 11.668342 11.623116 11.701005 11.525126 11.602500 11.727500
3 11.761905 11.694236 0.000000 11.471178 11.639098 11.055138 11.531328 11.137845 11.583960 11.642500 11.060000
4 11.809045 11.768845 11.466166 0.000000 11.695980 11.477386 11.680904 11.402010 11.660804 11.632500 11.575000
5 11.758794 11.713568 11.619047 11.703518 0.000000 11.635678 11.618091 11.630653 11.640703 11.597500 11.702500
6 11.723619 11.675879 11.055138 11.474874 11.640703 0.000000 11.572865 11.025126 11.603015 11.555000 11.332500
7 11.668342 11.615578 11.533834 11.675879 11.613066 11.567840 0.000000 11.582914 11.507538 10.002500 11.627500
8 11.706030 11.675879 11.132833 11.402010 11.628140 11.020101 11.560302 0.000000 11.585427 11.575000 11.342500
9 11.723619 11.525126 11.583960 11.653266 11.633165 11.600503 11.520101 11.592965 0.000000 11.560000 11.612500
10 11.682500 11.582500 11.637500 11.630000 11.602500 11.560000 9.997500 11.582500 11.547500 0.000000 11.647500
11 11.780000 11.742500 11.082500 11.590000 11.715000 11.350000 11.647500 11.370000 11.635000 11.660000 0.000000
