11
1 0.000000 0.482293 0.489865 0.506803 0.489796 0.482993 0.496610 0.510204 0.495770 0.484848 0.464646
2 0.473862 0.000000 0.441821 0.451939 0.460371 0.317032 0.450253 0.443508 0.453626 0.429293 0.343434
3 0.506757 0.458685 0.000000 0.503378 0.500000 0.456081 0.500000 0.317568 0.496622 0.328283 0.461279
4 0.508503 0.468803 0.496622 0.000000 0.449744 0.449400 0.240678 0.499145 0.241963 0.489899 0.454545
5 0.508503 0.485666 0.494932 0.453152 0.000000 0.482112 0.444068 0.511073 0.453469 0.501683 0.496633
6 0.481293 0.325464 0.437500 0.457976 0.461670 0.000000 0.462712 0.444444 0.458545 0.429293 0.308081
7 0.500000 0.473862 0.481419 0.238983 0.430508 0.479661 0.000000 0.496610 0.211506 0.483165 0.468013
8 0.517007 0.448567 0.300676 0.483761 0.495741 0.441026 0.500000 0.000000 0.492386 0.247475 0.451178
9 0.504230 0.472175 0.488176 0.240271 0.441624 0.465313 0.221658 0.500846 0.000000 0.493266 0.454545
10 0.500000 0.446128 0.299663 0.489899 0.501683 0.442761 0.484848 0.250842 0.488215 0.000000 0.449495
11 0.484848 0.363636 0.454545 0.456229 0.496633 0.326599 0.461279 0.459596 0.457912 0.446128 0.000000
