11
1 0.000000 248.690948 249.458649 250.080399 249.952255 250.123123 250.236176 250.135681 249.550247 248.684998 248.164993
2 248.788940 0.000000 245.959900 246.796478 246.535172 246.942215 246.804016 246.386932 244.884415 245.257507 242.387497
3 249.654129 245.967422 0.000000 243.370926 199.706772 248.548874 248.491226 220.596497 247.781952 236.267502 246.307495
4 249.922104 246.610550 243.135345 0.000000 243.741211 248.854279 248.766327 243.683411 248.319092 242.940002 246.335007
5 249.972366 246.424622 199.629074 243.841705 0.000000 248.932159 248.959793 221.866837 248.216080 236.277496 246.044998
6 250.130646 246.806534 248.333328 248.957291 248.896988 0.000000 220.600510 248.947235 248.530151 247.667496 246.547501
7 250.268845 246.718597 248.318298 248.899490 248.957291 220.645721 0.000000 248.864319 248.638184 247.794998 246.357498
8 250.045227 246.188446 220.478699 243.768845 221.876877 248.869354 248.763824 0.000000 248.130646 235.512497 245.872498
9 249.527634 244.793976 247.583954 248.427139 248.228638 248.530151 248.567841 248.193466 0.000000 246.845001 245.580002
10 248.639999 245.127502 236.112503 242.967499 236.205002 247.637497 247.725006 235.467499 246.830002 0.000000 245.897507
11 248.057495 242.177505 246.052505 246.242493 245.845001 246.410004 246.175003 245.782501 245.427505 245.830002 0.000000
