11
1 0.000000 8.848229 8.861486 9.010204 8.833333 8.891156 8.930509 8.955782 8.927242 8.833333 8.836700
2 8.971333 0.000000 8.106239 8.231029 7.583474 7.743676 7.556492 7.853288 8.138280 7.715488 6.486532
3 8.741554 8.043845 0.000000 6.581081 7.844594 8.043919 8.072635 8.163852 6.513514 8.242424 7.855219
4 9.054421 8.295110 6.630067 0.000000 8.183987 8.322470 8.328814 8.360683 5.551608 8.203704 8.087543
5 8.892858 7.548061 7.991554 8.204430 0.000000 7.120954 7.127119 7.957410 8.103215 7.020202 7.483165
6 8.858844 7.676223 8.133446 8.308748 7.117547 0.000000 7.013559 8.022223 8.204738 7.099327 7.385522
7 9.008474 7.569983 8.317568 8.244068 7.077966 7.086441 0.000000 7.788136 8.257192 7.090909 7.341751
8 8.979591 7.745363 8.146959 8.189744 7.833049 8.005128 7.661017 0.000000 8.164128 7.799663 7.616162
9 9.016920 8.148398 6.581081 5.585448 8.030457 8.226734 8.277495 8.240271 0.000000 8.234007 7.868687
10 8.765993 7.565657 8.370370 8.089226 7.018518 7.084175 7.050505 7.882155 8.213804 0.000000 7.367003
11 8.882154 6.478115 7.875421 8.050505 7.558923 7.425926 7.393939 7.695286 7.878788 7.484848 0.000000
