11
1 0.000000 13.377740 13.640203 14.273809 13.602041 13.894558 13.898305 14.280612 13.803722 14.340067 14.008417
2 13.428330 0.000000 12.519393 12.833053 12.129848 12.698145 12.733559 12.939292 11.740304 13.420876 12.720539
3 13.699325 12.494098 0.000000 13.440878 12.680743 11.543919 13.135135 13.427365 12.902027 13.653198 12.740741
4 14.147959 12.827993 13.277027 0.000000 12.497445 13.679245 13.471187 13.637607 13.120135 14.116161 13.510101
5 13.610544 12.102867 12.643581 12.516184 0.000000 12.908007 12.867797 13.022146 12.406092 13.429293 12.777778
6 13.974490 12.701518 11.576014 13.662092 12.906303 0.000000 13.235593 13.707692 13.027073 13.717172 12.893939
7 13.791526 12.655987 13.037162 13.576271 12.889831 13.189831 0.000000 13.540678 13.037225 13.218855 13.193603
8 14.369047 12.961214 13.547297 13.651282 13.153322 13.659829 13.740678 0.000000 13.235194 14.188552 13.447811
9 13.829103 11.740304 12.885135 13.145516 12.421320 13.013536 13.082911 13.164128 0.000000 13.690236 12.991583
10 14.392256 13.446128 13.632997 13.986532 13.370370 13.750842 13.269361 14.126263 13.670033 0.000000 13.792930
11 13.742424 12.696970 12.702021 13.481482 12.809764 12.840067 13.217172 13.382154 12.968014 13.786196 0.000000
