11
1 0.000000 124.969849 124.418549 124.904526 124.824120 124.703514 124.708542 124.884422 124.839195 124.167503 124.317497
2 124.994972 0.000000 121.528824 123.140701 117.615578 120.502510 121.369347 106.854271 109.133163 120.660004 123.345001
3 124.390976 121.501251 0.000000 122.656639 120.969925 119.538849 119.463661 120.428574 120.609024 120.004997 123.192497
4 124.768845 123.062813 122.624062 0.000000 122.876884 121.404526 122.768845 122.768845 122.721107 121.720001 121.237503
5 124.698494 117.648239 120.887215 122.849243 0.000000 119.685928 121.050255 115.766335 115.170853 120.232498 123.042503
6 124.547737 120.457283 119.488724 121.389450 119.675880 0.000000 119.316582 119.055275 118.505028 112.320000 122.339996
7 124.711052 121.414574 119.451126 122.819092 121.108040 119.351761 0.000000 120.625626 120.364319 119.565002 122.952499
8 124.733665 106.886932 120.340851 122.746231 115.741203 119.052765 120.532661 0.000000 103.331657 119.632500 122.862503
9 124.831657 109.178391 120.636589 122.766335 115.173370 118.567841 120.344223 103.324120 0.000000 119.132500 122.937500
10 123.995003 120.599998 119.949997 121.702499 120.227501 112.287498 119.512497 119.627502 119.062500 0.000000 122.570000
11 124.237503 123.287498 123.202499 121.275002 123.117500 122.427498 122.967499 122.972504 122.962502 122.625000 0.000000
