11
1 0.000000 12.636604 12.628647 12.602122 12.587301 12.618037 12.620689 12.597883 12.625995 12.567283 12.576719
2 12.639257 0.000000 12.549071 12.615385 12.592592 12.631300 12.586206 12.560846 12.525199 12.461741 12.600529
3 12.628647 12.533156 0.000000 12.602122 12.600529 12.543767 12.366048 12.492064 11.159151 12.176781 12.592592
4 12.602122 12.618037 12.604774 0.000000 12.542328 12.623343 12.610080 12.597883 12.591512 12.551451 12.497355
5 12.597883 12.592592 12.597883 12.542328 0.000000 12.595238 12.589947 12.589947 12.592592 12.564644 12.568783
6 12.618037 12.631300 12.543767 12.615385 12.584656 0.000000 12.594165 12.579365 12.519894 12.496042 12.582010
7 12.620689 12.578249 12.366048 12.610080 12.587301 12.591512 0.000000 12.529100 12.254642 11.944591 12.589947
8 12.603174 12.563492 12.494709 12.597883 12.592592 12.584656 12.547619 0.000000 12.439154 12.511873 12.603174
9 12.631300 12.530504 11.156499 12.596817 12.603174 12.522547 12.259947 12.447090 0.000000 12.034301 12.589947
10 12.562005 12.456465 12.174143 12.543535 12.559367 12.490766 11.947229 12.498681 12.058047 0.000000 12.546174
11 12.582010 12.608465 12.584656 12.489418 12.563492 12.589947 12.595238 12.595238 12.592592 12.556728 0.000000
