11
1 0.000000 122.188438 121.894737 122.693466 122.439697 121.783920 122.638191 122.198494 122.138191 122.017502 122.272499
2 122.145729 0.000000 114.568924 118.854271 116.763817 109.404526 117.183418 117.751259 112.128143 117.022499 118.389999
3 121.872177 114.538849 0.000000 118.368423 116.436089 112.882202 110.145363 116.609024 114.807014 116.705002 118.407501
4 122.608040 118.844223 118.325813 0.000000 116.402008 118.100502 120.087936 119.618088 119.030151 116.574997 105.627502
5 122.404526 116.721107 116.428574 116.371857 0.000000 115.670853 118.525124 118.070351 117.356781 113.970001 116.117500
6 121.876884 109.447235 113.000000 118.160805 115.713570 0.000000 115.763817 116.120605 104.477386 115.894997 117.817497
7 122.688438 117.183418 110.150375 120.185928 118.638191 115.758797 0.000000 118.708542 117.288948 118.500000 119.647499
8 122.248741 117.786430 116.604012 119.695976 118.183418 116.123116 118.706032 0.000000 117.655777 118.154999 119.502502
9 122.195976 112.130653 114.842102 119.080399 117.422112 104.454773 117.291458 117.683418 0.000000 117.165001 118.824997
10 121.947502 117.019997 116.732498 116.614998 113.980003 115.852501 118.462502 118.139999 117.139999 0.000000 116.857498
11 122.252502 118.472504 118.495003 105.654999 116.172501 117.794998 119.610001 119.464996 118.785004 116.860001 0.000000
