11
1 0.000000 100.851761 96.686714 100.585426 97.113068 97.113068 98.391960 103.256279 96.321609 96.152496 97.082497
2 100.841705 0.000000 97.200500 78.585426 97.464821 92.801506 95.655777 103.869347 96.685928 96.587502 97.589996
3 96.676689 97.213036 0.000000 96.974937 86.598999 92.614037 94.050125 100.080200 84.882202 84.985001 86.542503
4 100.567841 78.587936 96.989975 0.000000 97.374374 92.771355 95.484924 103.585426 96.653267 96.480003 97.419998
5 97.092964 97.404526 86.566414 97.329147 0.000000 92.992462 94.713570 100.163315 85.077888 84.809998 86.370003
6 97.123116 92.809044 92.626564 92.783920 93.025124 0.000000 90.258797 100.826630 92.153267 92.110001 93.452499
7 98.361809 95.645729 94.050125 95.484924 94.753769 90.248741 0.000000 101.796486 93.685928 93.717499 94.445000
8 103.251259 103.871857 100.077698 103.605530 100.173370 100.849243 101.821609 0.000000 99.728645 99.364998 100.387497
9 96.311562 96.685928 84.894737 96.638191 85.113068 92.160805 93.680908 99.748741 0.000000 77.572502 85.375000
10 96.132500 96.567497 84.987503 96.472504 84.834999 92.092499 93.717499 99.339996 77.567497 0.000000 85.552498
11 97.072502 97.589996 86.555000 97.417503 86.417503 93.430000 94.442497 100.375000 85.364998 85.572502 0.000000
