11
1 0.000000 18.168634 18.233109 18.430273 18.340136 18.469387 18.437288 18.496599 18.384094 18.356903 18.183502
2 18.249578 0.000000 12.795953 15.755481 17.468803 16.826307 17.603710 17.158516 17.170321 17.407408 16.289562
3 18.226351 12.792580 0.000000 16.114864 17.515203 17.173986 17.692568 17.523649 17.315878 17.277779 16.363636
4 18.442177 15.836425 15.971284 0.000000 16.902897 14.785592 17.206779 15.600000 15.560068 16.111111 14.351851
5 18.438776 17.298483 17.464527 16.981260 0.000000 17.594549 14.750848 17.885860 17.534687 17.653198 16.991583
6 18.559525 16.937605 17.217905 14.813036 17.637138 0.000000 17.713560 15.215384 16.666666 16.639730 15.853536
7 18.377966 17.603710 17.572636 17.249153 14.818645 17.777966 0.000000 17.966103 18.021997 17.929293 17.484848
8 18.496599 17.295109 17.415541 15.560684 17.972742 15.100855 17.928814 0.000000 17.226734 17.262627 16.390572
9 18.412859 17.185497 17.231419 15.478849 17.626057 16.725889 17.986464 17.098139 0.000000 15.808081 16.367002
10 18.297979 17.526936 17.314816 15.979798 17.552189 16.654882 17.855219 17.210438 15.818182 0.000000 16.779461
11 18.245790 16.350168 16.595959 14.550505 17.038721 15.937711 17.375422 16.437710 16.385521 16.755892 0.000000
