11
1 0.000000 246.135681 246.085220 247.635681 246.530151 246.030151 247.321609 247.474869 247.180908 246.695007 245.399994
2 246.135681 0.000000 242.150375 245.944717 242.160797 242.565323 242.007538 242.738693 242.552765 245.645004 241.297501
3 246.060150 242.120300 0.000000 245.804504 229.583954 243.704254 244.458649 244.769424 244.606522 245.997498 211.797501
4 247.535172 245.864319 245.784454 0.000000 246.356781 245.959793 247.010056 247.354279 247.243713 245.372498 245.294998
5 246.439697 242.060303 229.591476 246.359299 0.000000 243.487442 244.819092 244.909546 244.814072 245.912506 228.514999
6 246.075378 242.580399 243.794479 246.077896 243.577896 0.000000 244.987442 245.580399 245.454773 245.369995 242.830002
7 247.608047 242.243713 244.804504 247.381912 245.228638 245.291458 0.000000 238.434677 238.206024 246.809998 244.115005
8 247.331665 242.603012 244.646622 247.326630 244.841705 245.417084 238.065323 0.000000 221.982407 246.330002 243.929993
9 247.143219 242.525131 244.626572 247.283920 244.874374 245.386932 237.907028 222.115585 0.000000 246.592499 243.895004
10 246.735001 245.695007 246.122498 245.479996 246.022507 245.372498 246.527496 246.552505 246.669998 0.000000 246.065002
11 245.452499 241.347504 211.830002 245.425003 228.604996 242.800003 243.779999 244.070007 243.970001 246.044998 0.000000
