11
1 0.000000 2.981450 3.038851 3.141156 3.022109 3.151361 3.008475 3.214286 3.159052 3.154882 3.220539
2 3.018550 0.000000 2.723440 2.957841 2.774030 2.888701 2.610455 2.937605 2.959528 2.870370 3.067340
3 3.059122 2.736931 0.000000 2.978040 2.854730 2.945946 2.733108 2.986486 2.996622 2.919192 3.099327
4 3.175170 2.951096 2.976351 0.000000 2.877342 3.195540 2.961017 3.170940 2.551607 3.114478 3.085859
5 3.027211 2.780776 2.844594 2.868824 0.000000 3.028961 2.822034 3.073254 2.874789 2.979798 3.015152
6 3.210884 2.919056 2.942568 3.198971 3.039182 0.000000 2.913559 2.905983 3.209814 2.796296 3.277778
7 2.988136 2.617201 2.726351 2.954237 2.808475 2.928813 0.000000 2.937288 2.959391 2.875421 3.070707
8 3.226191 2.929174 2.974662 3.184615 3.044293 2.888889 2.935593 0.000000 3.214890 2.601010 3.240741
9 3.228426 2.986509 3.000000 2.553299 2.895093 3.167513 2.978004 3.218274 0.000000 3.148148 3.127946
10 3.193603 2.878788 2.915825 3.134680 2.979798 2.797980 2.863636 2.606061 3.154882 0.000000 3.254209
11 3.230640 3.084175 3.079125 3.102694 3.033670 3.262626 3.080808 3.252525 3.116162 3.225589 0.000000
