11
1 0.000000 265.328918 265.315643 265.201599 264.523804 265.257294 265.289124 264.521179 265.244019 263.841675 264.579376
2 265.320953 0.000000 261.175079 265.161804 263.664032 265.198944 265.238739 264.531738 265.198944 263.728241 263.917999
3 265.318298 261.156494 0.000000 265.140594 263.071442 265.074280 265.236084 264.563507 265.185669 263.585754 263.669312
4 265.204254 265.159149 265.153839 0.000000 264.507935 264.970825 265.177704 264.470886 250.477448 263.469666 264.423279
5 264.518524 263.661377 263.082001 264.500000 0.000000 264.293640 264.526459 264.494720 264.481476 263.691284 263.719574
6 265.254639 265.188324 265.058350 264.954895 264.298950 0.000000 265.135284 264.288361 265.002655 263.013184 264.359802
7 265.286469 265.214844 265.222809 265.167114 264.523804 265.143250 0.000000 259.796295 265.241394 263.662262 264.529114
8 264.529114 264.510590 264.563507 264.468262 264.484131 264.285706 259.796295 0.000000 264.470886 263.693939 264.478821
9 265.246674 265.190979 265.185669 250.477448 264.481476 265.010620 265.222809 264.470886 0.000000 263.604218 264.465607
10 263.854889 263.733521 263.596313 263.480225 263.683380 263.015839 263.670197 263.699219 263.627960 0.000000 263.532990
11 264.582001 263.894165 263.656097 264.415344 263.716919 264.351837 264.521179 264.484131 264.460327 263.506592 0.000000
