11
1 0.000000 12.583554 12.594165 12.575597 12.574074 12.591512 12.596817 12.568783 12.586206 12.493403 12.531746
2 12.580902 0.000000 12.458886 12.461538 12.349206 12.397878 12.371353 12.388889 12.445623 12.313984 11.677249
3 12.599469 12.474801 0.000000 11.824934 12.455027 12.506631 12.517241 12.468254 11.761273 12.443272 12.468254
4 12.578249 12.461538 11.819629 0.000000 12.431217 12.511936 12.530504 12.470900 9.946950 12.456465 12.402117
5 12.558201 12.330688 12.444445 12.415344 0.000000 12.084656 12.171958 12.433863 12.402117 12.129288 12.343915
6 12.591512 12.400531 12.503979 12.525199 12.084656 0.000000 12.241380 12.412699 12.496021 12.182058 12.346560
7 12.583554 12.371353 12.519894 12.533156 12.195767 12.254642 0.000000 12.394180 12.533156 12.139842 12.362433
8 12.566137 12.375662 12.457672 12.455027 12.433863 12.394180 12.396826 0.000000 12.433863 12.398417 12.378307
9 12.580902 12.448276 11.758620 9.946950 12.417990 12.485411 12.522547 12.439154 0.000000 12.451187 12.386244
10 12.490766 12.327177 12.443272 12.469657 12.134564 12.184696 12.131927 12.398417 12.453826 0.000000 12.308707
11 12.534391 11.677249 12.457672 12.399471 12.359788 12.351851 12.378307 12.367724 12.388889 12.298153 0.000000
