11
1 0.000000 65.566612 67.060814 65.863945 67.100342 66.290817 67.752541 65.739799 65.377327 65.858589 65.641411
2 65.296799 0.000000 64.328835 60.470490 63.762226 60.888702 65.220909 56.932545 57.059021 58.350170 57.878788
3 67.177368 64.303543 0.000000 64.748314 63.211147 64.949326 66.888512 64.103043 64.309120 64.989899 64.510101
4 65.991493 60.564922 64.687500 0.000000 64.833046 56.771870 65.510170 60.979488 60.538071 61.346802 60.984848
5 67.057823 63.964588 63.241554 64.754684 0.000000 65.066437 67.003387 64.064735 63.842640 64.353539 64.324913
6 66.282310 61.101181 64.826012 56.830189 65.221466 0.000000 65.691528 61.495728 61.093063 61.718857 61.294613
7 67.928810 65.306915 66.885132 65.484749 67.052544 65.630508 0.000000 65.203392 65.155670 65.835014 65.690239
8 65.494896 56.976391 63.814190 60.936752 64.003410 61.312820 65.147461 0.000000 53.252113 56.791245 55.989899
9 65.414551 57.193928 64.170609 60.443317 63.702198 60.991539 65.346870 53.346870 0.000000 57.033669 56.308083
10 65.949493 58.446129 64.944443 61.331650 64.427612 61.722221 65.749161 56.861954 56.996632 0.000000 56.121212
11 65.350166 57.956230 64.481483 60.882156 64.276093 61.213806 65.565659 56.148148 56.316498 56.099327 0.000000
