11
1 0.000000 18.556492 18.591217 18.782312 18.722790 18.746599 18.661016 18.693878 18.668358 18.540403 18.547138
2 18.580101 0.000000 16.284992 18.553120 17.817875 18.477234 18.534571 18.504215 18.490725 18.436028 18.286196
3 18.586149 16.107925 0.000000 18.562500 17.548986 18.535473 18.554054 18.511824 18.547297 18.424242 18.170034
4 18.748299 18.536257 18.614864 0.000000 18.683134 18.871355 18.655931 18.743589 14.362098 18.496634 18.516834
5 18.722790 17.841484 17.609797 18.669506 0.000000 18.618399 18.562712 18.676321 18.549915 18.489899 17.962963
6 18.794218 18.502529 18.603041 18.869640 18.715502 0.000000 18.559322 18.736752 18.576988 18.117846 18.563972
7 18.642372 18.489038 18.528717 18.622034 18.608475 18.503389 0.000000 16.869492 18.565144 18.441078 18.513468
8 18.739796 18.510962 18.574324 18.757265 18.664394 18.702564 16.894915 0.000000 18.532995 18.449495 18.478115
9 18.624365 18.472176 18.555744 14.504230 18.526226 18.583755 18.568527 18.516075 0.000000 18.474747 18.474747
10 18.503366 18.383839 18.402357 18.478115 18.446129 18.053871 18.388889 18.382154 18.441078 0.000000 18.454546
11 18.575758 18.276094 18.235691 18.540403 18.092592 18.563972 18.594276 18.518518 18.488216 18.538721 0.000000
