11
1 0.000000 120.449745 119.756889 120.140701 120.027641 119.487434 120.462311 120.389450 119.979897 119.657501 119.982498
2 120.354271 0.000000 117.187973 117.932159 117.298996 116.781410 118.723618 118.384422 117.474876 117.334999 106.762497
3 119.649124 117.122810 0.000000 112.305763 109.070175 114.651627 117.486214 113.934837 106.310776 112.207497 117.447502
4 120.165833 117.957283 112.403511 0.000000 111.600502 115.379395 118.087936 111.148239 111.896988 104.362503 117.752502
5 119.821609 117.168343 109.017548 111.505028 0.000000 114.489952 117.497490 113.190956 108.243721 110.970001 117.190002
6 119.459801 116.788948 114.746864 115.349243 114.645729 0.000000 115.758797 116.135681 114.537689 114.870003 116.839996
7 120.459801 118.733665 117.551376 118.103012 117.635681 115.746231 0.000000 118.608040 117.741203 117.457497 118.422501
8 120.402008 118.432159 114.012535 111.145729 113.346733 116.143219 118.655777 0.000000 113.630653 110.917503 118.177498
9 119.889450 117.447235 106.348373 111.922112 108.336685 114.494972 117.695976 113.562813 0.000000 111.517502 117.324997
10 119.525002 117.262497 112.190002 104.330002 111.002502 114.772499 117.372498 110.834999 111.477501 0.000000 117.602501
11 119.997498 106.849998 117.565002 117.752502 117.352501 116.887497 118.472504 118.144997 117.379997 117.747498 0.000000
