11
1 0.000000 0.416526 0.427365 0.437075 0.443878 0.433673 0.422034 0.421769 0.417936 0.446128 0.432660
2 0.426644 0.000000 0.381113 0.421585 0.392917 0.386172 0.409781 0.404722 0.342327 0.404040 0.392256
3 0.427365 0.379427 0.000000 0.378378 0.391892 0.309122 0.353041 0.326014 0.381757 0.378788 0.286195
4 0.452381 0.411467 0.376689 0.000000 0.412266 0.380789 0.401695 0.369231 0.390863 0.420875 0.395623
5 0.431973 0.394604 0.383446 0.398637 0.000000 0.383305 0.361017 0.390119 0.363790 0.385522 0.387205
6 0.437075 0.365936 0.310811 0.373928 0.393526 0.000000 0.384746 0.324786 0.365482 0.392256 0.331650
7 0.422034 0.392917 0.356419 0.398305 0.386441 0.376271 0.000000 0.364407 0.357022 0.208754 0.383838
8 0.416667 0.382799 0.320946 0.367521 0.378194 0.317949 0.367797 0.000000 0.370558 0.373737 0.335017
9 0.412860 0.345700 0.381757 0.399323 0.370558 0.379019 0.372250 0.380711 0.000000 0.395623 0.392256
10 0.432660 0.383838 0.378788 0.417508 0.382155 0.383838 0.203704 0.373737 0.387205 0.000000 0.390572
11 0.441077 0.398990 0.306397 0.402357 0.390572 0.329966 0.387205 0.351852 0.387205 0.400673 0.000000
