11
1 0.000000 257.885956 258.238739 258.092834 256.767181 258.071625 257.450928 256.666656 255.840851 256.435364 254.798935
2 257.896545 0.000000 253.021225 253.100800 238.505295 252.965515 238.758621 249.595245 248.517242 255.741425 246.714279
3 258.230774 253.021225 0.000000 239.920425 251.190475 244.636612 251.673737 246.671951 248.612732 256.163574 246.867722
4 258.095490 253.108749 239.923080 0.000000 251.050262 244.358093 251.360748 245.936508 248.198944 256.158325 246.473541
5 256.746033 238.510590 251.179901 251.052917 0.000000 250.701065 233.037033 247.851852 245.417984 255.390503 244.164017
6 258.071625 252.970825 244.657822 244.368698 250.716934 0.000000 251.352783 246.232803 248.100800 256.184692 246.645508
7 257.442963 238.750656 251.649872 251.344833 233.042328 251.331558 0.000000 247.793655 245.578247 255.232193 243.433868
8 256.671967 249.613754 246.677246 245.928574 247.849213 246.227509 247.806885 0.000000 243.727509 255.050125 242.169312
9 255.814331 248.514587 248.610077 248.180374 245.410049 248.106094 245.604782 243.716934 0.000000 253.163589 199.084656
10 256.414246 255.751984 256.174133 256.142487 255.398422 256.184692 255.234833 255.058044 253.168869 0.000000 252.620056
11 254.793655 246.690475 246.886246 246.457672 244.148148 246.648148 243.439148 242.161377 199.084656 252.609497 0.000000
