11
1 0.000000 16.369308 16.326014 16.047619 16.557823 15.982993 16.142372 16.098639 15.920474 16.154882 16.037037
2 16.480608 0.000000 16.231030 15.070827 13.268128 15.284991 15.492412 16.064081 15.386172 13.693603 16.058922
3 16.494932 16.263069 0.000000 15.750000 16.361486 15.684122 15.197635 14.324325 15.922297 16.136364 16.385521
4 16.200680 15.367622 15.719595 0.000000 15.722317 15.024014 15.106780 15.721368 14.998308 15.193603 15.281145
5 16.688776 13.306914 16.172297 15.514481 0.000000 15.739352 15.835593 16.010221 15.637902 13.803030 15.909091
6 15.913265 15.350759 15.717905 15.027444 15.652471 0.000000 15.216949 15.352137 15.103215 15.338384 15.328282
7 16.055933 15.566610 15.133446 14.905085 15.737288 15.115254 0.000000 14.564406 15.428088 15.653198 15.865320
8 16.039116 16.013491 14.277027 15.452991 16.068144 15.316239 14.516949 0.000000 15.355330 15.621212 15.740741
9 15.981387 15.278246 15.856419 15.052453 15.588833 15.164128 15.221658 15.272420 0.000000 15.250842 15.530303
10 16.353535 13.764310 16.161615 15.099326 13.868687 15.410774 15.683501 15.713804 15.092592 0.000000 15.784512
11 16.035353 15.959596 16.314816 15.212121 15.806397 15.267676 15.632997 15.792930 15.395623 15.739058 0.000000
