11
1 0.000000 250.630646 250.025070 250.753769 250.768845 250.293976 250.520096 250.542709 250.482407 249.389999 249.080002
2 250.763824 0.000000 248.052628 250.633163 250.585434 249.336685 249.623123 249.891953 248.515076 248.897507 248.360001
3 250.228073 248.097748 0.000000 250.125320 250.110275 249.045120 249.147873 249.390976 247.513779 249.054993 248.479996
4 250.643219 250.432159 249.867172 0.000000 240.507538 250.193466 250.273865 250.278900 250.474869 249.172501 249.022507
5 250.796478 250.469849 249.979950 240.610550 0.000000 250.369354 250.452255 250.399490 250.520096 249.307495 249.195007
6 250.218597 249.097992 248.827072 250.135681 250.155777 0.000000 248.414566 248.932159 249.283920 248.169998 246.697495
7 250.510056 249.447235 248.984955 250.381912 250.399490 248.489944 0.000000 248.776382 249.728638 248.092499 246.677505
8 250.477386 249.655777 249.120300 250.321609 250.311554 248.977386 248.701004 0.000000 249.753769 243.067505 245.679993
9 250.520096 248.427139 247.365921 250.567841 250.477386 249.394470 249.761307 249.831665 0.000000 248.759995 248.315002
10 249.354996 248.752502 248.912506 249.289993 249.267502 248.247498 248.092499 243.119995 248.722504 0.000000 246.917496
11 249.067505 248.184998 248.240005 249.122498 249.147507 246.785004 246.639999 245.732498 248.247498 246.919998 0.000000
