11
1 0.000000 0.323777 0.366554 0.401361 0.335034 0.367347 0.371186 0.370748 0.350254 0.361953 0.368687
2 0.315346 0.000000 0.259696 0.298482 0.239460 0.290051 0.311973 0.293423 0.173693 0.316498 0.274411
3 0.353041 0.263069 0.000000 0.329392 0.277027 0.201014 0.347973 0.332770 0.275338 0.355219 0.301347
4 0.392857 0.315346 0.339527 0.000000 0.294719 0.365352 0.383051 0.352137 0.336717 0.387205 0.378788
5 0.331633 0.261383 0.292230 0.287905 0.000000 0.320273 0.325424 0.311755 0.275804 0.360269 0.338384
6 0.365646 0.300169 0.214527 0.361921 0.315162 0.000000 0.366102 0.355556 0.313029 0.378788 0.321549
7 0.354237 0.310287 0.347973 0.374576 0.323729 0.371186 0.000000 0.386441 0.328257 0.324916 0.370370
8 0.367347 0.318718 0.347973 0.350427 0.308348 0.352137 0.388136 0.000000 0.326565 0.375421 0.340067
9 0.328257 0.187184 0.288851 0.323181 0.267343 0.309645 0.336717 0.311337 0.000000 0.341751 0.326599
10 0.356902 0.331650 0.373737 0.392256 0.360269 0.370370 0.329966 0.383838 0.346801 0.000000 0.367003
11 0.370370 0.282828 0.309764 0.370370 0.321549 0.316498 0.365320 0.341751 0.321549 0.365320 0.000000
