11
1 0.000000 12.551724 12.538462 12.525199 12.515873 12.461538 12.602122 12.550264 12.477453 12.501319 12.537037
2 12.549071 0.000000 12.493369 12.501327 11.518518 12.347480 12.586206 12.574074 12.339522 12.437995 12.542328
3 12.541114 12.501327 0.000000 12.496021 12.447090 12.267904 12.591512 12.544973 12.262600 12.461741 12.537037
4 12.535809 12.506631 12.506631 0.000000 12.468254 12.278515 12.586206 12.544973 12.278515 12.482850 12.500000
5 12.523809 11.518518 12.449736 12.473545 0.000000 12.357142 12.571428 12.566137 12.328042 12.480211 12.552910
6 12.480106 12.358090 12.270557 12.278515 12.346560 0.000000 12.535809 12.521164 8.037135 12.348285 12.494709
7 12.607427 12.596817 12.586206 12.575597 12.560846 12.530504 0.000000 12.582010 12.533156 12.546174 12.563492
8 12.550264 12.576719 12.547619 12.544973 12.555555 12.523809 12.582010 0.000000 12.521164 12.525066 12.531746
9 12.488064 12.347480 12.275862 12.273210 12.322751 8.031830 12.533156 12.526455 0.000000 12.324538 12.476191
10 12.503958 12.456465 12.467018 12.474934 12.477572 12.356200 12.548813 12.525066 12.327177 0.000000 12.517150
11 12.534391 12.555555 12.537037 12.484127 12.547619 12.484127 12.563492 12.542328 12.486773 12.517150 0.000000
