11
1 0.000000 20.392572 19.514589 20.249336 19.486773 19.381964 19.809019 20.510582 19.514589 19.313984 19.637566
2 20.395226 0.000000 19.909815 15.933687 19.801588 18.694960 19.190981 21.026455 19.753315 19.646439 20.005291
3 19.522547 19.917772 0.000000 19.740053 17.465609 18.838196 19.114058 20.169312 17.328913 17.253298 17.494709
4 20.246685 15.928382 19.737400 0.000000 19.687830 18.551723 19.002653 20.769842 19.660477 19.506596 19.828043
5 19.470900 19.796297 17.460318 19.685184 0.000000 18.833334 19.047619 20.124338 17.267197 17.150396 17.576719
6 19.368700 18.697613 18.838196 18.557030 18.835979 0.000000 17.946949 20.063492 18.761272 18.620052 19.052910
7 19.803713 19.185677 19.103449 19.005304 19.039682 17.941645 0.000000 20.388889 18.965517 18.902374 19.116402
8 20.505291 21.023809 20.169312 20.772488 20.132275 20.066137 20.391535 0.000000 20.058201 20.026384 20.365080
9 19.511936 19.758621 17.328913 19.676394 17.275133 18.763926 18.970821 20.063492 0.000000 15.720317 17.388889
10 19.311346 19.649076 17.253298 19.517151 17.155672 18.620052 18.910290 20.029024 15.720317 0.000000 17.287600
11 19.632275 19.992064 17.486773 19.814816 17.571428 19.037037 19.119047 20.357143 17.383598 17.279684 0.000000
