11
1 0.000000 13.685929 13.531328 13.502513 14.070352 13.831658 14.135678 13.753769 13.796482 13.890000 13.687500
2 13.680904 0.000000 13.092731 13.075377 13.751256 13.366835 13.841708 13.236181 13.286432 13.342500 13.195000
3 13.531328 13.097744 0.000000 12.679198 13.619047 13.240602 13.676692 13.130326 13.180451 13.350000 13.107500
4 13.502513 13.077889 12.676692 0.000000 13.590452 13.233668 13.655779 13.150754 13.178392 13.312500 13.077500
5 14.067840 13.753769 13.616541 13.587939 0.000000 13.932160 13.708543 13.829145 13.879397 13.970000 13.755000
6 13.824121 13.364322 13.233083 13.228643 13.927135 0.000000 14.017588 13.010050 13.047739 13.440000 12.940000
7 14.133165 13.841708 13.671679 13.653266 13.708543 14.022614 0.000000 13.912061 13.974874 14.010000 13.850000
8 13.748744 13.233668 13.125314 13.148241 13.826633 13.012563 13.909548 0.000000 12.984924 13.340000 12.880000
9 13.793970 13.288945 13.175439 13.178392 13.879397 13.052764 13.977386 12.987437 0.000000 13.435000 12.932500
10 13.887500 13.345000 13.345000 13.312500 13.967500 13.445000 14.010000 13.342500 13.435000 0.000000 13.350000
11 13.682500 13.192500 13.100000 13.072500 13.752500 12.942500 13.847500 12.880000 12.930000 13.347500 0.000000
