11
1 0.000000 5.193467 5.273183 5.273870 5.286432 5.278894 5.256281 5.288945 5.248744 5.262500 5.240000
2 5.195980 0.000000 4.907268 4.977387 4.949749 5.070352 4.959799 5.032663 4.969849 5.005000 4.905000
3 5.265664 4.902256 0.000000 5.037594 3.857143 5.142857 5.072682 5.072682 5.055138 5.010000 4.092500
4 5.266332 4.977387 5.040100 0.000000 5.067839 5.070352 5.065327 4.341709 4.964824 4.057500 5.057500
5 5.286432 4.959799 3.852130 5.067839 0.000000 5.195980 5.095478 5.105527 5.110553 5.015000 4.065000
6 5.273870 5.072865 5.142857 5.072865 5.190955 0.000000 4.861809 5.108040 4.781407 5.000000 5.125000
7 5.248744 4.964824 5.072682 5.075377 5.095478 4.861809 0.000000 5.095478 4.819096 5.052500 5.087500
8 5.301507 5.040201 5.072682 4.344221 5.115578 5.108040 5.095478 0.000000 5.080402 4.362500 5.075000
9 5.258794 4.974874 5.065163 4.967337 5.113065 4.788945 4.824121 5.080402 0.000000 4.997500 5.032500
10 5.280000 5.005000 5.020000 4.057500 5.022500 5.007500 5.065000 4.362500 4.990000 0.000000 5.050000
11 5.240000 4.905000 4.087500 5.055000 4.065000 5.130000 5.085000 5.070000 5.017500 5.055000 0.000000
