11
1 0.000000 240.997482 236.676697 238.751251 237.992462 237.399490 234.964828 238.962311 236.391953 237.149994 241.852493
2 241.050247 0.000000 234.954880 239.467331 239.100510 229.505020 236.409546 226.653259 234.145721 238.255005 242.292496
3 236.541351 234.761902 0.000000 234.468674 233.057648 227.907272 229.476196 230.333328 211.681702 233.617493 240.050003
4 238.670853 239.344223 234.508774 0.000000 234.919601 235.376877 231.334167 237.062820 233.768845 234.520004 237.187500
5 237.924622 239.000000 233.208023 234.964828 0.000000 233.816589 219.628143 236.072861 232.434677 222.472504 239.697495
6 237.437180 229.500000 228.047623 235.469849 233.909546 0.000000 230.223618 223.263824 226.530151 233.842499 240.147507
7 234.932159 236.366837 229.553879 231.349243 219.615585 230.170853 0.000000 232.781403 228.185928 221.067505 237.397507
8 238.896988 226.565323 230.438599 237.115585 236.050247 223.206024 232.726135 0.000000 229.600510 235.292496 240.824997
9 236.349243 234.080399 211.799500 233.821609 232.424622 226.457291 228.178391 229.585434 0.000000 231.759995 239.282501
10 237.137497 238.134995 233.679993 234.562500 222.509995 233.789993 221.074997 235.315002 231.747498 0.000000 239.812500
11 241.797501 242.210007 240.154999 237.289993 239.690002 240.054993 237.399994 240.877502 239.279999 239.862503 0.000000
