11
1 0.000000 124.042717 123.395988 123.155777 124.005028 122.854271 124.733665 124.301506 122.904526 123.642502 123.525002
2 124.095474 0.000000 122.092735 122.909546 112.037689 120.464821 124.447235 124.427139 120.653267 123.125000 123.680000
3 123.408524 122.100250 0.000000 122.295738 122.210526 119.929825 124.010025 124.042610 119.947365 122.864998 123.477501
4 123.226128 122.929649 122.365913 0.000000 122.907036 121.082916 124.484924 123.658295 121.238693 123.152496 122.822502
5 123.987434 112.070351 122.230576 122.839195 0.000000 120.592964 124.356781 124.391960 120.771355 123.110001 123.605003
6 122.791458 120.412064 119.859650 121.025124 120.515076 0.000000 123.628143 123.798996 80.097992 121.110001 122.934998
7 124.746231 124.359299 123.967415 124.389450 124.321609 123.610550 0.000000 124.947235 123.620605 123.839996 124.217499
8 124.319092 124.341705 124.017548 123.597992 124.379395 123.836685 124.979897 0.000000 123.849243 124.059998 123.410004
9 122.874374 120.590454 119.907265 121.173370 120.670853 80.105530 123.600502 123.811562 0.000000 121.180000 122.985001
10 123.477501 123.010002 122.760002 122.947502 122.972504 121.035004 123.717499 123.955002 121.065002 0.000000 123.714996
11 123.514999 123.592499 123.427498 122.747498 123.574997 122.957497 124.222504 123.375000 122.940002 123.827499 0.000000
