11
1 0.000000 131.880630 131.859421 131.631302 131.542328 131.954910 131.946945 131.579361 131.872681 131.195251 131.354492
2 131.888596 0.000000 130.238724 131.907166 131.664017 131.554382 130.702911 130.608459 129.641907 129.691299 131.608459
3 131.848801 130.217514 0.000000 131.679047 131.558197 130.822281 129.045090 129.746033 115.270554 126.498680 131.500000
4 131.625992 131.904510 131.692307 0.000000 130.084656 131.875336 131.851456 131.611115 131.644562 131.042221 129.571426
5 131.550262 131.658737 131.579361 130.076721 0.000000 131.746033 131.661377 131.685181 131.597885 131.335098 131.267197
6 131.933685 131.546417 130.843506 131.864716 131.730164 0.000000 131.217514 131.050262 130.448273 130.242737 131.534393
7 131.960205 130.708221 129.053055 131.870026 131.656082 131.222809 0.000000 130.468246 127.517242 123.656990 131.637573
8 131.579361 130.611115 129.743393 131.608459 131.674606 131.055557 130.476196 0.000000 129.150787 129.757263 131.574081
9 131.872681 129.620697 115.278511 131.644562 131.595245 130.466843 127.493370 129.145508 0.000000 124.026382 131.441803
10 131.189972 129.678101 126.480209 131.034302 131.332458 130.232193 123.635887 129.751984 124.029022 0.000000 131.018463
11 131.354492 131.605820 131.502640 129.542328 131.256607 131.539688 131.616409 131.563492 131.447083 131.021103 0.000000
