11
1 0.000000 0.631300 0.639257 0.607427 0.632275 0.633952 0.628647 0.626984 0.628647 0.620053 0.608466
2 0.636605 0.000000 0.618037 0.578249 0.571429 0.623342 0.594164 0.576720 0.445623 0.591029 0.592593
3 0.639257 0.610080 0.000000 0.572944 0.597884 0.610080 0.615385 0.582011 0.591512 0.585752 0.584656
4 0.620690 0.570292 0.572944 0.000000 0.542328 0.580902 0.564987 0.502645 0.575597 0.448549 0.486772
5 0.640212 0.574074 0.603175 0.539683 0.000000 0.616402 0.603175 0.534392 0.571429 0.575198 0.584656
6 0.652520 0.628647 0.625995 0.578249 0.616402 0.000000 0.450928 0.603175 0.607427 0.604222 0.603175
7 0.647215 0.602122 0.618037 0.567639 0.605820 0.453581 0.000000 0.600529 0.604775 0.577836 0.597884
8 0.640212 0.584656 0.584656 0.505291 0.534392 0.603175 0.597884 0.000000 0.582011 0.556728 0.550265
9 0.631300 0.442971 0.591512 0.575597 0.566138 0.602122 0.599469 0.566138 0.000000 0.591029 0.603175
10 0.627968 0.596306 0.588391 0.443272 0.577836 0.598945 0.580475 0.554090 0.596306 0.000000 0.488127
11 0.613757 0.603175 0.592593 0.489418 0.589947 0.595238 0.600529 0.552910 0.613757 0.496042 0.000000
