11
1 0.000000 153.042709 153.656647 146.311554 144.226135 149.831665 154.145721 147.613068 145.364319 146.942505 143.887497
2 152.914566 0.000000 159.308273 152.821609 150.959793 156.007538 159.766327 145.306534 151.701004 152.422501 150.445007
3 153.651627 159.426071 0.000000 153.180450 151.145370 156.438599 141.842102 154.666672 150.523804 154.257507 150.127502
4 146.326630 152.964828 153.200500 0.000000 142.939697 147.668335 153.706024 147.638184 144.896988 146.945007 143.580002
5 144.346741 151.208542 151.275696 143.045227 0.000000 146.618088 151.728638 145.841705 142.555283 144.880005 141.437500
6 149.678391 155.979904 156.308273 147.507538 146.349243 0.000000 156.899490 150.954773 148.206024 149.880005 147.035004
7 154.143219 159.891953 141.849625 153.690948 151.605530 157.045227 0.000000 155.110550 151.060303 154.339996 150.302505
8 147.497482 145.316589 154.558899 147.507538 145.605530 150.989944 154.997482 0.000000 146.396988 147.009995 145.137497
9 145.381912 151.846741 150.546371 144.896988 142.452255 148.371857 151.075378 146.527634 0.000000 145.867493 141.137497
10 147.014999 152.622498 154.339996 147.002502 144.832504 150.102493 154.414993 147.202499 145.925003 0.000000 145.207504
11 143.809998 150.494995 150.059998 143.490005 141.237503 147.107498 150.225006 145.175003 141.044998 145.057495 0.000000
