11
1 0.000000 12.514589 12.442971 12.453581 12.399471 12.440318 12.485411 12.407408 12.445623 12.390501 12.465609
2 12.538462 0.000000 12.320955 12.315650 12.283069 12.270557 12.458886 12.304233 12.299735 12.284961 11.277778
3 12.437666 12.318302 0.000000 11.798409 11.470900 11.992043 12.326260 11.949736 11.222812 11.802111 12.277778
4 12.450929 12.307693 11.790451 0.000000 11.597883 11.994695 12.344828 11.542328 11.679045 11.031662 12.243386
5 12.415344 12.272487 11.460318 11.589947 0.000000 11.973545 12.298942 11.788360 11.277778 11.654353 12.277778
6 12.437666 12.275862 11.997348 12.000000 11.989418 0.000000 12.185677 12.052910 11.994695 12.007915 12.230159
7 12.496021 12.464191 12.339522 12.366048 12.306878 12.198939 0.000000 12.341269 12.344828 12.292876 12.417990
8 12.404762 12.312169 11.941799 11.534391 11.785714 12.066137 12.328042 0.000000 11.798942 11.646438 12.269841
9 12.453581 12.302387 11.220160 11.679045 11.277778 11.976128 12.326260 11.804233 0.000000 11.715039 12.277778
10 12.390501 12.261213 11.788918 11.031662 11.649076 11.989446 12.266491 11.638522 11.712401 0.000000 12.255937
11 12.478836 11.275132 12.285714 12.248677 12.285714 12.222222 12.410053 12.277778 12.275132 12.271768 0.000000
