11
1 0.000000 175.747055 175.898651 176.130951 175.125854 176.494904 174.696609 175.465988 176.054138 172.154877 174.604370
2 175.416519 0.000000 158.175385 174.784149 174.725128 176.767288 175.615509 174.605392 176.887009 174.609421 159.176773
3 175.479736 157.645874 0.000000 174.407089 173.819260 175.153717 174.398651 172.584457 176.135132 172.735687 148.378784
4 175.562927 175.187180 175.021957 0.000000 169.766617 178.149231 174.544067 170.519653 175.612518 172.309769 173.969696
5 173.862244 174.868469 174.032089 169.943787 0.000000 176.081772 173.981354 153.315155 174.939087 172.213806 174.028625
6 176.664963 176.165268 176.699326 177.535156 175.659286 0.000000 174.883057 176.312820 151.783417 172.223907 174.873734
7 173.872879 175.188873 174.307434 173.937286 173.006775 174.301697 0.000000 173.301697 174.631134 162.676773 173.759262
8 174.357147 174.794266 173.613174 170.494019 152.562180 175.617096 173.440674 0.000000 174.906937 170.624573 173.929291
9 175.465317 176.720062 176.444260 175.529617 174.917084 151.695435 174.868027 174.981384 0.000000 173.673401 175.537033
10 171.659927 174.336700 172.809769 172.619522 171.136368 173.350174 162.555557 171.338379 172.765991 0.000000 173.159927
11 174.218857 157.494949 148.422562 173.099319 172.619522 174.489899 173.528625 172.799667 174.774414 172.612793 0.000000
