11
1 0.000000 123.461540 124.633949 123.180374 124.216934 123.183022 124.663132 122.597885 123.217506 123.237465 123.251320
2 123.464188 0.000000 122.246681 116.018570 121.208992 116.620689 122.485413 108.338623 108.427055 111.435356 110.462959
3 124.641907 122.265251 0.000000 122.029175 119.708992 122.310349 124.000000 121.359787 121.671089 122.319260 122.214287
4 123.198936 116.010612 122.021217 0.000000 120.989418 104.647217 122.153847 115.428574 115.604774 117.540894 117.052910
5 124.211639 121.224869 119.693123 120.994705 0.000000 121.719574 123.518517 120.484123 120.820107 121.873352 121.830688
6 123.185677 116.602119 122.270554 104.639259 121.682541 0.000000 122.442970 115.912697 116.432358 117.757256 117.476189
7 124.647217 122.485413 123.960213 122.137932 123.497353 122.432358 0.000000 122.023811 122.169762 122.701843 122.775131
8 122.629631 108.351852 121.367722 115.447090 120.497353 115.939156 122.052910 0.000000 94.436508 107.638519 105.968254
9 123.228119 108.440315 121.668434 115.620689 120.838623 116.461540 122.212204 94.431213 0.000000 107.496040 106.029099
10 123.255936 111.456467 122.313988 117.567284 121.870712 117.783638 122.720314 107.633247 107.509232 0.000000 104.976250
11 123.261902 110.462959 122.195770 117.082008 121.833336 117.484123 122.783066 105.947090 106.005295 104.944588 0.000000
