11
1 0.000000 0.640703 0.636591 0.638191 0.638191 0.635678 0.635678 0.638191 0.640703 0.635000 0.632500
2 0.640703 0.000000 0.518797 0.628141 0.635678 0.633166 0.635678 0.633166 0.630653 0.635000 0.630000
3 0.636591 0.516291 0.000000 0.624060 0.624060 0.631579 0.629073 0.634085 0.629073 0.625000 0.625000
4 0.638191 0.620603 0.619048 0.000000 0.625628 0.620603 0.630653 0.628141 0.630653 0.617500 0.605000
5 0.640703 0.635678 0.631579 0.625628 0.000000 0.635678 0.608040 0.630653 0.623116 0.632500 0.630000
6 0.633166 0.630653 0.629073 0.625628 0.630653 0.000000 0.628141 0.610553 0.630653 0.630000 0.622500
7 0.635678 0.635678 0.631579 0.635678 0.603015 0.630653 0.000000 0.635678 0.628141 0.637500 0.627500
8 0.638191 0.630653 0.629073 0.625628 0.625628 0.613065 0.630653 0.000000 0.630653 0.627500 0.620000
9 0.638191 0.633166 0.629073 0.628141 0.618090 0.630653 0.625628 0.630653 0.000000 0.627500 0.622500
10 0.635000 0.630000 0.622500 0.627500 0.632500 0.632500 0.635000 0.625000 0.627500 0.000000 0.620000
11 0.630000 0.627500 0.622500 0.607500 0.627500 0.620000 0.627500 0.617500 0.630000 0.620000 0.000000
