11
1 0.000000 12.625995 12.625995 12.633952 12.592592 12.628647 12.628647 12.592592 12.623343 12.564644 12.595238
2 12.628647 0.000000 11.421751 12.554377 12.547619 12.572945 12.610080 12.563492 12.610080 12.527704 12.523809
3 12.628647 11.411140 0.000000 12.562334 12.537037 12.594165 12.591512 12.592592 12.602122 12.564644 12.500000
4 12.628647 12.559682 12.559682 0.000000 12.502645 12.405835 12.594165 12.428572 12.525199 12.474934 12.415344
5 12.595238 12.555555 12.550264 12.523809 0.000000 12.560846 12.380953 12.587301 12.582010 12.519789 12.537037
6 12.633952 12.572945 12.596817 12.411140 12.560846 0.000000 12.610080 12.359788 12.583554 12.509234 12.505291
7 12.625995 12.610080 12.586206 12.591512 12.359788 12.607427 0.000000 12.595238 12.625995 12.546174 12.576719
8 12.587301 12.574074 12.584656 12.441799 12.584656 12.362433 12.589947 0.000000 12.603174 12.548813 12.560846
9 12.620689 12.604774 12.596817 12.514589 12.579365 12.567639 12.620689 12.587301 0.000000 12.387863 12.481482
10 12.567283 12.532982 12.562005 12.490766 12.514512 12.501319 12.551451 12.540897 12.387863 0.000000 12.482850
11 12.589947 12.523809 12.489418 12.415344 12.510582 12.494709 12.566137 12.544973 12.476191 12.480211 0.000000
