11
1 0.000000 0.655172 0.655172 0.652520 0.653439 0.644562 0.649867 0.645503 0.652520 0.656992 0.658730
2 0.652520 0.000000 0.657825 0.657825 0.579365 0.649867 0.663130 0.653439 0.647215 0.617414 0.656085
3 0.660477 0.660477 0.000000 0.663130 0.661376 0.647215 0.663130 0.624339 0.652520 0.664908 0.661376
4 0.657825 0.660477 0.660477 0.000000 0.653439 0.649867 0.652520 0.650794 0.641910 0.656992 0.650794
5 0.658730 0.595238 0.658730 0.645503 0.000000 0.645503 0.664021 0.650794 0.645503 0.630607 0.658730
6 0.644562 0.649867 0.644562 0.649867 0.645503 0.000000 0.644562 0.645503 0.647215 0.651715 0.637566
7 0.660477 0.660477 0.652520 0.655172 0.666667 0.641910 0.000000 0.648148 0.657825 0.659631 0.656085
8 0.645503 0.658730 0.621693 0.653439 0.650794 0.650794 0.648148 0.000000 0.653439 0.656992 0.656085
9 0.655172 0.647215 0.655172 0.644562 0.648148 0.652520 0.663130 0.656085 0.000000 0.651715 0.656085
10 0.662269 0.622691 0.664908 0.659631 0.633245 0.651715 0.662269 0.656992 0.654354 0.000000 0.654354
11 0.666667 0.661376 0.658730 0.656085 0.661376 0.640212 0.656085 0.658730 0.653439 0.651715 0.000000
