11
1 0.000000 22.133165 21.987469 21.924623 21.854271 22.304020 21.929647 22.118090 22.052763 21.955000 22.030001
2 22.130653 0.000000 15.817042 20.648241 18.396984 21.517588 20.510050 18.959799 20.668343 20.940001 18.372499
3 21.989975 15.819549 0.000000 20.641603 18.315790 21.330828 20.463659 18.962406 20.671679 20.879999 18.184999
4 21.922110 20.653267 20.641603 0.000000 20.248743 21.437185 18.680904 20.706030 19.037689 20.822500 20.674999
5 21.851759 18.414574 18.325815 20.231155 0.000000 21.213568 20.025126 18.635679 20.329145 20.657499 18.405001
6 22.293970 21.500000 21.330828 21.419598 21.211056 0.000000 21.386934 21.459799 21.512564 19.629999 21.452499
7 21.917086 20.507538 20.483709 18.678392 20.032663 21.404522 0.000000 20.557789 17.590452 20.785000 20.517500
8 22.108040 18.964825 18.972431 20.701006 18.640703 21.472363 20.560301 0.000000 20.806532 21.032499 19.075001
9 22.065327 20.668343 20.676691 19.035175 20.351759 21.517588 17.587940 20.801508 0.000000 20.940001 20.642500
10 21.952499 20.937500 20.887501 20.802500 20.647499 19.635000 20.780001 21.022499 20.957500 0.000000 20.990000
11 22.027500 18.382500 18.197500 20.705000 18.395000 21.457500 20.512501 19.059999 20.637501 20.992500 0.000000
