11
1 0.000000 5.708543 5.696742 5.716080 5.711055 5.706030 5.711055 5.711055 5.708543 5.685000 5.680000
2 5.713568 0.000000 5.596491 5.711055 5.693467 5.711055 5.711055 5.711055 5.708543 5.682500 5.675000
3 5.694236 5.598998 0.000000 5.699248 5.666667 5.696742 5.694236 5.694236 5.694236 5.675000 5.657500
4 5.716080 5.716080 5.696742 0.000000 5.711055 5.713568 5.708543 5.711055 5.482412 5.685000 5.685000
5 5.708543 5.690955 5.666667 5.713568 0.000000 5.711055 5.713568 5.711055 5.713568 5.677500 5.665000
6 5.708543 5.711055 5.691730 5.708543 5.708543 0.000000 5.708543 5.711055 5.708543 5.670000 5.677500
7 5.716080 5.711055 5.694236 5.713568 5.711055 5.713568 0.000000 5.653266 5.708543 5.685000 5.685000
8 5.713568 5.708543 5.696742 5.708543 5.708543 5.711055 5.655779 0.000000 5.708543 5.682500 5.682500
9 5.711055 5.713568 5.699248 5.484925 5.711055 5.711055 5.711055 5.711055 0.000000 5.680000 5.682500
10 5.687500 5.682500 5.680000 5.687500 5.682500 5.675000 5.690000 5.685000 5.685000 0.000000 5.672500
11 5.682500 5.672500 5.657500 5.690000 5.667500 5.682500 5.687500 5.685000 5.685000 5.667500 0.000000
