11
1 0.000000 18.399498 18.528822 18.690954 18.831657 18.226131 18.753769 18.648241 18.489950 18.344999 18.737499
2 18.414574 0.000000 17.496241 18.288944 17.293970 17.587940 17.655779 16.374372 17.889448 17.825001 17.165001
3 18.531328 17.488722 0.000000 18.308271 17.864662 17.766918 14.581453 17.736841 17.922306 17.915001 17.802500
4 18.695980 18.288944 18.310778 0.000000 18.698492 16.640703 18.522614 18.404522 15.484924 15.090000 18.532499
5 18.821608 17.296482 17.867168 18.706030 0.000000 18.208542 18.040201 17.638191 18.394472 18.250000 15.055000
6 18.226131 17.592964 17.784462 16.638191 18.206030 0.000000 17.962311 17.874372 16.145729 16.000000 18.047501
7 18.748743 17.648241 14.588972 18.522614 18.030151 17.952261 0.000000 17.974874 18.163317 18.094999 17.915001
8 18.653267 16.366835 17.741854 18.404522 17.633165 17.879396 17.972363 0.000000 18.246231 18.027500 17.552500
9 18.479900 17.889448 17.934837 15.484924 18.386934 16.138191 18.160805 18.243719 0.000000 14.825000 18.254999
10 18.327499 17.812500 17.915001 15.080000 18.237499 16.000000 18.094999 18.022499 14.815000 0.000000 18.150000
11 18.750000 17.160000 17.805000 18.537500 15.050000 18.047501 17.927500 17.552500 18.250000 18.157499 0.000000
