11
1 0.000000 84.182121 89.059120 89.127548 89.556122 85.608841 89.284744 88.382652 87.793571 89.771042 87.434341
2 84.112984 0.000000 80.716698 82.436760 82.244522 76.168633 82.443504 79.753792 76.333893 83.754211 79.535355
3 88.422295 80.715012 0.000000 80.606422 79.391891 81.209457 80.481422 77.292229 85.532097 87.168350 76.954544
4 89.692177 82.569984 81.028717 0.000000 71.042587 83.312180 68.398308 76.398293 86.428085 87.998314 75.075760
5 88.824829 82.612144 79.005066 71.032372 0.000000 81.998299 70.810173 74.652473 85.532997 87.154884 73.757576
6 85.976189 75.509277 81.231422 83.564323 82.097107 0.000000 82.981354 80.644447 81.715736 79.619530 79.723907
7 89.333900 82.664421 79.932434 68.735596 70.852539 82.832207 0.000000 75.038986 86.113365 87.954544 75.040405
8 87.889458 79.025291 76.734795 75.820511 74.633728 80.782906 74.913559 0.000000 84.069374 85.432663 71.109428
9 88.043991 76.458687 85.109795 86.230118 85.808800 81.967850 86.148903 84.218277 0.000000 86.902359 84.028618
10 88.511787 82.914139 85.592590 86.304710 86.419189 79.520203 87.301346 85.350166 85.924240 0.000000 85.835014
11 87.587540 79.287880 77.227272 75.404037 74.011787 79.730637 74.932663 71.203705 84.149834 85.856903 0.000000
