11
1 0.000000 23.610552 23.516291 23.130653 23.386934 23.530151 23.505026 23.278894 23.547739 23.317499 23.139999
2 23.577890 0.000000 22.385965 22.135679 22.304020 23.336683 23.291458 22.057789 18.726131 22.514999 22.385000
3 23.526316 22.421053 0.000000 21.902256 22.393484 23.203007 23.097744 22.155388 22.320803 22.379999 22.312500
4 23.130653 22.153267 21.912281 0.000000 21.989950 22.804020 22.824121 21.351759 22.047739 20.137501 19.982500
5 23.374372 22.326633 22.395990 22.010050 0.000000 23.203518 23.168343 21.839195 22.386934 22.295000 22.307501
6 23.545227 23.369347 23.210526 22.814070 23.221106 0.000000 18.326633 22.902010 23.198492 23.032499 23.007500
7 23.515076 23.334171 23.112782 22.839195 23.183416 18.339195 0.000000 22.889448 23.251257 22.980000 23.022499
8 23.263819 22.067839 22.165413 21.351759 21.831657 22.896984 22.876884 0.000000 21.957287 21.910000 21.692499
9 23.520100 18.736181 22.315790 22.037689 22.364321 23.195980 23.228643 21.969849 0.000000 22.487499 22.334999
10 23.315001 22.537500 22.397499 20.142500 22.305000 23.042500 22.985001 21.917500 22.492500 0.000000 20.844999
11 23.115000 22.400000 22.325001 19.950001 22.290001 23.000000 23.002501 21.684999 22.315001 20.847500 0.000000
