11
1 0.000000 4.306914 4.295608 4.267007 4.314626 4.222789 4.437288 4.430272 4.189509 4.340067 4.370370
2 4.301855 0.000000 4.055649 4.107926 3.043845 3.531197 4.362563 4.376054 3.532884 4.089226 4.367003
3 4.243243 3.973019 0.000000 4.033784 4.040541 3.574324 4.371622 4.290541 3.543919 4.095960 4.202020
4 4.275510 4.064081 4.094594 0.000000 4.131176 3.715266 4.384746 4.357265 3.720812 4.202020 4.198653
5 4.346939 3.015177 4.057433 4.063032 0.000000 3.654174 4.367796 4.371380 3.548223 4.060606 4.367003
6 4.141157 3.485666 3.547297 3.677530 3.603066 0.000000 4.272882 4.230769 2.372250 3.708754 4.203704
7 4.423729 4.354132 4.373311 4.374576 4.355932 4.349153 0.000000 4.447458 4.291032 4.356902 4.417509
8 4.438776 4.344014 4.351351 4.370940 4.410562 4.288889 4.466102 0.000000 4.233502 4.397306 4.308081
9 4.169205 3.512648 3.550676 3.676819 3.583756 2.389171 4.285956 4.221658 0.000000 3.713805 4.239057
10 4.356902 4.176768 4.181818 4.254209 4.084175 3.769360 4.382155 4.397306 3.740741 0.000000 4.365320
11 4.343434 4.335017 4.244108 4.185185 4.333333 4.232323 4.420876 4.341751 4.245791 4.351852 0.000000
