11
1 0.000000 245.005310 246.331558 246.607422 245.738098 247.169754 246.047745 245.791000 245.503983 245.110825 245.455032
2 245.005310 0.000000 232.389923 232.233429 232.185181 234.440323 232.015915 231.722229 231.546417 230.949875 231.727509
3 246.328918 232.387268 0.000000 236.676392 186.267197 237.111404 234.313004 236.005295 234.411148 235.087067 194.288361
4 246.631302 232.233429 236.702911 0.000000 236.349213 238.302383 235.615387 204.187836 234.925735 194.250656 235.555557
5 245.753967 232.179901 186.264557 236.333328 0.000000 236.867722 234.068787 236.256607 234.116409 235.316620 195.005295
6 247.198944 234.442978 237.103455 238.289124 236.865082 0.000000 226.148544 237.156082 219.989395 236.211075 236.211639
7 246.058350 232.026520 234.307693 235.596817 234.071426 226.119370 0.000000 234.611115 222.623337 233.875992 233.486771
8 245.798935 231.701065 236.002640 204.174606 236.264557 237.145508 234.595245 0.000000 234.502640 203.211075 235.169312
9 245.527847 231.551727 234.419098 234.925735 234.113754 219.984085 222.633957 234.518524 0.000000 233.496048 233.518524
10 245.100266 230.926117 235.073883 194.229553 235.308701 236.189972 233.860153 203.192612 233.485489 0.000000 234.606857
11 245.465607 231.730164 194.296295 235.560852 195.010590 236.201065 233.476196 235.169312 233.505295 234.643799 0.000000
