11
1 0.000000 0.655172 0.615385 0.610080 0.629630 0.647215 0.641910 0.616402 0.620690 0.627968 0.637566
2 0.644562 0.000000 0.615385 0.625995 0.634921 0.604775 0.602122 0.597884 0.618037 0.622691 0.619048
3 0.615385 0.623342 0.000000 0.527851 0.579365 0.610080 0.602122 0.486772 0.450928 0.593668 0.595238
4 0.604775 0.623342 0.525199 0.000000 0.589947 0.618037 0.610080 0.436508 0.551724 0.604222 0.605820
5 0.626984 0.629630 0.576720 0.589947 0.000000 0.621693 0.616402 0.587302 0.600529 0.596306 0.608466
6 0.636605 0.604775 0.610080 0.618037 0.629630 0.000000 0.506631 0.600529 0.602122 0.617414 0.626984
7 0.633952 0.599469 0.596817 0.612732 0.619048 0.503979 0.000000 0.595238 0.594164 0.612137 0.611111
8 0.605820 0.603175 0.486772 0.433862 0.587302 0.605820 0.597884 0.000000 0.526455 0.580475 0.584656
9 0.620690 0.631300 0.450928 0.554377 0.613757 0.599469 0.591512 0.526455 0.000000 0.585752 0.584656
10 0.627968 0.630607 0.591029 0.606860 0.606860 0.617414 0.612137 0.585752 0.585752 0.000000 0.525066
11 0.632275 0.626984 0.592593 0.608466 0.613757 0.629630 0.613757 0.587302 0.584656 0.527704 0.000000
