11
1 0.000000 5.862069 5.838196 5.885942 5.878307 5.832891 5.838196 5.825397 5.811671 5.815303 5.859788
2 5.846154 0.000000 5.803713 5.835544 5.830688 5.740053 5.779841 5.759259 5.734748 5.759894 5.843915
3 5.843501 5.811671 0.000000 5.689655 5.793651 5.461538 5.795756 5.571429 5.785146 5.788918 5.502645
4 5.880637 5.843501 5.679045 0.000000 5.854497 5.694960 5.806366 5.679894 5.801061 5.799472 5.772487
5 5.873016 5.843915 5.804233 5.851852 0.000000 5.822752 5.806878 5.843915 5.822752 5.828496 5.851852
6 5.835544 5.755968 5.466844 5.702918 5.833333 0.000000 5.740053 5.455027 5.750663 5.730871 5.600529
7 5.843501 5.782494 5.811671 5.811671 5.812169 5.748011 0.000000 5.751323 5.777188 4.934037 5.830688
8 5.825397 5.759259 5.558201 5.682539 5.841270 5.455027 5.746032 0.000000 5.722222 5.749341 5.624339
9 5.806366 5.729443 5.779841 5.811671 5.825397 5.755968 5.758621 5.714286 0.000000 5.759894 5.812169
10 5.815303 5.775725 5.775725 5.788918 5.815303 5.728232 4.912929 5.754617 5.757256 0.000000 5.786280
11 5.857143 5.854497 5.502645 5.780423 5.849206 5.608466 5.817461 5.621693 5.820106 5.783641 0.000000
