11
1 0.000000 115.246208 115.586151 116.132652 116.285713 116.517006 115.637291 116.430275 115.725891 115.060608 115.560608
2 115.662735 0.000000 104.305229 108.067451 108.340637 108.657669 98.983139 104.234398 108.037102 111.415825 104.848488
3 115.976349 104.303543 0.000000 108.256760 108.469597 108.797295 104.128380 102.491554 108.261826 111.358589 103.533669
4 116.443878 108.148399 108.322632 0.000000 109.603065 106.046310 108.493217 109.697433 108.197968 111.627945 108.784515
5 116.459183 108.166946 108.305740 109.364563 0.000000 109.787056 108.420341 109.248726 108.697121 111.299660 108.671715
6 116.792519 108.586845 108.724663 105.931389 109.925041 0.000000 108.840675 110.090599 108.600677 111.720535 109.072388
7 115.872879 98.971329 104.140205 108.410172 108.613556 108.922035 0.000000 104.516953 108.082909 111.180138 104.543770
8 116.251701 103.927490 102.170609 109.271797 109.044296 109.813675 104.213562 0.000000 108.130287 111.106064 103.309761
9 116.115059 108.151772 108.317566 108.197968 108.954315 108.768188 108.167511 108.568527 0.000000 111.601013 108.750839
10 115.395622 111.338387 111.326599 111.471382 111.442764 111.702019 111.101013 111.355217 111.493263 0.000000 111.893936
11 116.010101 104.941078 103.589226 108.700340 108.956230 109.205391 104.619530 103.670036 108.737373 112.069023 0.000000
