11
1 0.000000 4.322091 4.363176 4.455782 4.355442 4.363945 4.408474 4.408163 4.395939 4.429293 4.343434
2 4.256324 0.000000 3.983137 4.195615 4.025295 4.020236 4.052277 4.064081 4.077572 4.313131 4.087542
3 4.285473 4.109612 0.000000 4.331081 3.239865 4.221284 4.288851 4.307433 4.265203 4.360270 2.966330
4 4.428571 4.217538 4.320946 0.000000 4.349234 4.406518 4.388135 4.425641 4.390863 4.333333 4.249158
5 4.324830 3.956155 3.216216 4.335605 0.000000 4.185690 4.159322 4.289608 4.197969 4.335017 3.227273
6 4.323129 4.045531 4.209459 4.418525 4.158432 0.000000 4.305085 4.384615 4.323181 4.361953 4.196970
7 4.411864 4.075885 4.253378 4.393220 4.172881 4.310170 0.000000 3.589830 3.612521 4.375421 4.272727
8 4.411565 4.148398 4.358108 4.437607 4.344123 4.408547 3.610169 0.000000 3.318105 4.415825 4.328283
9 4.407784 4.106239 4.192567 4.382403 4.235195 4.345178 3.568528 3.280880 0.000000 4.370370 4.202020
10 4.397306 4.297980 4.333333 4.324916 4.308081 4.338384 4.348485 4.353535 4.321549 0.000000 4.360270
11 4.309764 4.065657 2.949495 4.282828 3.247475 4.181818 4.269360 4.272727 4.170033 4.402357 0.000000
