11
1 0.000000 12.623343 12.625995 12.591512 12.582010 12.610080 12.602122 12.579365 12.610080 12.548813 12.568783
2 12.625995 0.000000 12.501327 12.530504 12.510582 12.538462 12.153846 12.500000 12.533156 12.430079 12.489418
3 12.625995 12.525199 0.000000 12.323607 12.494709 12.525199 12.567639 12.510582 12.493369 12.240106 12.095238
4 12.594165 12.535809 12.312998 0.000000 12.476191 12.503979 12.562334 12.473545 12.445623 11.385224 12.357142
5 12.579365 12.518518 12.494709 12.476191 0.000000 12.537037 12.497355 12.529100 12.185185 12.437995 12.468254
6 12.612732 12.533156 12.525199 12.501327 12.534391 0.000000 12.557029 12.100529 12.551724 12.456465 12.486773
7 12.612732 12.153846 12.554377 12.557029 12.500000 12.551724 0.000000 12.518518 12.519894 12.474934 12.489418
8 12.584656 12.502645 12.507936 12.484127 12.515873 12.095238 12.518518 0.000000 12.507936 12.451187 12.484127
9 12.602122 12.522547 12.485411 12.448276 12.187831 12.549071 12.522547 12.505291 0.000000 12.382586 12.452381
10 12.554090 12.432717 12.258575 11.393140 12.451187 12.448549 12.469657 12.435356 12.406332 0.000000 12.292876
11 12.574074 12.502645 12.082010 12.359788 12.462963 12.492064 12.500000 12.486773 12.460318 12.298153 0.000000
