11
1 0.000000 8.865092 8.861486 9.100340 8.904762 8.765306 8.908475 9.096939 8.928934 8.932660 8.912457
2 8.844856 0.000000 8.381113 8.696459 8.325463 8.001686 8.650928 8.711636 8.610456 8.471380 8.656566
3 8.853041 8.424958 0.000000 8.592905 8.087838 7.800676 7.814189 8.532095 7.930743 7.388889 7.717172
4 9.096939 8.779089 8.638514 0.000000 8.592845 8.555746 8.796610 9.046154 8.798646 8.792930 8.727273
5 8.901361 8.359191 8.042230 8.502555 0.000000 7.473595 8.244068 8.391823 8.138748 8.104377 8.267676
6 8.838435 8.023609 7.787162 8.500857 7.492334 0.000000 8.032204 8.372649 8.045685 7.860270 8.158249
7 8.923729 8.720067 7.935811 8.737288 8.271187 8.083051 0.000000 8.742373 6.065990 8.239058 8.156566
8 9.068027 8.630692 8.527027 8.996581 8.456559 8.305983 8.755932 0.000000 8.698815 8.525252 8.764310
9 8.812182 8.573356 7.832770 8.727580 8.064298 8.027073 6.021996 8.656514 0.000000 8.030303 8.146464
10 8.922559 8.432660 7.400673 8.759259 8.117846 7.893939 8.146464 8.572391 7.968013 0.000000 6.981482
11 8.909091 8.723906 7.595960 8.707070 8.153198 8.065657 8.045455 8.648149 8.112795 6.993266 0.000000
