11
1 0.000000 5.740053 5.713528 5.421751 5.685185 5.405836 5.763926 5.716931 5.737401 5.823219 5.706349
2 5.734748 0.000000 5.541114 5.657825 5.568783 5.628647 5.816976 5.544973 5.541114 5.775725 5.761905
3 5.702918 5.530504 0.000000 5.501326 4.793651 5.488064 5.777188 5.018518 3.368700 5.627968 5.716931
4 5.413793 5.655172 5.501326 0.000000 5.486773 4.220159 5.657825 5.452381 5.493369 5.746702 5.232804
5 5.674603 5.568783 4.798942 5.492064 0.000000 5.457672 5.798942 4.978836 4.777778 5.656992 5.746032
6 5.403183 5.628647 5.488064 4.217506 5.465609 0.000000 5.607427 5.396825 5.506631 5.751979 5.293651
7 5.753315 5.811671 5.785146 5.684350 5.796296 5.607427 0.000000 5.743386 5.782494 5.860158 5.780423
8 5.701058 5.542328 5.023809 5.449736 4.986773 5.396825 5.732804 0.000000 5.039682 5.604222 5.714286
9 5.726790 5.538462 3.368700 5.496021 4.777778 5.501326 5.779841 5.039682 0.000000 5.627968 5.714286
10 5.823219 5.773087 5.638523 5.749341 5.649076 5.751979 5.868074 5.606860 5.635884 0.000000 5.831135
11 5.719577 5.753968 5.730159 5.235450 5.751323 5.298942 5.785714 5.716931 5.716931 5.820580 0.000000
