11
1 0.000000 8.161889 8.444257 8.561225 8.170068 8.382653 8.328814 8.445579 8.287648 8.405724 8.227273
2 8.266441 0.000000 6.558179 6.716695 5.087690 6.588533 6.718381 6.620574 6.932546 6.809764 6.797980
3 8.273648 6.576728 0.000000 7.084459 6.538851 6.957770 7.184122 5.667230 7.312500 7.234007 7.289562
4 8.585034 6.750422 7.136824 0.000000 6.693356 7.226415 7.333898 7.230769 7.487309 7.308081 7.373737
5 8.103742 5.072513 6.532094 6.657581 0.000000 6.555366 6.677966 6.647359 6.818951 6.670033 6.752525
6 8.568027 6.607083 6.930743 7.279588 6.580920 0.000000 7.257627 7.119658 7.473773 7.461279 7.461279
7 8.208474 6.787521 7.150338 7.267797 6.779661 7.240678 0.000000 7.169491 6.423012 7.348485 7.294613
8 8.420068 6.571670 5.648649 7.222222 6.603066 7.030769 7.149153 0.000000 7.302876 7.193603 7.250842
9 8.211506 6.913997 7.309122 7.494078 6.871404 7.399323 6.368866 7.390863 0.000000 7.395623 7.624579
10 8.228956 6.749158 7.193603 7.329967 6.688552 7.311448 7.245791 7.186869 7.402357 0.000000 5.826599
11 8.223906 6.786195 7.296296 7.388889 6.717172 7.414141 7.249158 7.262626 7.543771 5.819865 0.000000
