11
1 0.000000 5.891247 5.907162 5.896552 5.886243 5.899204 5.912467 5.875661 5.856764 5.897098 5.801587
2 5.899204 0.000000 5.816976 5.835544 5.555555 5.830239 5.427056 5.753968 5.716180 5.899736 5.708995
3 5.909814 5.809019 0.000000 5.636605 5.798942 5.713528 5.816976 5.722222 5.740053 5.878628 5.690476
4 5.896552 5.827586 5.633952 0.000000 5.783069 5.694960 5.798409 5.658730 5.649868 5.889182 5.595238
5 5.902116 5.558201 5.804233 5.793651 0.000000 5.806878 5.396825 5.674603 5.656085 5.878628 5.634921
6 5.893899 5.824934 5.710876 5.697613 5.809524 0.000000 5.801061 5.698413 5.692307 5.889182 5.666667
7 5.915119 5.421751 5.830239 5.809019 5.399471 5.806366 0.000000 5.706349 5.721486 5.868074 5.671957
8 5.867725 5.746032 5.730159 5.653439 5.679894 5.706349 5.714286 0.000000 5.576720 5.862797 5.563492
9 5.859416 5.705570 5.726790 5.649868 5.640212 5.700265 5.710876 5.560846 0.000000 5.875989 4.447090
10 5.891820 5.894459 5.883905 5.894459 5.873351 5.889182 5.865435 5.868074 5.868074 0.000000 5.817942
11 5.809524 5.703704 5.701058 5.603175 5.634921 5.685185 5.666667 5.560846 4.449736 5.815303 0.000000
