11
1 0.000000 0.600502 0.598997 0.603015 0.595477 0.595477 0.610553 0.608040 0.610553 0.607500 0.602500
2 0.600502 0.000000 0.456140 0.399497 0.442211 0.434673 0.600502 0.492462 0.582915 0.465000 0.427500
3 0.604010 0.456140 0.000000 0.395990 0.451128 0.428571 0.609023 0.476190 0.601504 0.437500 0.437500
4 0.605528 0.402010 0.393484 0.000000 0.442211 0.457286 0.595477 0.459799 0.597990 0.437500 0.417500
5 0.600502 0.439698 0.456140 0.437186 0.000000 0.457286 0.590452 0.492462 0.582915 0.480000 0.432500
6 0.597990 0.434673 0.426065 0.457286 0.457286 0.000000 0.595477 0.517588 0.587940 0.475000 0.475000
7 0.610553 0.608040 0.604010 0.592965 0.595477 0.600502 0.000000 0.580402 0.477387 0.595000 0.592500
8 0.610553 0.487437 0.476190 0.459799 0.489950 0.517588 0.582915 0.000000 0.595477 0.482500 0.495000
9 0.610553 0.582915 0.596491 0.590452 0.580402 0.585427 0.474874 0.592965 0.000000 0.580000 0.587500
10 0.602500 0.462500 0.435000 0.435000 0.480000 0.472500 0.587500 0.480000 0.575000 0.000000 0.455000
11 0.607500 0.430000 0.445000 0.422500 0.435000 0.482500 0.590000 0.502500 0.592500 0.462500 0.000000
