11
1 0.000000 254.307693 250.302383 251.909821 250.436508 250.442978 247.830246 251.470901 249.395218 250.158310 255.902115
2 254.355438 0.000000 248.480103 252.724136 251.597885 241.994690 249.371353 238.346558 246.968170 251.345642 256.436493
3 250.326263 248.474808 0.000000 248.156494 245.941803 241.002655 242.724136 243.068787 223.803711 246.522430 254.174606
4 251.931030 252.732101 248.119370 0.000000 247.275131 248.347473 244.092834 249.558197 246.633957 247.506592 251.021164
5 250.455032 251.605820 245.928574 247.269836 0.000000 246.058197 230.947083 248.399475 244.534393 234.548813 253.629623
6 250.477448 241.976120 241.007965 248.347473 246.052917 0.000000 242.798401 234.753967 238.809021 246.620056 254.010590
7 247.862076 249.403183 242.745361 244.100800 230.957672 242.801056 0.000000 244.939148 240.655167 233.015839 251.174606
8 251.473541 238.338623 243.055557 249.558197 248.425919 234.727509 244.920639 0.000000 241.468246 248.279678 254.944443
9 249.424408 246.976120 223.809021 246.631302 244.547623 238.803711 240.647217 241.489410 0.000000 244.427444 253.156082
10 250.203171 251.358841 246.519791 247.488129 234.551453 246.606857 233.026382 248.290237 244.437988 0.000000 253.166229
11 255.917984 256.394165 254.142853 251.005295 253.642853 253.978836 251.142853 254.941803 253.137573 253.145126 0.000000
