11
1 0.000000 152.799332 153.292236 148.937073 154.117340 150.079926 149.952545 151.232986 151.299500 151.436020 152.734009
2 153.060715 0.000000 150.873520 143.973022 129.590225 145.807755 147.549744 148.770660 146.873520 130.668350 149.776093
3 152.145264 150.337265 0.000000 145.385132 150.724655 146.501694 140.597977 136.628372 148.261826 148.474747 151.062286
4 150.018707 144.517700 146.719589 0.000000 146.705276 141.300171 142.716949 145.058121 141.587143 142.404037 144.708755
5 154.823135 129.838104 152.542236 145.959122 0.000000 147.379898 149.310165 151.017029 147.267349 131.882156 150.626266
6 150.812927 145.414841 147.444260 141.020584 147.495743 0.000000 144.091522 145.704269 143.225037 143.818176 144.175079
7 149.291519 146.910629 140.467911 141.240677 148.294922 143.561020 0.000000 137.794922 144.541458 144.742432 146.718857
8 151.549316 148.222595 137.023651 144.652985 150.550262 144.976074 137.950851 0.000000 146.125214 146.597641 148.727280
9 151.715729 147.590225 149.562500 140.942474 147.284271 143.431473 146.062607 146.455154 0.000000 144.461273 147.227280
10 151.737381 130.643097 149.634674 142.111115 131.786194 143.138046 145.932663 146.954544 144.367004 0.000000 148.131317
11 153.558929 150.430969 151.304718 144.132996 150.654877 144.673401 148.895630 149.579132 147.755890 148.691925 0.000000
