11
1 0.000000 122.286430 120.328323 122.296486 121.608040 122.233665 122.193466 121.992462 122.582916 121.934998 120.285004
2 122.216080 0.000000 118.526314 120.552765 119.492462 120.173370 120.457283 120.153267 119.464821 118.699997 118.529999
3 120.253136 118.506264 0.000000 118.353386 116.701752 118.200500 118.619049 117.593987 119.546364 119.199997 94.317497
4 122.253769 120.575378 118.353386 0.000000 108.000000 120.391960 120.535179 120.080399 121.304024 120.629997 118.347504
5 121.437187 119.414574 116.649124 107.967339 0.000000 119.105530 119.457283 118.889450 120.208542 119.647499 116.559998
6 122.188438 120.211052 118.230576 120.379395 119.213570 0.000000 118.045227 102.487434 121.120605 120.504997 118.212502
7 122.135681 120.459801 118.619049 120.565323 119.582916 118.032661 0.000000 117.525124 121.379395 120.812500 118.495003
8 121.876884 120.148239 117.593987 120.050255 118.979897 102.497490 117.479897 0.000000 120.944725 120.434998 117.669998
9 122.469849 119.412064 119.541351 121.276382 120.306534 121.035179 121.309044 120.939697 0.000000 102.547501 119.245003
10 121.735001 118.612503 119.095001 120.480003 119.620003 120.402496 120.702499 120.375000 102.510002 0.000000 119.139999
11 120.129997 118.402496 94.294998 118.235001 116.512497 118.122498 118.397499 117.617500 119.182503 119.157501 0.000000
