11
1 0.000000 158.085999 160.638519 167.350342 161.022110 159.843536 163.830505 165.829926 164.191208 168.774414 160.013474
2 159.062393 0.000000 148.881958 158.811127 147.360870 149.757172 148.654297 149.671158 148.701523 162.996628 147.826599
3 160.886826 148.070831 0.000000 160.716217 129.320953 153.168915 155.638519 156.092911 156.108109 165.271042 119.634682
4 167.217682 157.893753 159.846283 0.000000 161.419083 162.469986 163.438980 166.116241 164.585449 163.653198 160.065659
5 161.574829 148.413147 129.685806 162.066437 0.000000 153.025558 155.338989 156.931854 155.945862 164.755890 129.291245
6 159.705780 149.052277 152.255066 162.497421 152.293015 0.000000 157.138977 158.068375 157.808792 163.484848 151.621216
7 164.535599 149.384491 155.633453 164.132202 154.822037 157.374573 0.000000 141.016953 139.974625 166.203705 155.796295
8 165.852036 149.927490 156.918915 167.880341 157.248718 159.735046 140.649155 0.000000 128.049072 168.282822 155.590912
9 164.441620 148.893753 156.195953 164.944168 155.840942 157.752960 140.023682 127.722504 0.000000 167.676773 155.405731
10 169.210434 163.208755 165.277771 164.898987 165.360275 163.853531 167.301346 167.675079 167.760941 0.000000 165.139725
11 160.858582 147.587540 119.651512 160.508423 129.368683 152.141418 154.961273 155.446121 155.599319 163.666672 0.000000
