11
1 0.000000 5.992043 5.989390 5.978780 5.968254 5.992043 5.992043 5.962963 5.984085 5.949868 5.952381
2 5.992043 0.000000 5.899204 5.981432 5.970900 5.978780 5.960212 5.941799 5.933687 5.939314 5.973545
3 5.984085 5.899204 0.000000 5.965517 5.965609 5.957560 5.870027 5.917989 5.275862 5.812665 5.962963
4 5.976127 5.978780 5.965517 0.000000 5.936508 5.970822 5.978780 5.957672 5.973475 5.949868 5.896825
5 5.968254 5.970900 5.968254 5.944445 0.000000 5.965609 5.976191 5.973545 5.973545 5.957784 5.939154
6 5.989390 5.978780 5.954907 5.970822 5.968254 0.000000 5.970822 5.957672 5.968170 5.936676 5.968254
7 5.989390 5.973475 5.870027 5.984085 5.976191 5.968170 0.000000 5.952381 5.793103 5.643799 5.970900
8 5.965609 5.949736 5.915344 5.968254 5.970900 5.960318 5.949736 0.000000 5.910053 5.926121 5.978836
9 5.984085 5.928382 5.281167 5.970822 5.978836 5.960212 5.795756 5.910053 0.000000 5.672823 5.968254
10 5.947229 5.928760 5.810026 5.947229 5.952507 5.936676 5.641161 5.920845 5.675462 0.000000 5.936676
11 5.952381 5.965609 5.962963 5.902116 5.939154 5.968254 5.965609 5.968254 5.962963 5.944591 0.000000
