11
1 0.000000 86.927490 86.956078 87.030609 87.715988 86.318024 87.801697 86.789116 87.428085 86.104378 86.037041
2 86.401352 0.000000 78.269814 78.160202 79.500847 80.799324 68.851601 81.268127 79.622261 78.104378 79.225586
3 87.082771 78.524452 0.000000 72.643578 78.587837 80.043922 79.565880 81.353043 78.687500 71.705391 68.757576
4 87.420067 78.799324 72.307434 0.000000 78.952301 80.895370 79.381355 80.880341 78.265648 63.572392 73.314812
5 87.309525 79.399666 77.780403 78.695061 0.000000 81.044296 80.055931 81.778534 70.488998 78.335014 78.626259
6 86.040817 80.844856 79.903717 81.006859 81.398636 0.000000 81.893219 71.032478 80.739426 79.000000 80.331650
7 87.237289 68.838112 79.300674 79.301697 80.406776 81.671188 0.000000 82.054237 80.433167 78.978111 79.468010
8 87.389458 81.747047 81.190880 81.078636 82.172058 70.676926 82.074577 0.000000 81.620979 79.912460 81.245789
9 87.478851 80.198990 79.072632 78.512688 70.406090 80.507614 80.441628 82.219963 0.000000 77.971382 79.299660
10 85.978111 78.185188 71.410774 63.500000 77.659935 79.181816 78.508415 79.806396 77.670036 0.000000 72.611115
11 85.856903 78.638046 68.291245 72.656563 78.292931 79.791245 78.885521 80.382156 78.801346 72.577438 0.000000
