11
1 0.000000 0.640703 0.639098 0.643216 0.643216 0.640703 0.638191 0.635678 0.638191 0.635000 0.632500
2 0.638191 0.000000 0.631579 0.638191 0.633166 0.625628 0.635678 0.628141 0.630653 0.627500 0.620000
3 0.636591 0.629073 0.000000 0.626566 0.626566 0.629073 0.626566 0.626566 0.636591 0.635000 0.610000
4 0.638191 0.638191 0.629073 0.000000 0.610553 0.633166 0.585427 0.613065 0.640703 0.642500 0.622500
5 0.640703 0.630653 0.629073 0.608040 0.000000 0.623116 0.608040 0.608040 0.633166 0.637500 0.602500
6 0.638191 0.625628 0.629073 0.635678 0.630653 0.000000 0.635678 0.625628 0.633166 0.625000 0.622500
7 0.635678 0.633166 0.629073 0.587940 0.603015 0.633166 0.000000 0.625628 0.638191 0.637500 0.620000
8 0.638191 0.630653 0.629073 0.623116 0.613065 0.630653 0.625628 0.000000 0.643216 0.637500 0.592500
9 0.640703 0.625628 0.636591 0.640703 0.635678 0.635678 0.638191 0.640703 0.000000 0.640000 0.635000
10 0.635000 0.632500 0.635000 0.642500 0.637500 0.625000 0.637500 0.637500 0.637500 0.000000 0.632500
11 0.632500 0.625000 0.610000 0.625000 0.610000 0.625000 0.625000 0.590000 0.635000 0.630000 0.000000
