11
1 0.000000 5.690955 5.674185 5.675879 5.688442 5.675879 5.685930 5.678392 5.685930 5.650000 5.645000
2 5.680904 0.000000 5.624060 5.638191 5.635678 5.653266 5.412060 5.650754 5.628141 5.607500 5.605000
3 5.671679 5.619048 0.000000 5.536341 5.606516 5.619048 5.619048 5.614035 5.573935 5.480000 5.420000
4 5.678392 5.633166 5.531328 0.000000 5.630653 5.643216 5.635678 5.633166 5.618091 5.102500 5.530000
5 5.685930 5.635678 5.609023 5.635678 0.000000 5.653266 5.623116 5.648241 5.479899 5.602500 5.580000
6 5.678392 5.650754 5.621554 5.643216 5.640704 0.000000 5.643216 5.462312 5.645729 5.595000 5.610000
7 5.678392 5.422111 5.619048 5.635678 5.610553 5.643216 0.000000 5.660804 5.620603 5.605000 5.607500
8 5.680904 5.645729 5.616541 5.628141 5.643216 5.467337 5.650754 0.000000 5.638191 5.612500 5.622500
9 5.680904 5.623116 5.558897 5.608040 5.474874 5.645729 5.613065 5.640704 0.000000 5.587500 5.582500
10 5.650000 5.610000 5.480000 5.107500 5.597500 5.602500 5.610000 5.615000 5.610000 0.000000 5.507500
11 5.645000 5.595000 5.417500 5.537500 5.572500 5.607500 5.597500 5.622500 5.582500 5.492500 0.000000
