11
1 0.000000 169.362564 169.876694 171.375854 172.158157 169.656464 172.110168 170.816330 171.521149 169.242432 170.111115
2 172.654297 0.000000 155.291733 155.494095 157.399658 158.875214 136.854980 160.057343 157.281616 154.427612 156.664978
3 170.332764 155.709946 0.000000 144.048981 154.358109 158.108109 156.758453 159.748306 154.212845 141.994949 135.809769
4 171.782318 154.198990 143.415543 0.000000 155.551956 158.061752 156.927124 159.456406 154.693741 125.565659 144.395630
5 173.891159 157.030350 154.800674 155.367966 0.000000 161.011932 158.699997 162.456558 140.160751 153.973068 155.616165
6 170.534012 158.033722 158.248306 159.073761 159.640549 0.000000 160.961014 140.172653 158.448395 156.159927 158.124573
7 172.745758 136.578415 156.905411 156.794922 157.603394 160.125427 0.000000 160.838989 157.742813 154.771042 156.508423
8 170.993195 159.364243 158.055740 159.355560 160.768311 140.288895 161.325424 0.000000 160.147202 156.531982 158.510101
9 171.932312 155.563232 153.597977 154.304565 139.463623 158.000000 156.927246 159.407776 0.000000 152.683502 154.710434
10 169.892258 154.084167 142.220535 126.067337 153.722229 155.572388 155.518524 157.898987 153.545456 0.000000 144.000000
11 171.811447 156.483170 136.365326 145.114471 155.173401 158.410782 157.063980 160.043777 155.673401 144.690231 0.000000
