11
1 0.000000 7.435013 7.445623 7.143236 6.910053 7.198939 7.525199 7.126984 6.952255 7.105541 6.957672
2 7.437666 0.000000 7.840849 7.535809 7.373016 7.652520 7.891247 7.219577 7.392573 7.525066 7.425926
3 7.448276 7.838196 0.000000 7.546419 7.269841 7.586207 6.870027 7.494709 7.299735 7.522428 7.325397
4 7.145889 7.533156 7.543766 0.000000 6.976191 7.201591 7.618037 7.243386 7.029178 7.216359 7.047619
5 6.915344 7.373016 7.269841 6.978836 0.000000 7.058201 7.351852 7.055555 6.825397 7.015831 6.801587
6 7.198939 7.649868 7.586207 7.201591 7.055555 0.000000 7.655172 7.325397 7.137931 7.298153 7.113757
7 7.530504 7.893899 6.872679 7.620690 7.351852 7.660478 0.000000 7.589947 7.392573 7.622691 7.380952
8 7.132275 7.219577 7.497355 7.243386 7.055555 7.328043 7.589947 0.000000 7.082011 7.195251 7.095238
9 6.954907 7.389920 7.302387 7.031830 6.825397 7.140584 7.392573 7.082011 0.000000 7.079155 6.857143
10 7.108180 7.522428 7.522428 7.216359 7.013193 7.300792 7.620053 7.192612 7.079155 0.000000 7.079155
11 6.962963 7.425926 7.328043 7.050264 6.801587 7.119048 7.378307 7.095238 6.857143 7.079155 0.000000
