11
1 0.000000 5.952255 5.936339 5.936339 5.920635 5.912467 5.973475 5.949736 5.931035 5.920845 5.949736
2 5.949602 0.000000 5.880637 5.877984 5.373016 5.793103 5.970822 5.928571 5.798409 5.897098 5.955027
3 5.925729 5.885942 0.000000 5.925729 5.894180 5.779841 5.970822 5.931217 5.769231 5.886544 5.944445
4 5.933687 5.875331 5.936339 0.000000 5.891534 5.795756 5.968170 5.925926 5.793103 5.897098 5.944445
5 5.923280 5.359788 5.899471 5.904762 0.000000 5.798942 5.955027 5.915344 5.772487 5.918206 5.941799
6 5.901857 5.777188 5.771883 5.795756 5.798942 0.000000 5.946949 5.904762 3.740053 5.823219 5.923280
7 5.973475 5.976127 5.970822 5.968170 5.949736 5.946949 0.000000 5.970900 5.954907 5.928760 5.965609
8 5.936508 5.928571 5.931217 5.928571 5.915344 5.899471 5.968254 0.000000 5.891534 5.947229 5.928571
9 5.923077 5.790451 5.763926 5.806366 5.775132 3.740053 5.952255 5.894180 0.000000 5.841689 5.931217
10 5.926121 5.912929 5.905013 5.899736 5.907652 5.841689 5.934037 5.952507 5.854881 0.000000 5.928760
11 5.941799 5.957672 5.947090 5.949736 5.941799 5.925926 5.965609 5.944445 5.933862 5.926121 0.000000
