11
1 0.000000 4.667791 4.665541 4.705782 4.802721 4.746599 4.769492 4.748299 4.698815 4.686869 4.678451
2 4.679595 0.000000 4.596964 4.612142 4.699831 4.637437 4.698145 4.642496 4.613828 4.592593 4.606061
3 4.672297 4.588533 0.000000 4.557433 4.701014 4.641892 4.694257 4.650338 4.626689 4.606061 4.611111
4 4.712585 4.605396 4.557433 0.000000 4.746167 4.713551 4.723729 4.711111 4.646362 4.621212 4.627946
5 4.831633 4.721754 4.728041 4.775128 0.000000 4.809199 4.774576 4.814310 4.769882 4.740741 4.745791
6 4.758503 4.635750 4.646959 4.718697 4.787053 0.000000 4.755932 4.702564 4.631134 4.651515 4.626263
7 4.776271 4.689713 4.694257 4.725424 4.745763 4.752542 0.000000 4.755932 4.727581 4.713805 4.712121
8 4.773809 4.652614 4.668919 4.728205 4.807496 4.716239 4.771186 0.000000 4.646362 4.666667 4.621212
9 4.708968 4.610456 4.630067 4.649746 4.746193 4.631134 4.730965 4.631134 0.000000 4.631313 4.585859
10 4.696970 4.589226 4.609427 4.624579 4.715488 4.651515 4.713805 4.653199 4.631313 0.000000 4.626263
11 4.702020 4.617845 4.629630 4.644781 4.734007 4.639730 4.723906 4.621212 4.599327 4.641414 0.000000
