11
1 0.000000 25.320955 25.305040 25.214853 25.169312 25.265251 25.403183 25.256615 25.421751 25.055408 25.142857
2 25.318302 0.000000 21.923077 22.082228 22.103174 22.063660 24.700266 22.994709 24.557030 22.696569 22.378307
3 25.312998 21.912466 0.000000 21.604774 21.955027 21.809019 24.506632 22.444445 24.482759 22.548813 22.105820
4 25.190981 22.084881 21.604774 0.000000 22.105820 22.111406 24.501326 22.687830 24.400530 22.437994 22.219576
5 25.171957 22.108465 21.941799 22.105820 0.000000 22.005291 24.568783 22.801588 24.529100 22.612137 21.917990
6 25.251989 22.053051 21.782494 22.116711 21.994709 0.000000 24.578249 22.706348 24.564987 22.406332 22.402117
7 25.400530 24.708223 24.511936 24.496021 24.571428 24.583555 0.000000 24.576719 22.291777 24.448549 24.492064
8 25.264551 22.992064 22.452381 22.685184 22.801588 22.695766 24.582010 0.000000 24.542328 22.321899 23.021164
9 25.424402 24.549072 24.485411 24.400530 24.518518 24.554377 22.281168 24.531746 0.000000 24.348286 24.547619
10 25.076517 22.699209 22.546175 22.435356 22.598944 22.408972 24.445910 22.329815 24.358839 0.000000 22.448549
11 25.145502 22.391535 22.111111 22.216930 21.939154 22.410053 24.502645 23.031746 24.555555 22.451187 0.000000
