11
1 0.000000 0.246206 0.278716 0.299320 0.267007 0.299320 0.257627 0.311224 0.285956 0.291246 0.318182
2 0.244519 0.000000 0.193929 0.225970 0.183811 0.220911 0.148398 0.241147 0.224283 0.198653 0.272727
3 0.290541 0.204047 0.000000 0.270270 0.222973 0.258446 0.204392 0.287162 0.260135 0.247475 0.296296
4 0.309524 0.229342 0.265203 0.000000 0.228279 0.293310 0.247458 0.302564 0.143824 0.286195 0.304714
5 0.267007 0.185497 0.224662 0.226576 0.000000 0.238501 0.186441 0.255537 0.218274 0.230640 0.259259
6 0.314626 0.231029 0.265203 0.291595 0.240204 0.000000 0.232203 0.208547 0.294416 0.196970 0.324916
7 0.262712 0.155143 0.201014 0.240678 0.189831 0.230508 0.000000 0.244068 0.233503 0.222222 0.269360
8 0.314626 0.241147 0.270270 0.294017 0.255537 0.200000 0.235593 0.000000 0.304569 0.134680 0.331650
9 0.299492 0.232715 0.255068 0.143824 0.219966 0.296108 0.236887 0.309645 0.000000 0.287879 0.292929
10 0.301347 0.208754 0.247475 0.289562 0.239057 0.195286 0.225589 0.144781 0.286195 0.000000 0.314815
11 0.335017 0.286195 0.309764 0.306397 0.269360 0.336700 0.282828 0.341751 0.294613 0.313131 0.000000
