11
1 0.000000 78.834740 82.937500 84.175171 84.331635 83.962585 84.694916 83.263603 82.964470 83.043770 81.368690
2 79.059021 0.000000 71.446877 72.779091 72.264755 73.881958 74.801010 71.440132 72.595276 72.397308 70.095963
3 83.910477 71.607086 0.000000 70.288849 56.844593 77.680740 78.415543 61.123310 76.293922 66.040405 74.483162
4 84.811226 73.247894 70.726349 0.000000 71.625214 81.039452 80.427116 71.338463 78.353638 70.964645 75.587540
5 84.001701 71.575043 56.780407 70.872231 0.000000 78.555367 78.330505 62.091991 76.588829 66.084175 73.626259
6 85.284012 73.715012 78.347977 80.725555 79.211243 0.000000 62.047459 78.786324 78.417938 77.979797 75.819862
7 84.793221 74.246208 78.201012 79.966103 78.423729 61.947456 0.000000 78.208473 79.231812 78.597641 75.412460
8 83.814629 71.382797 61.344593 71.063248 62.349232 78.336754 78.711861 0.000000 76.742805 65.925926 73.710434
9 83.236885 72.595276 76.222977 78.011841 76.204735 78.392555 78.935699 76.307953 0.000000 76.707069 74.538719
10 83.540405 72.515152 66.106064 70.745789 66.175087 78.218857 78.989899 65.927612 77.267677 0.000000 74.941078
11 81.018517 70.102692 74.415825 74.723907 73.861954 75.094276 75.491585 73.710434 74.540405 74.769363 0.000000
