11
1 0.000000 4.849246 4.847118 4.819096 4.859296 4.819096 4.907035 4.841709 4.786432 4.815000 4.817500
2 4.841709 0.000000 4.726817 4.726130 4.871859 4.804020 4.907035 4.851759 4.701005 4.797500 4.817500
3 4.847118 4.729323 0.000000 4.711780 4.849624 4.774436 4.864662 4.849624 4.719298 4.777500 4.815000
4 4.819096 4.733668 4.711780 0.000000 4.846734 4.741206 4.896985 4.839196 4.557789 4.737500 4.735000
5 4.856784 4.876884 4.842105 4.844221 0.000000 4.816583 4.454774 4.575377 4.846734 4.670000 4.832500
6 4.821608 4.814070 4.776942 4.741206 4.819096 0.000000 4.864322 4.809045 4.758794 4.707500 4.570000
7 4.902010 4.914573 4.854637 4.894473 4.449749 4.861809 0.000000 4.613065 4.894473 4.725000 4.852500
8 4.839196 4.856784 4.847118 4.841709 4.572865 4.804020 4.618091 0.000000 4.809045 4.632500 4.815000
9 4.788945 4.713568 4.726817 4.567839 4.861809 4.758794 4.904522 4.816583 0.000000 4.737500 4.770000
10 4.810000 4.797500 4.775000 4.732500 4.667500 4.700000 4.727500 4.627500 4.727500 0.000000 4.712500
11 4.812500 4.822500 4.807500 4.735000 4.837500 4.567500 4.852500 4.812500 4.762500 4.717500 0.000000
