11
1 0.000000 250.580399 249.837097 250.552765 250.698486 250.741211 250.748749 250.809052 250.728638 249.505005 249.382507
2 250.417084 0.000000 222.511276 248.115585 249.532669 249.414566 249.932159 249.756287 249.630646 248.382507 247.320007
3 249.553879 222.388474 0.000000 247.390976 248.541351 248.563904 249.200500 248.967422 248.756897 248.187500 246.889999
4 250.404526 248.012558 247.476196 0.000000 249.007538 243.994980 249.537689 246.736176 247.658295 246.824997 243.642502
5 250.542709 249.510056 248.616547 249.077896 0.000000 249.670853 244.547745 250.140701 249.778900 248.497498 248.000000
6 250.650757 249.376877 248.664154 244.057785 249.663315 0.000000 250.113068 244.801514 248.949753 247.842499 246.587494
7 250.678391 249.964828 249.363403 249.655777 244.557785 250.138184 0.000000 250.414566 250.198486 249.074997 248.482498
8 250.603012 249.695984 249.107773 246.753769 250.130646 244.726135 250.336685 0.000000 249.542709 248.419998 247.602493
9 250.811554 249.829147 249.102753 247.909546 249.992462 249.130646 250.356781 249.781403 0.000000 245.845001 247.095001
10 249.407501 248.357498 248.330002 246.857498 248.472504 247.850006 249.032501 248.422501 245.657501 0.000000 246.947495
11 249.227493 247.232498 246.982498 243.647507 247.994995 246.577499 248.464996 247.554993 246.869995 246.904999 0.000000
