11
1 0.000000 260.217499 261.270569 261.387268 258.933868 260.350128 261.389923 259.373016 261.469482 260.131927 260.740753
2 260.236084 0.000000 259.538452 259.790436 244.100525 231.095490 260.063660 229.592590 260.310333 259.348297 258.986786
3 261.278503 259.551727 0.000000 227.848801 257.542328 259.564972 253.840851 258.955017 254.395218 255.192612 245.335983
4 261.384613 259.779846 227.832886 0.000000 258.042328 259.819641 254.474808 259.171967 255.116714 255.419525 246.970901
5 258.925934 244.100525 257.529114 258.034393 0.000000 244.158737 258.521179 244.190475 258.621704 258.467010 257.661377
6 260.363403 231.084885 259.549072 259.814331 244.169312 0.000000 260.053040 230.613754 260.267914 259.577850 258.976196
7 261.413788 260.066315 253.872681 254.490723 258.531738 260.068970 0.000000 259.359802 229.129974 256.102905 253.738098
8 259.383606 229.574081 258.955017 259.182526 244.198410 230.616409 259.333344 0.000000 259.338623 259.432709 258.925934
9 261.493378 260.305054 254.376663 255.111404 258.619049 260.262604 229.137924 259.343903 0.000000 256.000000 254.275131
10 260.131927 259.343018 255.189972 255.435364 258.490753 259.569916 256.079163 259.422150 255.992081 0.000000 255.258575
11 260.751312 258.989410 245.343918 246.965607 257.679901 258.984131 253.735443 258.933868 254.275131 255.284958 0.000000
