11
1 0.000000 5.957560 5.915119 5.957560 5.952381 5.949602 5.960212 5.947090 5.954907 5.920845 5.949736
2 5.954907 0.000000 5.840849 5.872679 5.671957 5.785146 5.824934 5.142857 5.291777 5.799472 5.915344
3 5.920424 5.824934 0.000000 5.854111 5.830688 5.769231 5.793103 5.761905 5.787798 5.781003 5.915344
4 5.957560 5.867374 5.854111 0.000000 5.891534 5.859416 5.936339 5.825397 5.848806 5.862797 5.833333
5 5.957672 5.661376 5.833333 5.880952 0.000000 5.838624 5.825397 5.579365 5.595238 5.825858 5.923280
6 5.944297 5.774536 5.777188 5.854111 5.846561 0.000000 5.777188 5.714286 5.761273 5.430079 5.910053
7 5.970822 5.835544 5.806366 5.936339 5.814815 5.771883 0.000000 5.756614 5.785146 5.783641 5.923280
8 5.944445 5.140212 5.785714 5.822752 5.579365 5.716931 5.746032 0.000000 5.092593 5.733509 5.904762
9 5.952255 5.294430 5.798409 5.854111 5.589947 5.750663 5.795756 5.089947 0.000000 5.744063 5.917989
10 5.931398 5.817942 5.794195 5.873351 5.828496 5.437995 5.786280 5.746702 5.773087 0.000000 5.891820
11 5.952381 5.923280 5.910053 5.830688 5.931217 5.902116 5.915344 5.904762 5.917989 5.883905 0.000000
