11
1 0.000000 10.183417 10.150376 10.113066 10.211055 10.057789 10.258794 10.206030 10.115578 10.067500 10.015000
2 10.180904 0.000000 9.959900 9.977386 10.288945 10.206030 10.263819 10.218593 10.015076 10.120000 10.185000
3 10.147870 9.962406 0.000000 9.829574 10.235589 10.105263 10.233083 10.170426 9.887218 10.077500 10.105000
4 10.113066 9.972362 9.827067 0.000000 10.175879 10.027638 10.246231 10.160804 9.643216 10.027500 10.042500
5 10.213568 10.286432 10.245614 10.183417 0.000000 10.135678 9.329145 9.572865 10.233668 9.717500 10.135000
6 10.067840 10.216081 10.110275 10.040201 10.135678 0.000000 10.206030 10.160804 10.092965 10.072500 9.650000
7 10.251256 10.256282 10.233083 10.243718 9.326633 10.203518 0.000000 9.592965 10.261307 9.805000 10.200000
8 10.208543 10.218593 10.165414 10.153266 9.572865 10.150754 9.590452 0.000000 10.148241 9.652500 10.127500
9 10.123116 10.017588 9.899750 9.640703 10.233668 10.090452 10.263819 10.155779 0.000000 10.015000 10.022500
10 10.065000 10.120000 10.072500 10.020000 9.710000 10.062500 9.800000 9.650000 10.010000 0.000000 10.027500
11 10.017500 10.190000 10.110000 10.045000 10.140000 9.650000 10.215000 10.135000 10.030000 10.037500 0.000000
