11
1 0.000000 6.932546 6.743243 6.850340 6.773809 6.707483 6.600000 6.867347 6.668359 6.742424 7.245791
2 6.846543 0.000000 6.526138 6.819561 6.698145 6.224283 6.548061 6.212479 6.391231 6.688552 7.122896
3 6.684122 6.554806 0.000000 6.601351 6.451014 6.202703 6.290541 6.283784 5.773649 6.468013 7.008418
4 6.857143 6.902192 6.645270 0.000000 6.672913 6.624357 6.498305 6.791453 6.602369 6.607744 6.902357
5 6.753401 6.718381 6.488176 6.664395 0.000000 6.468484 6.055932 6.603066 6.411168 6.101010 6.988215
6 6.678571 6.286678 6.238176 6.660378 6.465076 0.000000 6.311864 6.124786 6.152284 6.429293 6.905724
7 6.540678 6.509275 6.263514 6.479661 6.050848 6.240678 0.000000 6.333898 6.187817 6.030303 6.757576
8 6.797619 6.188870 6.290541 6.743590 6.596252 6.071795 6.350847 0.000000 6.235195 6.511785 6.971380
9 6.595601 6.384486 5.746622 6.505922 6.397631 6.055838 6.179357 6.219966 0.000000 6.348485 6.818182
10 6.690236 6.735690 6.469697 6.606061 6.124579 6.400673 6.042088 6.555555 6.387206 0.000000 7.106061
11 7.178451 7.166667 7.023569 6.883838 6.976431 6.845118 6.801347 6.956229 6.840067 7.119529 0.000000
