11
1 0.000000 17.291737 17.907095 18.015306 17.795918 17.690475 18.033897 17.933674 18.060913 18.138046 17.516834
2 17.178753 0.000000 16.303541 16.713322 16.612143 15.431704 16.762226 16.016863 15.504216 16.880472 16.336700
3 17.961149 16.232716 0.000000 16.581081 16.266891 16.717905 16.395269 16.290541 17.150337 17.531986 15.823233
4 18.028912 16.819561 16.572636 0.000000 14.247019 17.015438 13.432203 15.353847 17.421320 17.688553 15.473064
5 17.789116 16.504215 16.359797 14.170358 0.000000 16.686543 14.215254 15.095401 17.255499 17.698652 15.107744
6 17.731293 15.414840 16.812500 17.078901 16.693356 0.000000 17.108475 16.509401 16.648054 16.358585 16.151516
7 17.961018 16.797640 16.582769 13.483051 14.242373 17.062712 0.000000 15.250848 17.353638 17.919191 15.535354
8 18.062925 16.057335 16.133446 15.410256 15.126064 16.263248 15.228813 0.000000 17.199661 17.297979 14.675084
9 18.028765 15.438449 17.162163 17.389172 17.368866 16.661591 17.392555 17.011845 0.000000 17.498316 17.089226
10 18.208754 16.890572 17.622896 17.676767 17.686869 16.279461 17.819866 17.114479 17.668350 0.000000 17.244108
11 17.498316 16.213804 15.792930 15.597643 15.144781 16.164984 15.526936 14.664983 16.868687 17.252525 0.000000
