11
1 0.000000 13.087689 13.141891 13.158163 13.258503 13.267007 13.105084 13.207483 13.001692 13.038720 13.048821
2 12.978078 0.000000 12.075886 12.111299 12.072513 12.276560 12.156830 12.114671 12.087689 12.047138 12.021886
3 13.214527 12.161889 0.000000 12.403716 10.596284 12.484797 12.398648 12.373311 12.246622 12.350168 10.686869
4 13.192177 12.131535 12.383446 0.000000 12.412266 12.668954 12.440678 11.326496 12.358714 10.936027 12.249158
5 13.289116 12.156830 10.603041 12.437819 0.000000 12.454855 12.267797 12.361158 12.221658 12.296296 10.722222
6 13.238095 12.229342 12.395270 12.624357 12.449744 0.000000 11.972881 12.582906 11.617598 12.367003 12.291245
7 13.266102 12.161889 12.314189 12.435594 12.240678 11.966102 0.000000 12.374577 11.724196 12.294613 12.132997
8 13.210884 12.160202 12.380068 11.341881 12.376491 12.639317 12.371186 0.000000 12.351946 11.121212 12.190236
9 13.086294 12.089376 12.206081 12.340101 12.143824 11.580372 11.712352 12.326565 0.000000 12.247475 12.038720
10 13.060606 11.996633 12.245791 10.858586 12.186869 12.415825 12.205387 11.060606 12.228956 0.000000 12.141414
11 13.119529 12.077441 10.725589 12.269361 10.754209 12.368687 12.185185 12.291245 12.092592 12.277778 0.000000
