11
1 0.000000 23.178392 23.380953 23.688442 23.319096 23.447237 23.439699 23.655779 23.434673 23.567499 23.395000
2 23.185930 0.000000 22.263159 22.520100 21.655779 22.557789 22.439699 22.515076 20.909548 23.067499 22.360001
3 23.383459 22.223057 0.000000 23.092731 22.621553 20.388472 22.984962 23.097744 22.749372 23.309999 22.347500
4 23.683416 22.517588 23.100250 0.000000 21.912060 23.198492 23.261307 23.155779 22.954773 23.567499 23.007500
5 23.356785 21.655779 22.629072 21.927135 0.000000 22.859297 22.849247 22.698492 22.248743 23.257500 22.535000
6 23.494974 22.575377 20.413534 23.195980 22.854271 0.000000 23.231155 23.391960 22.944723 23.462500 22.572500
7 23.457287 22.427135 23.012531 23.271357 22.826633 23.206030 0.000000 23.268845 22.869347 22.627501 22.995001
8 23.645729 22.510050 23.100250 23.150753 22.673367 23.354271 23.268845 0.000000 22.819096 23.447500 23.072500
9 23.457287 20.927135 22.796993 22.939699 22.241205 22.954773 22.856785 22.841709 0.000000 23.297501 22.780001
10 23.587500 23.049999 23.330000 23.570000 23.250000 23.432501 22.642500 23.434999 23.267500 0.000000 23.420000
11 23.430000 22.379999 22.370001 23.012501 22.535000 22.600000 23.007500 23.084999 22.797501 23.430000 0.000000
