11
1 0.000000 178.033722 175.932434 171.316330 178.836731 179.115646 178.272888 181.219391 176.054138 177.555557 174.723907
2 178.499161 0.000000 156.354126 175.654297 180.279938 170.306915 161.222595 163.969650 152.919052 157.234009 178.383835
3 177.630066 155.978073 0.000000 170.440872 178.417236 161.555740 143.344589 153.771957 121.694260 137.671722 174.755890
4 171.724487 174.652618 168.672302 0.000000 159.787048 175.871353 173.852539 178.025635 167.868027 169.387207 153.705383
5 178.619049 179.994934 177.613174 158.703583 0.000000 181.817719 180.362717 182.490631 177.470383 177.750839 169.397308
6 180.051025 168.915680 159.952698 176.440826 182.601364 0.000000 166.132202 170.054703 158.104904 161.372055 177.683502
7 180.740677 161.111298 143.645264 174.015259 181.198303 167.384750 0.000000 161.457626 140.433167 132.927612 176.617844
8 182.760208 163.360870 154.462845 179.082047 184.459961 171.818802 160.125427 0.000000 152.240265 156.471375 178.914139
9 175.106598 152.684662 121.383446 166.983078 177.372253 158.094757 139.438248 150.729279 0.000000 133.127945 172.575760
10 176.139725 157.513474 137.398987 170.777771 178.387207 162.028625 132.769363 156.210434 133.380478 0.000000 176.316498
11 175.340073 178.910782 174.141418 154.616165 169.609421 178.085861 175.821548 178.981476 173.276093 175.612793 0.000000
