11
1 0.000000 10.836683 10.942356 11.198492 10.949749 11.301508 10.834171 11.402010 11.301508 11.270000 11.305000
2 10.826633 0.000000 10.263158 10.922111 10.429648 10.884422 9.597990 10.891960 10.917086 10.760000 11.037500
3 10.952381 10.263158 0.000000 10.984962 10.526316 10.904762 10.047619 10.992481 11.005013 10.860000 11.065000
4 11.213568 10.927135 10.969925 0.000000 10.640703 11.314071 10.909548 11.394472 8.695980 11.337500 11.097500
5 10.964824 10.437186 10.553885 10.645729 0.000000 11.010050 10.384422 11.113066 10.660804 10.967500 10.922500
6 11.301508 10.876884 10.904762 11.319096 11.000000 0.000000 10.786432 10.258794 11.304020 10.125000 11.425000
7 10.839196 9.595477 10.055138 10.909548 10.371860 10.778894 0.000000 10.846734 10.859297 10.735000 10.935000
8 11.409548 10.904523 10.992481 11.391960 11.092965 10.253769 10.844221 0.000000 11.402010 9.107500 11.405000
9 11.293970 10.917086 11.007519 8.690955 10.638191 11.309045 10.859297 11.404523 0.000000 11.245000 11.120000
10 11.270000 10.772500 10.855000 11.340000 10.952500 10.127500 10.735000 9.112500 11.255000 0.000000 11.392500
11 11.310000 11.052500 11.072500 11.117500 10.910000 11.422500 10.945000 11.410000 11.132500 11.400000 0.000000
