11
1 0.000000 81.079262 81.954391 82.664963 80.270409 81.967690 83.599998 81.663269 83.505920 84.070709 82.306396
2 81.136597 0.000000 77.979767 78.809441 65.880272 62.386173 79.222595 62.001686 79.284988 79.664986 78.138046
3 81.929054 78.293427 0.000000 61.114864 75.608109 78.062500 72.302368 77.665543 72.543922 74.740738 67.060608
4 82.666664 78.780777 61.111488 0.000000 77.492332 80.168098 73.338982 79.861542 73.568527 75.429291 67.500000
5 79.761902 65.944351 75.506760 77.109032 0.000000 66.620102 77.703392 66.487221 77.538071 78.329964 75.678452
6 82.020409 62.768970 78.501686 80.754715 66.756386 0.000000 80.081352 64.020515 79.778343 80.654884 78.937714
7 83.483047 79.284988 72.096283 73.315254 77.922035 80.177963 0.000000 79.215256 62.461929 76.378784 72.690239
8 81.794220 62.126476 78.087837 79.470085 66.473595 63.591454 79.645760 0.000000 79.289337 80.614479 77.779465
9 83.162437 79.205734 72.346283 73.558372 78.265648 79.233505 62.463619 79.126907 0.000000 76.077438 72.535355
10 83.516838 80.143097 75.102692 75.067337 78.186867 80.518517 76.250839 80.191917 76.005051 0.000000 74.835014
11 81.993263 78.622894 67.117844 67.614479 75.791245 78.441078 72.407410 77.930977 72.230637 74.769363 0.000000
