30
Orycteropus_afer 0.000000 0.704094 0.673182 0.636345 0.675330 0.776650 0.652386 0.735448 0.732049 0.747200 0.674747 0.652602 0.717361 0.640714 0.719391 0.688528 0.667139 0.665383 0.678376 0.646701 0.724138 0.653893 0.754049 0.673503 0.657259 0.677360 0.714721 0.740508 0.683046 0.664504
Loxodonta_africana 0.723348 0.000000 0.761838 0.750507 0.766923 0.867248 0.744224 0.818948 0.845156 0.802200 0.759798 0.743822 0.815932 0.688893 0.786583 0.765505 0.764992 0.758816 0.753344 0.777462 0.770774 0.739360 0.807692 0.743210 0.741589 0.757803 0.804621 0.817187 0.744021 0.744021
Lama_pacos 0.696353 0.804151 0.000000 0.628048 0.683861 0.803345 0.610518 0.801485 0.765666 0.803600 0.664719 0.619249 0.757192 0.699980 0.779569 0.719525 0.718719 0.639935 0.631473 0.655249 0.770703 0.625227 0.778763 0.594399 0.621197 0.723151 0.755994 0.751360 0.703808 0.681241
Equus_asinus 0.658274 0.734293 0.605884 0.000000 0.613382 0.784462 0.580750 0.765957 0.709128 0.731000 0.583434 0.567812 0.698250 0.642944 0.726754 0.682300 0.647690 0.600730 0.604201 0.572997 0.704868 0.469181 0.732794 0.577692 0.237475 0.679357 0.709013 0.725223 0.640796 0.581796
Odobenus_rosmarus_rosmarus 0.705381 0.763478 0.680032 0.633313 0.000000 0.824080 0.630466 0.768567 0.773834 0.773600 0.569495 0.574643 0.757192 0.691809 0.750661 0.736628 0.709684 0.646737 0.668497 0.496543 0.757201 0.589213 0.767814 0.657718 0.596909 0.738052 0.766524 0.749391 0.682243 0.659031
Tachyglossus_aculeatus 0.785584 0.854884 0.809389 0.799347 0.815131 0.000000 0.768460 0.761742 0.832454 0.756200 0.805050 0.777175 0.792999 0.779400 0.838413 0.799755 0.789506 0.791244 0.793907 0.758438 0.803043 0.765410 0.852227 0.779343 0.782281 0.801914 0.777869 0.819659 0.787688 0.794243
Bos_taurus 0.661523 0.743413 0.600645 0.569943 0.626602 0.772142 0.000000 0.714974 0.724138 0.737200 0.616364 0.597951 0.733052 0.668694 0.711677 0.686860 0.682536 0.614714 0.582498 0.607157 0.712779 0.566910 0.737247 0.563993 0.566395 0.675489 0.697106 0.726036 0.635514 0.603892
Trichosurus_vulpecula 0.746287 0.787234 0.758932 0.754115 0.753513 0.742473 0.722200 0.000000 0.784424 0.500200 0.721999 0.726817 0.766158 0.762947 0.764552 0.726817 0.728623 0.728623 0.737656 0.742272 0.749498 0.723003 0.794460 0.743878 0.717784 0.728422 0.731634 0.769570 0.748695 0.729827
Hylobates_lar 0.754970 0.845967 0.749345 0.724949 0.782353 0.837931 0.745639 0.802288 0.000000 0.816000 0.763636 0.777175 0.784953 0.765410 0.810548 0.764097 0.766815 0.764086 0.777282 0.743813 0.819270 0.728710 0.604656 0.742393 0.726166 0.766531 0.777282 0.471197 0.790264 0.749848
Macropus_robustus 0.736000 0.783200 0.762800 0.731200 0.759800 0.753000 0.738400 0.510200 0.781200 0.000000 0.741400 0.733400 0.779800 0.744400 0.762800 0.749200 0.767800 0.747200 0.769400 0.741600 0.762800 0.724200 0.809800 0.728400 0.742600 0.755800 0.728200 0.783600 0.761600 0.732600
Canis_familiaris 0.688081 0.759394 0.638928 0.600808 0.579798 0.810101 0.599798 0.753312 0.753737 0.748800 0.000000 0.541692 0.714947 0.690909 0.762424 0.686465 0.677172 0.652525 0.629697 0.540808 0.724242 0.594949 0.768485 0.626465 0.594141 0.699394 0.724646 0.771313 0.675960 0.632323
Felis_catus 0.672493 0.735785 0.608600 0.563994 0.578662 0.763914 0.592927 0.730229 0.732570 0.735600 0.542696 0.000000 0.696604 0.657826 0.698413 0.663452 0.650593 0.598152 0.632710 0.537271 0.721117 0.561985 0.752662 0.610207 0.554953 0.655415 0.715089 0.726743 0.628290 0.604782
Cavia_porcellus 0.720781 0.795413 0.741300 0.726413 0.753973 0.795011 0.708308 0.772180 0.788574 0.779000 0.740294 0.710870 0.000000 0.724402 0.751358 0.731442 0.718970 0.715953 0.728827 0.728827 0.700262 0.729028 0.789177 0.720579 0.720177 0.721988 0.759002 0.814927 0.753772 0.739087
Dugong_dugon 0.673560 0.702473 0.688092 0.653690 0.680454 0.790754 0.697689 0.776395 0.747161 0.781800 0.700000 0.682138 0.741300 0.000000 0.776358 0.747972 0.683347 0.717673 0.700933 0.664234 0.760341 0.651054 0.790081 0.692417 0.642944 0.695255 0.741281 0.762571 0.770884 0.680113
Echinosorex_gymnura 0.704772 0.767937 0.752569 0.721248 0.737035 0.795050 0.718859 0.765355 0.787627 0.768800 0.711717 0.698815 0.739690 0.745539 0.000000 0.725338 0.722042 0.682205 0.732570 0.696015 0.749899 0.686131 0.788462 0.746887 0.722811 0.730049 0.728263 0.806255 0.733848 0.713967
Sciurus_vulgaris 0.710254 0.770166 0.704211 0.679853 0.717104 0.779096 0.687679 0.757728 0.726775 0.773600 0.687273 0.676713 0.707705 0.711273 0.730454 0.000000 0.665721 0.707539 0.711102 0.671614 0.718661 0.664436 0.754858 0.707491 0.658045 0.679153 0.706508 0.733144 0.680821 0.710521
Lepus_europaeus 0.669571 0.744327 0.671771 0.643233 0.704417 0.766815 0.668760 0.754316 0.721232 0.749600 0.660808 0.659032 0.713539 0.670989 0.715559 0.650324 0.000000 0.660859 0.682942 0.667139 0.698947 0.633914 0.754453 0.686183 0.650729 0.667950 0.684765 0.741694 0.671596 0.660049
Talpa_europaea 0.669639 0.749899 0.622406 0.599919 0.633766 0.781921 0.613904 0.741269 0.770166 0.741400 0.622828 0.602371 0.701670 0.692744 0.689096 0.674301 0.661669 0.000000 0.648966 0.621808 0.718484 0.595257 0.753441 0.635184 0.590596 0.690717 0.681394 0.752128 0.629510 0.615322
Balaenoptera_physalus 0.688731 0.766315 0.608301 0.621126 0.661786 0.802903 0.571049 0.767563 0.751521 0.784600 0.651717 0.655214 0.715148 0.694444 0.756287 0.711715 0.708266 0.649777 0.000000 0.657178 0.750304 0.600770 0.736842 0.562768 0.599185 0.696050 0.748109 0.737409 0.658472 0.645044
Halichoerus_grypus 0.651777 0.760235 0.616160 0.572184 0.477023 0.760268 0.596177 0.728021 0.711562 0.732600 0.532121 0.539482 0.698853 0.650446 0.703538 0.673038 0.670989 0.616741 0.648028 0.000000 0.716633 0.553325 0.752632 0.601057 0.573811 0.655348 0.711061 0.728676 0.641203 0.608352
Thryonomys_swinderianus 0.734483 0.761046 0.725166 0.699594 0.735091 0.784178 0.713185 0.760337 0.776268 0.764400 0.718384 0.717501 0.693623 0.741687 0.756795 0.725355 0.709481 0.719497 0.731846 0.728803 0.000000 0.702352 0.780972 0.744625 0.710751 0.724544 0.716633 0.800811 0.723935 0.728157
Rhinoceros_unicornis 0.660989 0.744629 0.594197 0.474047 0.608678 0.762774 0.556975 0.747491 0.707826 0.738000 0.586667 0.555556 0.698049 0.656529 0.717964 0.674980 0.651135 0.594649 0.609692 0.562855 0.699108 0.000000 0.738866 0.587997 0.471208 0.679035 0.719384 0.720195 0.634631 0.594364
Papio_hamadryas 0.789271 0.820850 0.782188 0.752834 0.784818 0.856680 0.763563 0.806503 0.608300 0.822000 0.792121 0.781193 0.795816 0.782996 0.820040 0.776316 0.793117 0.777530 0.763968 0.761741 0.805466 0.744939 0.000000 0.768421 0.725708 0.779555 0.809514 0.589271 0.808704 0.749798
Hippopotamus_amphibius 0.680203 0.745642 0.590369 0.581362 0.648770 0.789141 0.568279 0.752910 0.733874 0.761400 0.604242 0.618646 0.720378 0.699716 0.748520 0.692794 0.710292 0.649980 0.551745 0.613257 0.749696 0.587388 0.757287 0.000000 0.583299 0.689536 0.737293 0.732535 0.659285 0.632475
Equus_caballus 0.660711 0.750709 0.606891 0.242159 0.608908 0.799593 0.570265 0.767362 0.724746 0.751400 0.577980 0.579666 0.712332 0.645377 0.757230 0.673931 0.670178 0.598298 0.592261 0.569947 0.721907 0.469586 0.739676 0.575153 0.000000 0.672435 0.719552 0.711617 0.644860 0.576323
Cephalopachus_bancanus 0.683452 0.731455 0.685070 0.671213 0.710799 0.775041 0.661849 0.745885 0.777282 0.768400 0.689091 0.661443 0.710119 0.679643 0.745114 0.673046 0.680713 0.666599 0.673249 0.671208 0.722718 0.669303 0.742105 0.680985 0.662459 0.000000 0.702362 0.735784 0.693621 0.707886
Mouse 0.719594 0.770166 0.721338 0.702692 0.747814 0.784414 0.687256 0.755721 0.757809 0.736400 0.699192 0.701226 0.724603 0.738443 0.731141 0.702210 0.704011 0.684029 0.745246 0.740342 0.721095 0.701541 0.772065 0.712186 0.693686 0.707655 0.000000 0.756093 0.708045 0.711535
Homo_sapiens 0.743959 0.812525 0.762039 0.719740 0.763201 0.820877 0.733347 0.778202 0.462272 0.817600 0.747071 0.744424 0.791994 0.754866 0.835703 0.733144 0.739870 0.760235 0.739846 0.749391 0.783570 0.731549 0.590283 0.734159 0.714663 0.733550 0.749391 0.000000 0.751422 0.735658
Artibeus_jamaicensis 0.699086 0.754560 0.690913 0.631451 0.667818 0.774888 0.641609 0.759735 0.769777 0.776400 0.667677 0.646775 0.750754 0.748581 0.734458 0.706217 0.698947 0.625253 0.659691 0.665380 0.727992 0.642539 0.792510 0.665786 0.634092 0.713531 0.722064 0.785946 0.000000 0.628015
Pteropus_scapulatus 0.664910 0.745237 0.627846 0.586256 0.642206 0.767282 0.594567 0.741269 0.756740 0.748800 0.633333 0.608800 0.714947 0.670383 0.740320 0.713156 0.666734 0.613498 0.636530 0.612609 0.722684 0.584229 0.735223 0.633286 0.572674 0.684168 0.716602 0.734442 0.620718 0.000000
